time,paw,flow,vol,pmus
0,7.45842278318625,-0.02348031611734,0,0
0.01,7.44327688821383,-0.0160142369950657,-2.55563645760969e-06,-0.00039426
0.02,7.4877633888058,-0.0110944298066697,-1.30956857391631e-05,-0.00157084
0.03,7.51088292603391,-0.00662276014372556,-2.94204428310969e-05,-0.00351118
0.04,7.50358869788251,-0.00248776452141777,-4.72282271816858e-05,-0.00618467
0.05,7.49718144004593,0.000862153252965442,-6.28063026742076e-05,-0.00954915
0.06,7.4497551644396,-0.00292947716498884,-7.37632149378534e-05,-0.01355157
0.07,7.44768221772051,0.000192250895986357,-7.87353659811835e-05,-0.0181288
0.08,7.40741422461263,0.00217204110714649,-7.70454535387308e-05,-0.02320866
0.09,7.39736658337315,-0.000682367607632843,-6.8480398713573e-05,-0.02871104
0.1,7.35859464739853,-0.00826645072527973,-5.34900002628184e-05,-0.03454915
0.11,7.35234505712738,-0.00389210895665908,-3.31146238119892e-05,-0.04063093
0.12,7.4215652331886,-0.00635960579591179,-9.13946588799275e-06,-0.04686047
0.13,7.49621559059332,-0.00186243961573556,1.6759458384049e-05,-0.05313953
0.14,7.53499438015474,-0.0047255379322499,4.35244625220456e-05,-0.05936907
0.15,7.5121114234618,-0.00452855156963481,7.0506266005841e-05,-0.06545085
0.16,7.50274118005708,0.00285703851384861,9.7267352372446e-05,-0.07128896
0.17,7.5207959301285,0.0152134116398464,0.000123471152807624,-0.07679134
0.18,7.53010078722537,0.0178746327794729,0.000148831554445942,-0.0818712
0.19,7.45749081184317,0.0232399765426913,0.000173092624092978,-0.08644843
0.2,7.41109683963403,0.0261393004767619,0.000196022437584625,-0.09045085
0.21,7.34372173210405,0.0271715157020299,0.000217412626815067,-0.09381533
0.22,7.37065033971582,0.0265320209778054,0.000237080094685816,-0.09648882
0.23,7.37904480337159,0.0248456842945187,0.00025486931380773,-0.09842916
0.24,7.39090293897506,0.0195759471393582,0.000270654530446782,-0.09960574
0.25,7.4192230886931,0.0163091871071261,0.000284297996615796,-0.09995106
0.26,7.39610704726954,0.00780378862577148,0.000296160467000018,-0.1
0.27,7.39315810368183,0.00544746798346375,0.000307041166876015,-0.09995106
0.28,7.42420076195056,-0.000486787500434686,0.000317405016797866,-0.09980434
0.29,7.42572197416097,-0.00777196241952826,0.000327412078141506,-0.09956013
0.3,7.41249433386707,-0.00616521241366113,0.0003371166059388,-0.0992189
0.31,7.39115327321061,-0.0103370242432107,0.000346537342163074,-0.09878132
0.32,7.35730813395378,-0.0221975016304738,0.000355681344583436,-0.09824825
0.33,7.36022719736363,-0.015821745902356,0.000364552060132419,-0.09762073
0.34,7.3846525611143,-0.0107448508993502,0.000373152060968723,-0.09689999
0.35,7.3460774161522,-0.000613208203527969,0.000381483974757875,-0.09608744
0.36,7.33618075361129,0.00255480603685607,0.000389550791484807,-0.09518467
0.37,7.30814651473979,-0.0032941905807202,0.000397355978542045,-0.09419346
0.38,7.28131743078045,-0.00424832880442126,0.000404903484361866,-0.09311573
0.39,7.28830775363445,0.00367972370944859,0.000420991276273425,-0.10134851
0.4,7.28994370029116,0.00647106153326416,0.000456960990150846,-0.11889407
0.41,7.29508527986828,0.00727772618055576,0.000516938565309547,-0.14575486
0.42,7.2884418294797,0.00908248860189598,0.000602372481288775,-0.18193345
0.43,7.26187428697948,0.0163794307596275,0.000713857199145868,-0.2274326
0.44,7.21835564260434,0.017681758828162,0.000851668371154383,-0.28225518
0.45,7.19261955677196,0.0283919839775052,0.00101597090422773,-0.34640424
0.46,7.07529547117609,0.0383034322905768,0.0012068913318556,-0.41988293
0.47,7.01287890754355,0.0371620867310512,0.00142453338479289,-0.50269454
0.48,6.90001063606612,0.0374820499140853,0.00166039559453392,-0.58544758
0.49,6.85043255692185,0.0362644179228023,0.0019033361462284,-0.66814556
0.5,6.81247870599345,0.0331293029609589,0.00214930247351193,-0.75079213
0.51,6.71538553987196,0.0390298402701387,0.00239683236930186,-0.83339101
0.52,6.64659783217952,0.0344896743078232,0.00264540411023089,-0.91594604
0.53,6.63378075090591,0.0276843970207079,0.0028948352164928,-0.99846112
0.54,6.58276979635412,0.0257140163721535,0.00314506538737232,-1.08094025
0.55,6.5149776295651,0.0301843566623019,0.00339607946391815,-1.1633875
0.56,6.4104367437736,0.0315041471652752,0.00364787810830066,-1.24580698
0.57,6.29604226017399,0.0353724287706037,0.00390046797025615,-1.32820288
0.58,6.24107162334093,0.030320754187648,0.00415385797008538,-1.41057941
0.59,6.17924454629322,0.0308800371581719,0.00440805799424314,-1.49294085
0.6,6.10444803160584,0.0268184585284319,0.00466307837435642,-1.57529149
0.61,5.9475998326461,0.018431198387664,0.00491892967553475,-1.65763563
0.62,5.88792597873872,0.0138505733109974,0.00517562263434419,-1.7399776
0.63,5.82278372357304,0.0129608337072672,0.0054331681280736,-1.82232175
0.64,5.7587653384272,0.00767838619546245,0.00569157709752807,-1.90467238
0.65,5.66847183766634,0.00982586711170566,0.00595086054656321,-1.98703382
0.66,5.57621686374912,-0.000317563599044703,0.00621102951600814,-2.06941036
0.67,5.49010261721176,-0.00237731527216234,0.0064720950513486,-2.15180625
0.68,5.4967784568334,0.000840010749190577,0.00673406818633565,-2.23422573
0.69,5.48624874992519,0.0263135139296216,0.00699695992137903,-2.31667298
0.7,5.62959825687512,0.0790994364299819,0.00726078118731865,-2.39915211
0.71,5.9188250142228,0.160775207508917,0,-2.4816672
0.72,6.4491213232541,0.271049137204169,0.00111114895530044,-2.56422222
0.73,7.07519048289896,0.397929151231718,0.00408917069025336,-2.64682111
0.74,7.80078834352205,0.535974064018747,0.00903527983762322,-2.72946767
0.75,8.69387639930511,0.687729755757025,0.0156695217553526,-2.81216566
0.76,9.64783323731528,0.82671544044135,0.023677528790012,-2.89491869
0.77,10.5746179038897,0.947333723294449,0.032810238013044,-2.9777303
0.78,11.4690985247386,1.04703286591427,0.0429057443652302,-3.0606039
0.79,12.3109083428152,1.13462296745232,0.0538642419371754,-3.14354278
0.8,13.1020006173267,1.20838147928122,0.0656200335178525,-3.22655009
0.81,13.7682007850855,1.2626364261189,0.0781265052828939,-3.30962888
0.82,14.3346213182232,1.31228542694146,0.0912838695738466,-3.39278202
0.83,14.8122887932737,1.33903778582877,0.10483262947537,-3.47601226
0.84,15.2245610182567,1.35561150021744,0.118514972851053,-3.55932219
0.85,15.49968924192,1.3555747233569,0.132171975151077,-3.64271425
0.86,15.635902946225,1.33634609198787,0.145729773304239,-3.7261907
0.87,15.7733232232592,1.32239131851728,0.159164571914449,-3.80975367
0.88,15.9005681620537,1.31064457608616,0.17247561657764,-3.89340509
0.89,15.9935321048828,1.29093660302449,0.185668784246221,-3.97714673
0.9,16.0481767124864,1.270791792449,0.198750028011575,-4.06098018
0.91,16.102088098259,1.26266346053633,0.21172346159555,-4.14490684
0.92,16.1770002242478,1.25649694682368,0.224591566232219,-4.22892796
0.93,16.269725969133,1.24782629920497,0.237355873307958,-4.31304456
0.94,16.3355654114399,1.24515050242479,0.250013703552261,-4.38786261
0.95,16.3642567463753,1.24240929431568,0.262558630910888,-4.45338276
0.96,16.4509718721458,1.23356615330976,0.274985712841526,-4.50955656
0.97,16.5724223739625,1.22421262992651,0.287290703437105,-4.55653111
0.98,16.6344269635383,1.19951903595308,0.299469554707781,-4.59450501
0.99,16.7264011078929,1.18753816910159,0.31151814939715,-4.62386631
1,16.8301406614606,1.17569890257602,0.323424286887422,-4.62472262
1.01,16.9238690993095,1.15327219071251,0.33516729680635,-4.59704333
1.02,17.108957848727,1.13461382027817,0.346729862200661,-4.54078627
1.03,17.3024849929308,1.11517318707084,0.358099545263691,-4.4652933
1.04,17.4043178608114,1.09491407774546,0.369267700379534,-4.3705013
1.05,17.576810459576,1.07828145672038,0.380223425805016,-4.25633807
1.06,17.7960397053264,1.04988603012349,0.390954507767601,-4.12272352
1.07,17.970006850718,1.02841331952356,0.401448209012989,-3.96957086
1.08,18.1634241326988,1.01329525246316,0.411691620720867,-3.79678802
1.09,18.3036159029061,0.98168881159402,0.421680717112068,-3.62415294
1.1,18.3676538300576,0.957829850088569,0.431419151194338,-3.45156736
1.11,18.5439092395394,0.938036679207322,0.440906973908786,-3.27893228
1.12,18.7194668381072,0.907292430457202,0.450142652566675,-3.10614944
1.13,18.823045759224,0.893045226133788,0.459124574710373,-2.93312293
1.14,18.9499820888786,0.876957715873793,0.467851442258004,-2.75976069
1.15,19.0823168462095,0.849253536755646,0.476322294248585,-2.58597592
1.16,19.2866977057241,0.831745576740191,0.484536074070576,-2.41168853
1.17,19.4413593805403,0.801525136716841,0.492492276070956,-2.23682633
1.18,19.593157245289,0.774615397635743,0.500189922808055,-2.06132619
1.19,19.7386925839389,0.753283092801684,0.507627945510987,-1.88513506
1.2,19.8858487719668,0.725249181595304,0.514805191798452,-1.70821077
1.21,20.0185745170008,0.687241312447687,0.52172042614663,-1.53052272
1.22,20.139698496466,0.652054354414656,0.528372280560378,-1.35199213
1.23,20.2091306204828,0.624896498819713,0.534759632183224,-1.17318774
1.24,20.3281429294738,0.603322274287137,0.540881635684878,-0.99426289
1.25,20.4338175773132,0.576413184928586,0.546737331066639,-0.81521773
1.26,20.5063373991329,0.556533337325962,0.55233789876876,-0.65592654
1.27,20.5947900992561,0.522426620446922,0.557704190910635,-0.51639005
1.28,20.7551849759066,0.504894894495333,0.562851596260843,-0.39660927
1.29,20.8172095923281,0.496012235969458,0.567795599006889,-0.29658549
1.3,20.9043952222803,0.482476407372223,0.572553787509379,-0.21632029
1.31,20.9456503958928,0.466417085664253,0.577146150244054,-0.15581552
1.32,21.0131516086552,0.460836673868498,0.581594354116199,-0.11507331
1.33,21.0387872550596,0.444451971489452,0.585921178669509,-0.09409606
1.34,21.0670507655174,0.439730501721618,0.59015002101439,-0.09288643
1.35,21.0065174080366,0.429428898847194,0.59429091935086,-0.09157348
1.36,21.0314752405019,0.420054102938439,0.59834472537714,-0.09016038
1.37,21.0718977675206,0.413006449670371,0.602318576870472,-0.08865052
1.38,20.9122713388103,0.360857766869472,0.606219769325631,-0.08704756
1.39,20.2917667888638,0.208778848898518,0.610052907834726,-0.08535534
1.4,19.3328529480301,0.0151267178067114,0.613820200541394,-0.08357795
1.41,18.1907027970044,-0.201690754479236,0.616741310277588,-0.08171966
1.42,16.9157651381306,-0.425501885576323,0.613322762927024,-0.07978497
1.43,15.6068140103532,-0.64618587165774,0.605180778529851,-0.07777851
1.44,14.2983703008107,-0.860745224951555,0.594759013348429,-0.07570514
1.45,13.1622919138424,-1.03035858542761,0.583431477158873,-0.07356984
1.46,12.4136597274861,-1.09788852456606,0.571925463854878,-0.07137775
1.47,12.0402299422495,-1.11695962966965,0.560571015637724,-0.06913417
1.48,11.8192022386659,-1.10234743794279,0.549475223260729,-0.06684449
1.49,11.7250642987005,-1.08021154225997,0.538642881911604,-0.06451423
1.5,11.5907650812809,-1.05751030717621,0.528046347703147,-0.06214901
1.51,11.4214981075431,-1.03916012000771,0.517657928820724,-0.05975452
1.52,11.3161849080819,-1.01038361729462,0.507460345592374,-0.05733652
1.53,11.2331333812376,-0.995722589657649,0.497445533054346,-0.05490086
1.54,11.1199254273742,-0.97487608001861,0.487610082518334,-0.05245338
1.55,11.0148550285609,-0.958274061737005,0.477952264299268,-0.05
1.56,10.9384486556907,-0.942964612112371,0.468471060576314,-0.04754662
1.57,10.842597462711,-0.932791908283624,0.459164778410668,-0.04509914
1.58,10.7911799787149,-0.920725144369968,0.450031267606491,-0.04266348
1.59,10.6769485247228,-0.909763073515533,0.441068218701357,-0.04024548
1.6,10.5758217646524,-0.89196243265115,0.432273233147735,-0.03785099
1.61,10.4888824553978,-0.870388909017004,0.423643961872268,-0.03548577
1.62,10.3591058548464,-0.851869987539136,0.415178005247257,-0.03315551
1.63,10.2118167679248,-0.839399938018526,0.406873045254027,-0.03086583
1.64,10.1382293124824,-0.826039471735536,0.398726775002753,-0.02862225
1.65,9.99320316270837,-0.818525128398163,0.390736909115588,-0.02643016
1.66,9.92923791873675,-0.804502587768565,0.38290123433796,-0.02429486
1.67,9.84318486345424,-0.785680327317453,0.375217498868977,-0.02222149
1.68,9.78520909465249,-0.773947612897675,0.367683500376617,-0.02021503
1.69,9.73221130935335,-0.760672080843602,0.360297017962014,-0.01828034
1.7,9.70906501404451,-0.741719076866125,0.353055868742143,-0.01642205
1.71,9.65848914932567,-0.71810098764649,0.345958105105435,-0.01464466
1.72,9.58168439092283,-0.692131053993692,0.33900131761161,-0.01295244
1.73,9.51123977809794,-0.672514792786727,0.332183386674796,-0.01134948
1.74,9.4324344277319,-0.65476930524589,0.325502197730814,-0.00983962
1.75,9.33100109684694,-0.634240476044216,0.318955660966312,-0.00842652
1.76,9.25435581032756,-0.622940840426994,0.312541688245808,-0.00711357
1.77,9.13523770310612,-0.601508481928899,0.306258204302465,-0.00590394
1.78,9.08467640239246,-0.59215696100114,0.300103146854316,-0.00480054
1.79,9.06281844321469,-0.585979075956935,0.294074475541984,-0.00380602
1.8,8.99377492276777,-0.58485384416207,0.288170176980173,-0.0029228
1.81,8.94189305490255,-0.576619462997092,0.282388256094464,-0.00215298
1.82,8.89013215247061,-0.564586978837573,0.27672668089033,-0.00149844
1.83,8.83188692772059,-0.550613135324157,0.27118355284577,-0.00096074
1.84,8.80043874674811,-0.549590600238334,0.265756892143433,-0.00054117
1.85,8.79054604380393,-0.536871957676974,0.260444732369726,-0.00024076
1.86,8.75377056518682,-0.522687724631705,0.255245152659958,-0
1.87,8.74077593245036,-0.501624795991946,0.250156266989057,-0
1.88,8.68928531413126,-0.497348987102723,0.245176452084129,-0.00039426
1.89,8.6502541809858,-0.491623076774258,0.240304294105117,-0.00157084
1.9,8.62911132930604,-0.479044686533066,0.235538620703166,-0.00351118
1.91,8.60259154615239,-0.466648097130984,0.230878083488588,-0.00618467
1.92,8.49296662646167,-0.458407836698183,0.226321347503939,-0.00954915
1.93,8.45557223121425,-0.444557220482709,0.221867091847041,-0.01355157
1.94,8.41001808098456,-0.437421694845011,0.217514028804579,-0.0181288
1.95,8.35170296402669,-0.430395863233261,0.213260888332703,-0.02320866
1.96,8.31009557081443,-0.421868229261643,0.2091063173121,-0.02871104
1.97,8.3237699506977,-0.411071188470144,0.205048932601424,-0.03454915
1.98,8.30844500262572,-0.40493035298986,0.201087165114196,-0.04063093
1.99,8.2853288839774,-0.394226054862795,0.197219499297683,-0.04686047
2,8.27083307269861,-0.385248677962079,0.193444227115225,-0.05313953
2.01,8.24785552691555,-0.378655201940441,0.189759552874577,-0.05936907
2.02,8.24670800338356,-0.359654552710703,0.186163645958316,-0.06545085
2.03,8.26374704092216,-0.347668263956464,0.182654549459529,-0.07128896
2.04,8.18174617690065,-0.338710702323198,0.179230213765216,-0.07679134
2.05,8.18963819314119,-0.31297604766434,0.175888498871934,-0.0818712
2.06,8.22045644181009,-0.308864589641187,0.17262719763757,-0.08644843
2.07,8.15790513398137,-0.304399446207958,0.169443976865125,-0.09045085
2.08,8.12280523341781,-0.291903597316445,0.166336491684031,-0.09381533
2.09,8.11689475314945,-0.287894773958412,0.163302280787539,-0.09648882
2.1,8.1087535536622,-0.289162831139596,0.160338886090529,-0.09842916
2.11,8.08431916876268,-0.294306593242625,0.157443800392163,-0.09960574
2.12,8.09099712058489,-0.300826064844355,0.154614462918949,-0.09994818
2.13,8.0258435628472,-0.294691891990823,0.151848683882665,-0.1
2.14,8.02116377568447,-0.281516792723213,0.149144713481676,-0.09994818
2.15,8.04232250725865,-0.27628876952174,0.14650071534903,-0.09979284
2.16,8.02614867169483,-0.269038768888512,0.143914826502812,-0.0995343
2.17,7.98665474544119,-0.25791921345249,0.141385305386197,-0.09917309
2.18,8.02284345238709,-0.244647709553753,0.13891054679842,-0.09870995
2.19,7.99561182391922,-0.239862140936388,0.136489046804022,-0.09814586
2.2,8.03448138497168,-0.230977362827742,0.134119363486182,-0.09748198
2.21,8.01862368116924,-0.230057181701736,0.131800092962545,-0.09671969
2.22,7.94791760635884,-0.225150710155381,0.129529857155096,-0.09586057
2.23,7.91504908958605,-0.2227643105553,0.127307301059526,-0.09490639
2.24,7.91403803085249,-0.21946010270934,0.125131095517587,-0.09385913
2.25,7.89979200155897,-0.216709193065409,0.122999937966626,-0.09272097
2.26,7.80417704760732,-0.206967184027943,0.120912559786599,-0.09149426
2.27,7.73731851259215,-0.202233392792915,0.118867710232895,-0.09018156
2.28,7.71128919034452,-0.19596770290506,0.116864184907984,-0.08878556
2.29,7.71007543833826,-0.195061915436294,0.114900804493737,-0.08730918
2.3,7.7063274180401,-0.183912686717757,0.112976421608191,-0.08575548
2.31,7.65898549194031,-0.176568197041115,0.111089920087319,-0.08412766
2.32,7.64127675683902,-0.172419164101216,0.109240214694452,-0.0824291
2.33,7.66485743517515,-0.170244082807481,0.107426251271528,-0.08066334
2.34,7.72551439397117,-0.166707717114494,0.10564700652824,-0.07883402
2.35,7.76841005025682,-0.16340627518874,0.103901487986159,-0.07694493
2.36,7.78960491632158,-0.160215066935763,0.102188734328162,-0.075
2.37,7.79925109016467,-0.159348411658133,0.100507813978356,-0.07300325
2.38,7.8223005383148,-0.158700024815838,0.0988578265631314,-0.07095883
2.39,7.78316557819816,-0.15071348516542,0.0972379014031704,-0.06887096
2.4,7.79215508347568,-0.147930789669072,0.095647197617751,-0.06674398
2.41,7.75663089300362,-0.147627920269079,0.0940849037291224,-0.0645823
2.42,7.73607579307785,-0.147325146607566,0.0925545669661577,-0.06765536
2.43,7.68255448569924,-0.141900406718376,0.0910621101179834,-0.0759677
2.44,7.67650448794394,-0.137388622028193,0.0896115211622532,-0.08952393
2.45,7.64685421748701,-0.132188704690552,0.0882073686295862,-0.10832868
2.46,7.63726279868942,-0.136719926894451,0.086855391273063,-0.13238662
2.47,7.60501411611275,-0.123207555906665,0.0855622682610269,-0.16170246
2.48,7.5564495046898,-0.114453028020232,0.0843351261714216,-0.1962809
2.49,7.53963886009872,-0.109929721196969,0.0831812668530012,-0.23612668
2.5,7.57998074034926,-0.104583559631597,0.0821079715085889,-0.28124449
2.51,7.56528419495098,-0.104942160517975,0.0811178990609065,-0.32637407
2.52,7.55538317845283,-0.105431051452846,0.080211290273355,-0.37152009
2.53,7.53662459215028,-0.0919852398175051,0.0793902243279283,-0.4166872
2.54,7.56329222547469,-0.0902691513386241,0.078656120127186,-0.46188
2.55,7.56398370048274,-0.0825885796313657,0.0780089468662886,-0.50710301
2.56,7.55600401172418,-0.0748905205629719,0.0774475707288159,-0.55236073
2.57,7.52332066597525,-0.0679174590646597,0.0769702077101244,-0.59765757
2.58,7.51506752264193,-0.0608841196071859,0.0765747903009205,-0.64299784
2.59,7.54673022484496,-0.0476824682978714,0.0762591543575077,-0.68838579
2.6,7.53942884117917,-0.0397297887720174,0.0760211213344968,-0.73382556
2.61,7.50065004205229,-0.0400556641728898,0.0758584784733029,-0.77932117
2.62,7.51135153878479,-0.0297751774774351,0.0757688633712604,-0.82487655
2.63,7.47693533764364,-0.0188180768246022,0.0757495041877307,-0.87049548
2.64,7.43586998676036,-0.00607588150680209,0.0757945944258463,-0.91618163
2.65,7.41036917179663,0.0102104596838181,0.0758779050079625,-0.96193851
2.66,7.34505445722664,0.0182675478578528,0.0759756780663956,-1.0077695
2.67,7.34670540622382,0.0183656797324195,0.0760793107262332,-1.05367782
2.68,7.31328298516871,0.0266511813210798,0.0761858317321152,-1.09966653
2.69,7.26673499315456,0.0293341459989959,0.076294206450459,-1.14573852
2.7,7.21337346501637,0.0272381333201262,0.0764040453406968,-1.19189651
2.71,7.17760746596042,0.0262299843855097,0.0765151017405544,-1.23814305
2.72,7.13014690687461,0.0233105078642169,0.0766275616790153,-1.2844805
2.73,7.10662214533091,0.0226333996563305,0.0767413803990915,-1.33091101
2.74,7.02088756128498,0.0228071260430208,0.0768566059268065,-1.37743659
2.75,7.00134128013157,0.0208428891111725,0.0769730331315644,-1.42405899
2.76,6.97601675716399,0.0216150210870984,0.0770907033277661,-1.47077981
2.77,6.98095716211113,0.0149467740663728,0.07720962641402,-1.51760042
2.78,6.96491103001541,0.0148905562383662,0.0773298014332991,-1.56452199
2.79,6.88540341163701,0.0111745492485352,0.0774512237785835,-1.61154548
2.8,6.87829629146683,0.00916940200060322,0.0775738808296606,-1.65867163
2.81,6.85323133311765,0.01367842902314,0.0776975580209385,-1.70584917
2.82,6.82572139328695,0.0166231025970872,0.0778225586608503,-1.75323387
2.83,6.77861189379878,0.0114055673643732,0.077949195332358,-1.80101284
2.84,6.73296969426084,0.0141834951341684,0.0780781914021805,-1.84957411
2.85,6.66626392406123,0.0151367007405696,0.0782047943885423,-1.89363418
2.86,6.65284254117975,0.015261033164146,0.0783231592646785,-1.93316244
2.87,6.55831430463581,0.00795103123250101,0.0784270816651158,-1.96392425
2.88,6.54364580285057,0.00358193629142128,0.0785102674114037,-1.98586655
2.89,6.48802641196855,0.00624714853897289,0.0785702538416939,-1.99892623
2.9,6.41366397748314,0.00396065163459944,0.0786062847911016,-2.0030311
2.91,6.41270403529716,-0.00172462041173683,0.0786177892406445,-1.99810104
2.92,6.49061498703321,-0.00306453718690298,0.0786043767439798,-1.98404928
2.93,6.53920999696707,-0.00579850814224682,0.0785656838359093,-1.96078375
2.94,6.58813952590612,0.00405332355082396,0.0785063839957831,-1.9334735
2.95,6.63153500183971,-0.00305040310747148,0.0784325373650077,-1.90202029
2.96,6.72288556018613,-0.0185269239167251,0.0783499726515277,-1.87051757
2.97,6.8180667950771,-0.0152080380870459,0.0782640772317084,-1.83886709
2.98,6.8738695933838,-0.0134589354612783,0.0781766667962088,-1.80697295
2.99,6.86179468914508,-0.0176073063224036,0.0780881538722212,-1.77474306
3,6.88012005343943,-0.020117762931546,0.0779985274753547,-1.74209066
3.01,6.92256122648592,-0.0294535546801319,0.0779076231292462,-1.70893563
3.02,6.96861571016943,-0.0270585388171574,0.0778151136273532,-1.67520579
3.03,6.93811356170882,-0.0191274997441287,0.0777209536752677,-1.64083802
3.04,6.9678950933296,-0.0221962050273192,0.0776249364871545,-1.60577925
3.05,6.96906859507832,-0.016107892549251,0.0775269160208771,-1.56998732
3.06,7.01378264866535,-0.0162494523663374,0.0774267446938915,-1.53343164
3.07,7.05193996237259,-0.00898504037734638,0.0773242856551441,-1.49605203
3.08,7.15161795405035,-0.00513008672854731,0.0772199101143996,-1.45836138
3.09,7.19143141731175,0.00141522088129005,0.077114397417005,-1.42058751
3.1,7.23715779708749,-0.0049884983619443,0.0770082287605348,-1.38273049
3.11,7.25377529361068,-0.0144100081379903,0.0769015646798963,-1.34479052
3.12,7.26832734839616,-0.0272668820719028,0.0767944578575087,-1.30676796
3.13,7.29039040676848,-0.0342955596907695,0.0766869291609736,-1.26866328
3.14,7.36292062136719,-0.0382286984845793,0.0765789779402898,-1.23047711
3.15,7.30918943573603,-0.0400982245444217,0.0764705938459853,-1.1922102
3.16,7.33218603823832,-0.0452091851287058,0.0763608006870853,-1.15386345
3.17,7.37490432089182,-0.0476697606253539,0.0762408995051416,-1.11543786
3.18,7.44087883058821,-0.0412410468287808,0.0760927704970366,-1.0769346
3.19,7.49522560780863,-0.0415482619308924,0.0758979110189727,-1.03835496
3.2,7.54279164700969,-0.0348347545878829,0.075643075144851,-0.99970033
3.21,7.53579424054476,-0.0535812500174756,0.0753213762703572,-0.96097226
3.22,7.56094032776443,-0.0599277850073896,0.074930774293955,-0.92217241
3.23,7.59071239731648,-0.0635877237334251,0.0744723623712146,-0.88330254
3.24,7.60733946255369,-0.0681829070280123,0.0739488679033303,-0.84436457
3.25,7.57083619646946,-0.073012969325162,0.0733636653556087,-0.80536048
3.26,7.58842758461781,-0.06712057016673,0.072720188978802,-0.7662924
3.27,7.58361769715786,-0.0779549900484339,0.0720218007584322,-0.72716255
3.28,7.58839580554665,-0.0656797455941204,0.0712714726013351,-0.68797325
3.29,7.63183445917724,-0.0686292433869659,0.07047196996,-0.64872694
3.3,7.6548107839613,-0.0732453039932239,0.0696258178883451,-0.60942614
3.31,7.65885735038501,-0.071929664443105,0.0687353342269767,-0.57007344
3.32,7.73986066328173,-0.0812128036882914,0.0678026589785922,-0.53067156
3.33,7.7616980769112,-0.0913461747995693,0.0668297777653891,-0.49122327
3.34,7.77317366861744,-0.0939658624800399,0.065818539428081,-0.45173142
3.35,7.79636307438649,-0.112170624763772,0.0647706699141521,-0.41219894
3.36,7.77741615339572,-0.113403412770084,0.0636877836459536,-0.37262883
3.37,7.67748895335252,-0.113475235832053,0.0625713930671323,-0.33302416
3.38,7.67900078593416,-0.119081953997309,0.0614229180989075,-0.29338803
3.39,7.65639555840808,-0.12041308382694,0.0602436911338228,-0.25372361
3.4,7.62028174781902,-0.121464950742984,0.0590349678647924,-0.21403413
3.41,7.6136982385852,-0.120134923284037,0.0577979313367266,-0.17432283
3.42,7.63558817998333,-0.115656215974033,0.0565336979934234,-0.13459301
3.43,7.64495993909812,-0.11820759337049,0.055243323391046,-0.094848
3.44,7.69061375574671,-0.123586225003694,0.0539278066956658,-0.05509115
3.45,7.67651789349629,-0.124568872726023,0.0526195334212143,-0.05305808
3.46,7.67140978625915,-0.128055432915328,0.0513358592667837,-0.05101993
3.47,7.68759617388576,-0.132337313152458,0.0500632407644052,-0.04898007
3.48,7.7116395252293,-0.135135262516032,0.0488066339922357,-0.04694192
3.49,7.65500604458854,-0.129291946130008,0.0475745793872732,-0.04490885
3.5,7.63028066336185,-0.125401330023126,0.0463737901126254,-0.04288426
3.51,7.68276540656307,-0.125289876845413,0.0452074355711035,-0.04087151
3.52,7.68807750298658,-0.1226445981327,0.044076046587228,-0.03887395
3.53,7.70941686636951,-0.106483683236744,0.0429787263438842,-0.03689492
3.54,7.70541470231201,-0.102251805244027,0.0419140131388597,-0.03493769
3.55,7.69517571744203,-0.102030761034929,0.0408803715375058,-0.03300553
3.56,7.728744628531,-0.0982684635875076,0.0398764195502541,-0.03110166
3.57,7.73809028696052,-0.101337859273139,0.03890089978016,-0.02922925
3.58,7.73194813151032,-0.0988964382753879,0.0379526813551693,-0.0273914
3.59,7.75162531750839,-0.101877518288412,0.0370307682655661,-0.02559119
3.6,7.65958751892495,-0.110114325449016,0.0361342072315423,-0.0238316
3.61,7.67782261693203,-0.099102781623687,0.0352620897903948,-0.02211557
3.62,7.65075747498425,-0.0971912533174395,0.0344135080993085,-0.02044594
3.63,7.65755174776734,-0.0996194001199095,0.0335876692522227,-0.01882551
3.64,7.63464177726669,-0.103264635769242,0.0327837596535592,-0.01725696
3.65,7.58990087609151,-0.0921151138824009,0.032001009877017,-0.01574291
3.66,7.56727093302145,-0.0801626942481943,0.0312386852800755,-0.01428588
3.67,7.5950987177969,-0.0708716269488202,0.0304960896782487,-0.01288829
3.68,7.59707939668222,-0.0762895924499961,0.0297725598525165,-0.01155247
3.69,7.58737056614039,-0.0729379840187355,0.0290674631178289,-0.01028065
3.7,7.51827343913392,-0.0734281686923268,0.028380196031919,-0.00907493
3.71,7.50876084706365,-0.0606804313659857,0.0277101836085229,-0.00793732
3.72,7.50450855972928,-0.059644498914248,0.0270568785678505,-0.00686973
3.73,7.48418188065262,-0.0554437639957494,0.0264197603907346,-0.00587392
3.74,7.49582346483998,-0.0515333086608923,0.025798334294921,-0.00495156
3.75,7.48270719635234,-0.0545583925761851,0.0251921302188097,-0.00410417
3.76,7.48907188680383,-0.0453469834577117,0.0246007016196756,-0.00333317
3.77,7.54405406982708,-0.0489098871138581,0.0240236244361757,-0.00263985
3.78,7.53736485520398,-0.0474749074728575,0.023460495929411,-0.00202535
3.79,7.49285918016811,-0.0468300540919492,0.022910933618611,-0.0014907
3.8,7.49722138336052,-0.056121497608125,0.0223745742823838,-0.00103679
3.81,7.48559290900256,-0.0630471042705931,0.0218510728968217,-0.00066438
3.82,7.44969515444135,-0.0524874829174523,0.0213401016477405,-0.00037407
3.83,7.44977592818507,-0.0551791646574858,0.0208413489559575,-0.00016637
3.84,7.40546404738079,-0.0468564713576628,0.0203544820723965,-0
3.85,7.42047094536595,-0.0478410930046113,0.0198792834460024,-0
3.86,7.48716872634107,-0.0528842125132862,0.0194158059875701,-0.00039426
3.87,7.4360506482397,-0.0522121627016397,0.018964522977661,-0.00157084
3.88,7.44585773687973,-0.050263600799412,0.0185259764843841,-0.00351118
3.89,7.45709001305649,-0.0564124388391782,0.0181005923924257,-0.00618467
3.9,7.42671479806058,-0.0586998986305563,0.0176889071823318,-0.00954915
3.91,7.42484631528558,-0.0562671865396094,0.0172915627490018,-0.01355157
3.92,7.41320255077525,-0.0486278684726767,0.0169092306523804,-0.0181288
3.93,7.37616612982875,-0.0444444340913952,0.0165425301526893,-0.02320866
3.94,7.45920308680099,-0.0361245037825983,0.0161919872020592,-0.02871104
3.95,7.4546458909352,-0.0316934317389816,0.01585794993576,-0.03454915
3.96,7.45107306647845,-0.0197716754825625,0.0155406228676659,-0.04063093
3.97,7.51270817647697,-0.00712385293497317,0.0152400301378441,-0.04686047
3.98,7.50526917376122,0.00283818785613026,0.0149560149529238,-0.05313953
3.99,7.55173079570495,0.000184924669837604,0.0146882412947935,-0.05936907
4,7.53711121631303,0.00210544432801457,0.0144361975923401,-0.06545085
4.01,7.45240325572122,0.00111945783124268,0.0141992032090422,-0.07128896
4.02,7.44043009404224,0.00939590280148628,0.0139764145300013,-0.07679134
4.03,7.42526742845609,0.00732100617695309,0.0137668384223465,-0.0818712
4.04,7.35256132251586,-0.00651283257024245,0.0135693452166614,-0.08644843
4.05,7.34883968589536,-0.0140043543678928,0.0133826853567023,-0.09045085
4.06,7.32545417447934,-0.00745324260677636,0.0132055085131188,-0.09381533
4.07,7.34080450981797,-0.000860501443898641,0.0130363842779059,-0.09648882
4.08,7.41717263012826,0.000982752779781426,0.0128738248124008,-0.09842916
4.09,7.41148772599044,-0.00761460928444662,0.0127163081804045,-0.09960574
4.1,7.47558032701455,-0.00981709531130072,0.0125622576207143,-0.09995241
4.11,7.48366220351658,-0.00589035268639986,0.0124105918257252,-0.1
4.12,7.50262425825229,-0.00616556365685669,0.0122606837302201,-0.09995241
4.13,7.45770517691589,-0.0101195067446967,0.0121118001224228,-0.09980973
4.14,7.48832138220741,-0.0194524788739323,0.011963248366838,-0.09957224
4.15,7.44085226049025,-0.0212343394199146,0.0118145453298219,-0.09924039
4.16,7.46696642338553,-0.0212956357330152,0.0116654105175972,-0.0988148
4.17,7.45170665746144,-0.0188371482347984,0.0115156944717966,-0.09829629
4.18,7.51422149874611,-0.0213520293037948,0.0113653172444307,-0.09768585
4.19,7.47884475069761,-0.0143994311918726,0.0112142287790995,-0.09698463
4.2,7.48910429266815,-0.0229493452198316,0.0110623880249203,-0.09619398
4.21,7.47382707206926,-0.0208520430399244,0.0109097548978158,-0.09531539
4.22,7.47060319413617,-0.0185407511147138,0.0107562885001988,-0.09435054
4.23,7.4636150723864,-0.0160297037899185,0.010601947854295,-0.09330127
4.24,7.47672959530327,-0.0192331768465643,0.0104466931937948,-0.09216957
4.25,7.46816665645355,-0.00913215647329796,0.0102904870934073,-0.0909576
4.26,7.51952259483944,-0.0103474226383053,0.0101332952453044,-0.08966767
4.27,7.5553275869276,-0.00578735695954294,0.00997508691355925,-0.08830222
4.28,7.55819388791538,0.000518432840117174,0.0098158352350105,-0.08686387
4.29,7.62047925837705,-0.00580200665675433,0.009655517401382,-0.08535534
4.3,7.61662885053537,-0.00989979373992315,0.00949411478501154,-0.08377951
4.31,7.56089112514905,-0.00862340912157617,0.009331613053776,-0.08213938
4.32,7.54057038024039,-0.00802691242838547,0.00916800228052182,-0.08043807
4.33,7.52828771592181,-0.0142515745088397,0.00900327700974762,-0.07867882
4.34,7.48685926363695,-0.013568247811854,0.00883743636200546,-0.07686498
4.35,7.45057710672063,-0.0157457037309913,0.00867048407450659,-0.075
4.36,7.4444838846104,-0.0151770676569175,0.00850242859769954,-0.07308743
4.37,7.42530259972394,-0.0133028076609027,0.00833328303175389,-0.07113091
4.38,7.42824182907375,-0.0124627859596352,0.00816306524362757,-0.06913417
4.39,7.42491347825764,-0.0189832842928177,0.00799179785756737,-0.06710101
4.4,7.45099624236399,-0.023943926732306,0.00781950821468948,-0.06503529
4.41,7.43029945867073,-0.0258139284944651,0.00764622835947543,-0.06294095
4.42,7.39755046833762,-0.0287539189361141,0.00747199510151863,-0.06082198
4.43,7.37570867028322,-0.0164085702522401,0.00729684988057584,-0.05868241
4.44,7.37433888802065,-0.0120706751745482,0.00712083858700811,-0.05652631
4.45,7.389096834338,-0.0124576694880333,0.00694401164960458,-0.05435779
4.46,7.39827010208467,-0.0109707736826179,0.00676642402226448,-0.05218097
4.47,7.3565362474907,-0.00480734821824753,0.00658813493170188,-0.05
4.48,7.37305475593673,-0.000355617221759099,0.00640920783916831,-0.04781903
4.49,7.41691472615612,-0.00228631477897034,0.00622971030271023,-0.04564221
4.5,7.41303250445494,-0.0134635042581978,0.00604971387435093,-0.04347369
4.51,7.43721166605851,-0.0159767834335463,0.00586929391848266,-0.04131759
4.52,7.4091453631278,-0.0140565513662571,0.0056885295232047,-0.03917802
4.53,7.42526066520826,-0.0229807931234292,0.00550750330577015,-0.03705905
4.54,7.44641654781433,-0.0260841170771009,0.00532630124857991,-0.03496471
4.55,7.48523913441039,-0.025684297014846,0.0051450125389953,-0.03289899
4.56,7.51157066802131,-0.0243405401072372,0.00496372939443557,-0.03086583
4.57,7.55157381615996,-0.0208968549623045,0.00478254684808075,-0.02886909
4.58,7.57487600749728,-0.0188571506507233,0.00460156258179217,-0.02691257
4.59,7.60482900962366,-0.024113956375645,0.00442087668685585,-0.025
4.6,7.58742135238633,-0.0134094357920056,0.00424059154747396,-0.02313502
4.61,7.56700651337123,-0.0128305229995965,0.00406081153110011,-0.02132118
4.62,7.54470446915462,-0.0130414812974668,0.00388164281577214,-0.01956193
4.63,7.55720337882687,-0.0101263299387626,0.00370319310969084,-0.01786062
4.64,7.50610786720452,-0.0170974805561511,0.00352557153229013,-0.01622049
4.65,7.45855830929909,-0.0172532770879883,0.00334888830075382,-0.01464466
4.66,7.44714406110189,-0.0107203278283412,0.00317325452838435,-0.01313613
4.67,7.43657122727071,-0.0156003869139474,0.00299878198851242,-0.01169778
4.68,7.47356520846457,-0.016340952178133,0.00282558271253824,-0.01033233
4.69,7.44968547077544,-0.0203162275861035,0.00265376919594004,-0.0090424
4.7,7.42403423764111,-0.0152783953721655,0.00248345374467193,-0.00783043
4.71,7.44724045661645,-0.00635381413685198,0.00231474834487184,-0.00669873
4.72,7.37064854885068,-0.0155109659296814,0.00214776444344192,-0.00564946
4.73,7.37394335678712,-0.017124520269289,0.00198261270208625,-0.00468461
4.74,7.41681036103799,-0.0139939954225248,0.00181940274939282,-0.00380602
4.75,7.40186070973521,-0.000661947155157004,0.00165824294744401,-0.00301537
4.76,7.42764289364452,0.000903786601313413,0.00149924014008014,-0.00231415
4.77,7.446995201528,-0.0124595249178796,0.00134249943599445,-0.00170371
4.78,7.44506906098271,-0.0184924436608537,0.00118812396039596,-0.0011852
4.79,7.54632338312861,-0.0179248650339822,0.00103621461677706,-0.00075961
4.8,7.56655960256536,-0.0225394469931028,0.000886869884676917,-0.00042776
4.81,7.52954977431878,-0.028174411314532,0.000740185565197516,-0.00019027
4.82,7.53907954538558,-0.0399034082586993,0.000596210003945654,-0
4.83,7.53332395131767,-0.0441580844260662,0.000455102756641488,-0
4.84,7.51170855753867,-0.0374617305822509,0.000317287293610781,-0.00039426
4.85,7.47683568043823,-0.0262571689528703,0.000192836658166401,-0.01158773
4.86,7.45490461896696,-0.00664320192569797,9.62198557552521e-05,-0.03356183
4.87,7.46202859804388,0.00724554196249001,3.74152909951896e-05,-0.06628597
4.88,7.39761686023392,0.0222106771849958,2.82659223641854e-05,-0.10971799
4.89,7.32049087646149,0.0379691892218891,8.27084480366762e-05,-0.16380483
4.9,7.30645147548225,0.044545643987301,0.000207482214509621,-0.22848336
4.91,7.20422148951481,0.0444391234629667,0.000382646386516389,-0.30368141
4.92,7.16789464156688,0.0389954874501336,0.000595068742898396,-0.38931885
4.93,7.06532598640355,0.0241454286777913,0.00084002720127358,-0.48530892
4.94,6.90410759849678,0.0205683980675118,0.0011066102998379,-0.58154266
4.95,6.87352294184073,0.0102472258076764,0.0013820873206529,-0.67792415
4.96,6.80940116171706,0.00121993326326949,0.00166166471764922,-0.77435516
4.97,6.708223891133,0.00301204592897049,0.00194342132527857,-0.87073665
4.98,6.67452951979416,0.00836539715301324,0.00222648437498616,-0.96697039
4.99,6.57611652288312,0.0110731704886448,0.00251036201632128,-1.06296046
5,6.49769481304696,0.0248754215697873,0.0027947049906525,-1.15861479
5.01,6.44155595460726,0.0264065677599299,0.0030792231856893,-1.25384661
5.02,6.3301116683143,0.0336520397836016,0.0033636579797651,-1.34857579
5.03,6.24913406894881,0.0317558570274395,0.00364777467856661,-1.44273016
5.04,6.1664481016066,0.0298204026212669,0.0039313619627665,-1.5362466
5.05,6.09932243606391,0.0341333578984022,0.00421423364198312,-1.62907205
5.06,5.99259627944888,0.0283678624712904,0.00449623100031646,-1.72116434
5.07,5.92917819648416,0.0222589674968896,0.00477722507203475,-1.81249287
5.08,5.83119000238026,0.0211648946083307,0.00505707016010314,-1.90298573
5.09,5.76245220295846,0.015705377703057,0.00533614087617501,-1.99319104
5.1,5.69139246594595,0.0256091355767993,0.00561521102115991,-2.08328964
5.11,5.57817018215394,0.0244383145743288,0.00589471937986569,-2.17328166
5.12,5.47376753381657,0.0198762866086743,0.00617482387321547,-2.26316742
5.13,5.43651356586028,0.0353985551267113,0.00645558022205263,-2.35294751
5.14,5.5569096058085,0.0770452551378636,0.0067370076869662,-2.44262271
5.15,5.82078248622263,0.13816295933489,0.00701911277333753,-2.53219405
5.16,6.23935386354356,0.23363324671144,0,-2.62166275
5.17,6.82053115986391,0.346955058931488,0.00212976223193104,-2.71103029
5.18,7.56261249436841,0.475230874213328,0.00626355455182475,-2.80029832
5.19,8.39412551463445,0.611721238144533,0.0122283212389799,-2.88946875
5.2,9.34389366215455,0.762780957494397,0.0197023650076241,-2.97854366
5.21,10.251375320612,0.889689796005132,0.0284001410689204,-3.06752535
5.22,11.185131612616,1.00054600816751,0.0381237269844857,-3.15641632
5.23,12.0575019912459,1.08946277221255,0.0487500037636612,-3.24521926
5.24,12.8101894881862,1.16183217675356,0.060200324836001,-3.33393705
5.25,13.541188238193,1.23048595453103,0.0724217388715594,-3.42257275
5.26,14.1929730329876,1.28157981771211,0.0853571408893909,-3.5111296
5.27,14.6950556757482,1.30855793848983,0.0988105958666658,-3.599611
5.28,15.0549914166898,1.32884078720792,0.112500735553727,-3.68802051
5.29,15.2864658311115,1.33435687483979,0.126223978027329,-3.77636186
5.3,15.4755118545585,1.33895111705737,0.13987430271171,-3.8646389
5.31,15.6342874532279,1.33536775958616,0.153409847673402,-3.95285564
5.32,15.7276379781395,1.3334938941864,0.166822448786721,-4.04101621
5.33,15.8069273058279,1.32190846536363,0.180116172930226,-4.12912486
5.34,15.8884119490469,1.31438611491626,0.193297269501909,-4.21718595
5.35,16.0216532371294,1.29919316005004,0.206370592626557,-4.30520394
5.36,16.1412689877102,1.2961663390956,0.219339169302211,-4.39318338
5.37,16.214138061565,1.28866245537546,0.232204789480195,-4.48112891
5.38,16.2787653245592,1.27146705648597,0.244968627008423,-4.56904524
5.39,16.2963181323984,1.25224628889609,0.257631684788688,-4.65693714
5.4,16.3616278253442,1.25154526848413,0.270194932737574,-4.74480944
5.41,16.4427909593135,1.23672281750051,0.282659372314438,-4.832667
5.42,16.5392556644642,1.22903591337776,0.295021915414557,-4.91049782
5.43,16.5919131041168,1.2192689762606,0.307275520947203,-4.97830683
5.44,16.6712453502872,1.1985137771215,0.319414853468165,-5.03609896
5.45,16.7939962257674,1.18999483900357,0.331435164138302,-5.08387914
5.46,16.8963270144556,1.1720283324913,0.343331506928429,-5.12165227
5.47,17.0365588126269,1.15771285505029,0.355090628000721,-5.12903175
5.48,17.165357851565,1.14839245635428,0.366690411977554,-5.10602244
5.49,17.2721639285961,1.12665236213525,0.378112329255128,-5.05262916
5.5,17.423408087337,1.10579459201261,0.389338695298219,-4.96885669
5.51,17.5428674709699,1.09128504757101,0.400356145201707,-4.86472661
5.52,17.6509772331195,1.06762569586777,0.411154714761759,-4.74024356
5.53,17.8297387298971,1.05272978118233,0.421722266607071,-4.5954121
5.54,17.9270200148194,1.02660729931735,0.432045056031728,-4.43023669
5.55,18.040195711848,0.999860691116851,0.442109243781948,-4.24472168
5.56,18.2260415611341,0.974823821235523,0.451909892888451,-4.05926285
5.57,18.3661787510344,0.952727854102343,0.461450860880399,-3.87386431
5.58,18.5262201633908,0.92543594288417,0.470731946168924,-3.68853008
5.59,18.7202661757805,0.900789576063772,0.479751461632633,-3.50326402
5.6,18.887098843794,0.876250214028249,0.488507657273198,-3.31806984
5.61,19.0791319430434,0.849833279385842,0.496999266190911,-3.13295112
5.62,19.2858267812339,0.819321689036154,0.505225276909853,-2.94791124
5.63,19.384782852983,0.795347509840722,0.51318536050477,-2.76295346
5.64,19.5460091063729,0.7611927158161,0.52087889963612,-2.57808082
5.65,19.7974496977205,0.736804577543687,0.528305247854443,-2.39329622
5.66,19.8958871498579,0.70701306596063,0.535463768146023,-2.20860234
5.67,20.0405851345473,0.678294582947954,0.542353718826755,-2.02400167
5.68,20.1591783867662,0.649525259895211,0.548974345747217,-1.83949652
5.69,20.2223739853099,0.626953331524781,0.555324843252286,-1.65508898
5.7,20.3103865095887,0.602485002924477,0.561404350108489,-1.47078094
5.71,20.4653322028875,0.582283975512542,0.567211978722199,-1.28657407
5.72,20.5042470623057,0.556244179346959,0.572746783936604,-1.10246982
5.73,20.54680333382,0.51398474105558,0.578007733601912,-0.91846945
5.74,20.0865912286102,0.347917320188524,0.582993750432714,-0.73457396
5.75,19.2919411413842,0.137584576374505,0.587717174832938,-0.57117567
5.76,18.2361220688789,-0.0934269046116289,0.591900074948639,-0.42822178
5.77,17.0295988897286,-0.329074522181984,0.590215097706288,-0.3058727
5.78,15.7680157327018,-0.5706355675492,0.582854507063598,-0.2043094
5.79,14.4419144141152,-0.803684128079347,0.572798840867252,-0.12391992
5.8,13.248514215088,-1.00936402232916,0.561617262523145,-0.06468572
5.81,12.4411536074433,-1.08996946377514,0.550149525873631,-0.02657618
5.82,11.9643414435149,-1.11140192100243,0.538794117133588,-0.00954915
5.83,11.7392594507396,-1.11654339143141,0.527697740535707,-0.01355157
5.84,11.6888515392009,-1.10196707980117,0.516879114607411,-0.0181288
5.85,11.5503273195423,-1.06659567764734,0.50630646979223,-0.02320866
5.86,11.4746309967726,-1.04075077418196,0.495950142114795,-0.02871104
5.87,11.3422212149444,-1.01625994029375,0.485791956537403,-0.03454915
5.88,11.2304607425475,-0.995346926016243,0.475823806782998,-0.04063093
5.89,11.0753991261052,-0.985050325574208,0.466042310022749,-0.04686047
5.9,10.9760386646379,-0.959865330329812,0.456446464418806,-0.05313953
5.91,10.8074424898874,-0.934335749971886,0.447035114290751,-0.05936907
5.92,10.7140970588748,-0.919918581049875,0.437806554725207,-0.06545085
5.93,10.5800636613018,-0.90758287512574,0.428758532675542,-0.07128896
5.94,10.4599184604964,-0.893482294281452,0.419888504254259,-0.07679134
5.95,10.3727656434315,-0.870976877274464,0.4111937710369,-0.0818712
5.96,10.3747200228983,-0.84440516417145,0.40267156905476,-0.08644843
5.97,10.3134345439891,-0.820899187916756,0.394319105791487,-0.09045085
5.98,10.2506245701852,-0.810662013403513,0.386133589484728,-0.09381533
5.99,10.1703123353894,-0.798486569701389,0.37811211539749,-0.09648882
6,10.1414556857601,-0.769124602741571,0.370251849302091,-0.09842916
6.01,10.0833170100012,-0.750947398519602,0.362549923743577,-0.09960574
6.02,10.031700389053,-0.740170699241104,0.355003344604807,-0.09995614
6.03,9.91797551718371,-0.732028358080366,0.347609427252846,-0.1
6.04,9.79412041675848,-0.720065821122243,0.340365807116466,-0.09995614
6.05,9.75385120113703,-0.707198460383839,0.333270409349042,-0.09982464
6.06,9.65040825304963,-0.695770418656,0.326320498091417,-0.09960574
6.07,9.56776894439001,-0.692912782240352,0.319513668081599,-0.0992998
6.08,9.48529996114045,-0.672206917813042,0.312847585550385,-0.09890738
6.09,9.35344997530215,-0.657563236972482,0.306319928631621,-0.09842916
6.1,9.26535895333684,-0.636679670586948,0.299928389114576,-0.09786597
6.11,9.17778672501089,-0.618640788519175,0.293670672586994,-0.09721882
6.12,9.09278970628538,-0.610633784026255,0.287544493052798,-0.09648882
6.13,9.07077394930053,-0.592318984127892,0.281547588292199,-0.09567727
6.14,9.01527119050787,-0.573234221000048,0.275677699077563,-0.09478559
6.15,8.98787874939389,-0.564406742270562,0.269932580778437,-0.09381533
6.16,8.97748870157311,-0.548115278914787,0.264310001782017,-0.09276821
6.17,8.93190896351719,-0.537199718231122,0.258807745278316,-0.09164606
6.18,8.97366366222393,-0.52985947908811,0.253423607883292,-0.09045085
6.19,8.95808210283278,-0.512709781884714,0.248155429003077,-0.08918467
6.2,8.94066021414524,-0.505667251109341,0.243001001361447,-0.08784975
6.21,8.8784154475276,-0.502568578435417,0.237958178881245,-0.08644843
6.22,8.82445345938234,-0.490851061857789,0.233024815163451,-0.08498317
6.23,8.78660474883415,-0.48134674387204,0.228198735908108,-0.08345653
6.24,8.78413017140022,-0.474155864209112,0.223477784438866,-0.0818712
6.25,8.72592396822221,-0.468338176685714,0.218860017691987,-0.08022996
6.26,8.64764401960199,-0.464199879209979,0.214343353839984,-0.07853568
6.27,8.54135255977785,-0.448043992183809,0.209925679593554,-0.07679134
6.28,8.48595631886249,-0.433565701487163,0.205604999540022,-0.075
6.29,8.43999447789504,-0.423494827123572,0.201379354103168,-0.0731648
6.3,8.44048583221928,-0.423291257005842,0.197246846516501,-0.07128896
6.31,8.34719528335944,-0.410338760826881,0.193205219291221,-0.06937578
6.32,8.29715625254073,-0.390243818885664,0.189252734935354,-0.0674286
6.33,8.2863545657098,-0.378394445186,0.185387463331293,-0.06545085
6.34,8.31160361274055,-0.374415862830763,0.181607509604167,-0.06344599
6.35,8.30452276644737,-0.359323339961495,0.177911037494313,-0.06141754
6.36,8.24792487303267,-0.351220174118041,0.174296120107245,-0.05936907
6.37,8.16651647695677,-0.327901777580469,0.170760965626013,-0.05730415
6.38,8.17413732392554,-0.317136366671762,0.167303797068601,-0.05522642
6.39,8.1622518782585,-0.313857597023562,0.163922846173649,-0.05313953
6.4,8.12353740725871,-0.305327330399847,0.160616349470024,-0.05104712
6.41,8.05604065715034,-0.300333183058505,0.1573826267013,-0.04895288
6.42,8.01997339262833,-0.295303001395209,0.154220025242936,-0.04686047
6.43,8.04457117907904,-0.292525953504577,0.1511268582762,-0.04477358
6.44,8.07302260500611,-0.291757334143159,0.148101489666175,-0.04269585
6.45,8.07595146494021,-0.286976990093631,0.145142376570474,-0.04063093
6.46,8.01901854129151,-0.290920478143272,0.142247932412463,-0.03858246
6.47,8.00576107144207,-0.280501655238508,0.139416624346115,-0.03655401
6.48,8.01667307364895,-0.269581276608835,0.13664692491863,-0.03454915
6.49,8.02367064054085,-0.271878986907028,0.133937390488126,-0.0325714
6.5,7.99735894951154,-0.259673357710119,0.131286581198611,-0.03062422
6.51,7.9503443806249,-0.258810925757055,0.128693087851741,-0.02871104
6.52,7.9449691464064,-0.25567399445444,0.126155532251038,-0.0268352
6.53,8.00170113862372,-0.238878091562389,0.123672586787977,-0.025
6.54,8.00484301699045,-0.236785406503107,0.121242897097506,-0.02320866
6.55,8.0013835013142,-0.233640677716598,0.118865194756277,-0.02146432
6.56,7.98007942141157,-0.227045949673052,0.116538225293644,-0.01977004
6.57,8.05117605252961,-0.217284393666535,0.114260764182844,-0.0181288
6.58,8.02356114260112,-0.205833489623348,0.112031617075689,-0.01654347
6.59,7.96850980754644,-0.198758021525329,0.10984961958129,-0.01501683
6.6,7.92851796410614,-0.198117996340291,0.107713637312241,-0.01355157
6.61,7.92285904780924,-0.188556713320419,0.105622565497197,-0.01215025
6.62,7.92831854066441,-0.190577761959129,0.103575328472741,-0.01081533
6.63,7.90500594564772,-0.186824574219013,0.101570879567154,-0.00954915
6.64,7.7921418030483,-0.196409009154008,0.0996082004559415,-0.00835394
6.65,7.80417792939987,-0.196730725989479,0.0976863009420413,-0.00723179
6.66,7.85330570875012,-0.193261887223528,0.0958042182211954,-0.00618467
6.67,7.86167522679126,-0.187558386746806,0.0939610163604099,-0.00521441
6.68,7.82521165515795,-0.183714526838702,0.092155786619075,-0.00432273
6.69,7.80198800038204,-0.173943300196205,0.0903876455676931,-0.00351118
6.7,7.80536702848065,-0.17364333756706,0.0886557355386394,-0.00278118
6.71,7.84664176921202,-0.165643916557865,0.0869592237022895,-0.00213403
6.72,7.81992675024159,-0.157713484564199,0.085297310878076,-0.00157084
6.73,7.73687675040387,-0.157204191152311,0.0836691912857073,-0.00109262
6.74,7.66294788075777,-0.162334845396099,0.0820741154846924,-0.0007002
6.75,7.68880570151361,-0.166373750218544,0.0805113431592661,-0.00039426
6.76,7.68180389871643,-0.161527556981115,0.0789801565808434,-0.00017536
6.77,7.66978660536238,-0.154123713005489,0.0774798242670673,-0
6.78,7.64197357810985,-0.152780129648496,0.0760097195741909,-0
6.79,7.66435786599301,-0.155326312616763,0.0745694928837198,-0.00039426
6.8,7.70976301601225,-0.159443655350654,0.0731592087207448,-0.00157084
6.81,7.76663258206647,-0.149844472334255,0.0717789807320347,-0.00351118
6.82,7.76027535300247,-0.148551712546231,0.070428827230289,-0.00618467
6.83,7.72893518152349,-0.142798816102798,0.0691088507737429,-0.00954915
6.84,7.71640881346857,-0.137501177828751,0.0678192480820628,-0.01355157
6.85,7.6975805041681,-0.139609114920432,0.0665602482150705,-0.0181288
6.86,7.68500287280593,-0.137355014722103,0.0653320436489958,-0.02320866
6.87,7.64503460233677,-0.122199115856077,0.0641347224571932,-0.02871104
6.88,7.59687654730665,-0.120351730444067,0.0629682873917002,-0.03454915
6.89,7.56672633538341,-0.107196438359018,0.0618325875551629,-0.04063093
6.9,7.56499710522245,-0.102098754552833,0.0607273393933851,-0.04686047
6.91,7.60516585081999,-0.102266839463975,0.0596520847656954,-0.05313953
6.92,7.60579360734728,-0.0902148554493303,0.0586062272326279,-0.05936907
6.93,7.60860436522171,-0.0841111061490833,0.0575890342016894,-0.06545085
6.94,7.60480783728775,-0.0840398890469458,0.0565996202406663,-0.07128896
6.95,7.6359233234627,-0.0795599239805688,0.0556369642798978,-0.07679134
6.96,7.63395343775455,-0.0796056694410443,0.0546999073772536,-0.0818712
6.97,7.59315883948138,-0.0753470173868866,0.0537871623056786,-0.08644843
6.98,7.52721661522712,-0.0749799317201732,0.0528973410288647,-0.09045085
6.99,7.46949203404737,-0.0751152824969821,0.0520289597182379,-0.09381533
7,7.46128256421238,-0.0705776146102096,0.0511804554457621,-0.09648882
7.01,7.45732916851744,-0.0672031595030701,0.0503502050249682,-0.09842916
7.02,7.45087687059079,-0.0703458858171395,0.0495365460089252,-0.09960574
7.03,7.44144856172023,-0.0780851373255528,0.0487377555186705,-0.09995241
7.04,7.47208231666168,-0.0958642347672469,0.0479525659645752,-0.1
7.05,7.52975033589798,-0.0933179819063764,0.0471801591281417,-0.09995241
7.06,7.54555320340467,-0.097389336455781,0.0464196013883325,-0.09980973
7.07,7.54217223487369,-0.0979608145346939,0.0456700069398256,-0.09957224
7.08,7.57395811880527,-0.10304266553087,0.0449306715779575,-0.09924039
7.09,7.55452487714622,-0.0945940024206023,0.0442010826361003,-0.0988148
7.1,7.52472084858486,-0.0895961053868288,0.0434808580455008,-0.09829629
7.11,7.52356377169359,-0.0784244435198074,0.0427696875937852,-0.09768585
7.12,7.48509431318553,-0.0774435459728058,0.0420672940474573,-0.09698463
7.13,7.534810497764,-0.0672068566533361,0.0413734141809814,-0.09619398
7.14,7.55551487758879,-0.0641038038390548,0.0406877894676963,-0.09531539
7.15,7.55444845181092,-0.0559849818221689,0.0400101669134934,-0.09435054
7.16,7.51730192204363,-0.0603718842559789,0.0393402997482309,-0.09330127
7.17,7.53650800061724,-0.0616698964692639,0.0386779489493773,-0.09216957
7.18,7.56182227653301,-0.0563170139975053,0.0380228843912638,-0.0909576
7.19,7.60338197196273,-0.0428006816645038,0.0373748854193163,-0.08966767
7.2,7.57599407985264,-0.0351243728973788,0.0367337410576796,-0.08830222
7.21,7.56227724688956,-0.0395914204251964,0.0360992498349139,-0.08686387
7.22,7.53825394560965,-0.0408872855343108,0.0354712204827979,-0.08535534
7.23,7.58538028648964,-0.0329031189702308,0.034849470694689,-0.08377951
7.24,7.62891498883977,-0.0256808786633641,0.0342338277618866,-0.08213938
7.25,7.63360823729911,-0.0323625731951754,0.0336241283842828,-0.08043807
7.26,7.60793360330216,-0.0446660244611468,0.0330202184400987,-0.07867882
7.27,7.58311573431651,-0.0572204969051582,0.0324219528661575,-0.07686498
7.28,7.59690496358309,-0.0546031258009931,0.0318291956332978,-0.075
7.29,7.60978344996621,-0.0569355248362117,0.0312418195459526,-0.07308743
7.3,7.56367197331314,-0.0688379208199133,0.0306597061706241,-0.07113091
7.31,7.55343747852486,-0.06999081104482,0.0300827456900384,-0.06913417
7.32,7.51625786116859,-0.0668326322547291,0.0295108367973473,-0.06710101
7.33,7.49839151656689,-0.0639027424805337,0.028943886479875,-0.06503529
7.34,7.54599071883199,-0.0599103464740779,0.028381809939025,-0.06294095
7.35,7.49206441401229,-0.0646636883236823,0.0278245293193962,-0.06082198
7.36,7.48278575369797,-0.0643477739517097,0.0272719767290633,-0.05868241
7.37,7.51988684326731,-0.0496174737400325,0.0267240913312416,-0.05652631
7.38,7.53750026828827,-0.0565345653774019,0.0261808187514078,-0.05435779
7.39,7.57694418656743,-0.0583317093751174,0.0256421124364715,-0.05218097
7.4,7.60014937109861,-0.0555279536595435,0.0251079331039916,-0.05
7.41,7.57917473055296,-0.0534601354765534,0.0245782484141644,-0.04781903
7.42,7.62421193405165,-0.0424941603810796,0.0240530326593201,-0.04564221
7.43,7.63469224096472,-0.0471077682817163,0.0235322665560525,-0.04347369
7.44,7.62692928622947,-0.0515951625946775,0.023015937048709,-0.04131759
7.45,7.55827131795563,-0.041980078143291,0.0225040370616596,-0.03917802
7.46,7.53893302384778,-0.0370175216016974,0.0219965653027873,-0.03705905
7.47,7.50332324281771,-0.0407566414317223,0.0214935077553149,-0.03496471
7.48,7.49281491519102,-0.0443214102455939,0.0209948967527132,-0.03289899
7.49,7.51566530168116,-0.0590216762049252,0.0205007420923095,-0.03086583
7.5,7.52157866708621,-0.0563857274000791,0.0200110619525891,-0.02886909
7.51,7.53663927667915,-0.0547795320295628,0.0195258790788706,-0.02691257
7.52,7.55617259242189,-0.0462206259813191,0.019045222663274,-0.025
7.53,7.56089560396966,-0.0526855738055327,0.0185691262816545,-0.02313502
7.54,7.59031995723834,-0.0509836562480644,0.0180976268894505,-0.02132118
7.55,7.61895489639829,-0.0500514754744063,0.0176307664164601,-0.01956193
7.56,7.60561874089478,-0.0433384963848457,0.0171685859595063,-0.01786062
7.57,7.57112682680906,-0.0480630807687447,0.0167111312183603,-0.01622049
7.58,7.572850610074,-0.0483749783843272,0.0162584504595182,-0.01464466
7.59,7.55481710019806,-0.0633502575850555,0.0158105942970711,-0.01313613
7.6,7.5697892534601,-0.0565568573517437,0.0153676154909396,-0.01169778
7.61,7.54534797029918,-0.0635391993125215,0.014929568626209,-0.01033233
7.62,7.52677240123713,-0.0656561425097248,0.0144965098813538,-0.0090424
7.63,7.46851031059059,-0.064273858056254,0.0140684967238404,-0.00783043
7.64,7.49736996778303,-0.05392192678646,0.0136455876294885,-0.00669873
7.65,7.46146208227236,-0.0576533275908158,0.0132278418041921,-0.00564946
7.66,7.50941387424385,-0.0563748364309366,0.0128153189146839,-0.00468461
7.67,7.48573507872204,-0.0578747857078336,0.0124080788510696,-0.00380602
7.68,7.49170608301942,-0.0449852543081068,0.0120061813856941,-0.00301537
7.69,7.52808990819552,-0.0412278735310515,0.0116096859529355,-0.00231415
7.7,7.54923355526883,-0.030919865671767,0.0112186513772182,-0.00170371
7.71,7.52645740435206,-0.0335931955981831,0.0108331356346762,-0.0011852
7.72,7.53328573042755,-0.0327099790129877,0.010453195538408,-0.00075961
7.73,7.51287455986522,-0.0284064461787672,0.0100788865622702,-0.00042776
7.74,7.48703875431802,-0.0263330824833513,0.00971026250322139,-0.00019027
7.75,7.5220157524953,-0.0339639427667281,0.00934732957233465,-0
7.76,7.44690207770663,-0.032708570107654,0.00899020825375594,-0
7.77,7.47647433538697,-0.0340773444039725,0.00863927678161089,-0.00039426
7.78,7.46245639776044,-0.0383175339566423,0.00829528760270004,-0.00157084
7.79,7.52748593323034,-0.02850809637235,0.00795906174865341,-0.00351118
7.8,7.5238832853979,-0.0274914139363785,0.00763128995776898,-0.00618467
7.81,7.56526921120746,-0.02779141323676,0.00731275564276401,-0.00954915
7.82,7.51029471533604,-0.0266497903185577,0.00700433510544499,-0.01355157
7.83,7.5239885157428,-0.0282856096786152,0.00670691922104707,-0.0181288
7.84,7.5096667261699,-0.0262324629677265,0.0064213335543198,-0.02320866
7.85,7.51661484429529,-0.0146139401012378,0.00614827986222479,-0.02871104
7.86,7.48196862027851,-0.0243729694230884,0.00588830327161376,-0.03454915
7.87,7.45037093835453,-0.0166990444063633,0.00564177016106223,-0.04063093
7.88,7.44070033492381,-0.00646874914190397,0.00540886064528277,-0.04686047
7.89,7.44636435514119,0.00376831940610053,0.0051895619091836,-0.05313953
7.9,7.46625311140745,0.00333498139215113,0.00498368812056978,-0.05936907
7.91,7.46001705692783,-0.00146166195900118,0.00479084621474866,-0.06545085
7.92,7.45002603773912,-0.0117072660899952,0.00461047921080862,-0.07128896
7.93,7.37525510040118,-0.00759040672172963,0.00444185949957717,-0.07679134
7.94,7.39333015921392,-0.00930015509064062,0.00428410209396642,-0.0818712
7.95,7.34950613755417,-0.0231695630275104,0.00413618128614289,-0.08644843
7.96,7.38362175538265,-0.0303584023795252,0.00399694818400567,-0.09045085
7.97,7.34817720307543,-0.0221898906300896,0.00386515124792023,-0.09381533
7.98,7.328121118546,-0.0211545157319333,0.00373945785875221,-0.09648882
7.99,7.29266734758136,-0.0177706685395848,0.00361847760055934,-0.09842916
8,7.33158844314684,-0.0135087546311686,0.00350078598705841,-0.09960574
8.01,7.33329859216131,-0.0149985594871492,0.00338490223444788,-0.09995106
8.02,7.34394906944503,-0.0123678191810706,0.00326984539104416,-0.1
8.03,7.28788258117239,-0.00282731131627047,0.0031550843923611,-0.09995106
8.04,7.32590489547648,-0.00723524769971714,0.00303997210061896,-0.09980434
8.05,7.33806877962029,-0.0127002680930846,0.00292389476981733,-0.09956013
8.06,7.35976113125899,-0.00790002470422647,0.00280644478949506,-0.0992189
8.07,7.3277665822482,-0.00631174361161032,0.00268740481848616,-0.09878132
8.08,7.31113615210823,-0.0108285267719171,0.00256668071148705,-0.09824825
8.09,7.30030156240976,-0.00587407684331669,0.00244424158304718,-0.09762073
8.1,7.34060418306513,-0.00852001368527638,0.00232008238334928,-0.09689999
8.11,7.36224427467845,-0.0125111109608479,0.00219420409777922,-0.09608744
8.12,7.33664835876364,-0.00300105242353084,0.00206660652829121,-0.09518467
8.13,7.36725192825761,-0.00677041157581239,0.00193728685507338,-0.09419346
8.14,7.40898121946438,-0.0170024644390696,0.0018062404908498,-0.09311573
8.15,7.3714350395354,-0.0146391202977774,0.00167346245411571,-0.0919536
8.16,7.37532139076541,-0.0163102071164668,0.00153894855191719,-0.09070934
8.17,7.38052136336107,-0.0168071006107174,0.00140269620761064,-0.0893854
8.18,7.29492293715763,-0.0142764684043164,0.00126470499227543,-0.08798435
8.19,7.36610988418004,-0.017122133707561,0.00112497700511267,-0.08650895
8.2,7.35866944075209,-0.0183530415823765,0.000983517160618431,-0.08496209
8.21,7.3670811490831,-0.0128089557597976,0.000840333369586339,-0.08334678
8.22,7.42602871820097,-0.0139731805650929,0.000695436748282711,-0.08166619
8.23,7.4310380922058,-0.0167457886871503,0.000548841822219738,-0.07992362
8.24,7.45646112721086,-0.0179853971882987,0.000400566752560163,-0.07812246
8.25,7.48003746353608,-0.0201159461490264,0.000250633169969275,-0.07626626
8.26,7.44606342454949,-0.0224419722364514,9.90666388792118e-05,-0.07435864
8.27,7.48770703004242,-0.0168828947752196,-5.41033661666194e-05,-0.07240334
8.28,7.50688897902996,-0.0153507071181899,-0.00020884308006827,-0.07040418
8.29,7.52135752919192,-0.0153661052125514,-0.000365115237256798,-0.06836508
8.3,7.5409295933032,-0.0191887244298439,-0.000522878146006078,-0.06629003
8.31,7.46289474697987,-0.0190997582071695,-0.000682085937748014,-0.06418309
8.32,7.50235001381953,-0.0265346753914563,-0.000842688587142435,-0.06204839
8.33,7.51002715230243,-0.02879981742588,-0.00100463186970194,-0.0598901
8.34,7.48090515182954,-0.0320908835122113,-0.00116785740295638,-0.05771245
8.35,7.43623647186401,-0.0434925148036341,-0.00133230267578949,-0.0555197
8.36,7.39079378723143,-0.0411774454583986,-0.00149790108187337,-0.05331615
8.37,7.38271035441126,-0.0362054812163123,-0.00166458199585072,-0.0511061
8.38,7.41533050770591,-0.031388538897528,-0.00183227084150753,-0.0488939
8.39,7.44218352315918,-0.0180487723506858,-0.0020008892654649,-0.04668385
8.4,7.41355642459107,-0.0202756331950942,-0.00217035496404609,-0.0444803
8.41,7.42124973981238,-0.018401439563731,-0.00234058209110265,-0.04228755
8.42,7.45941667760074,-0.00173811676748,-0.00251148128567477,-0.0401099
8.43,7.50045740949579,0.0021201028737521,-0.00268295979865108,-0.03795161
8.44,7.47534585878374,0.00425083919820733,-0.00285492165854413,-0.03581691
8.45,7.49827291771452,0.000522409874482266,-0.00302726782543797,-0.03370997
8.46,7.46319752618986,-0.00214992242125434,-0.0031998963486611,-0.03163492
8.47,7.53016636026793,-0.00230622417465783,-0.00337270256068772,-0.02959582
8.48,7.48635884184906,-0.00593938476647449,-0.00354557925278535,-0.02759666
8.49,7.48718273486077,-0.0170708507364803,-0.00371841686267619,-0.02564136
8.5,7.50093140722853,-0.0258334019485504,-0.00389110370783348,-0.02373374
8.51,7.5682142178576,-0.0260753782877477,-0.00406352616699625,-0.02187754
8.52,7.53992925161887,-0.0296413597105855,-0.00423556887388442,-0.02007638
8.53,7.53786134307103,-0.0402166016950948,-0.00440711496567566,-0.01833381
8.54,7.50116120304501,-0.0411140737965989,-0.00457804631583608,-0.01665322
8.55,7.51678397135606,-0.0400463200806322,-0.00474824377011722,-0.01503791
8.56,7.51780613161893,-0.036337098392237,-0.00491758734828075,-0.01349105
8.57,7.46787193840927,-0.0310790522188696,-0.00508595651017715,-0.01201565
8.58,7.46572686215089,-0.0361479896003582,-0.00525323041437407,-0.0106146
8.59,7.51031679893318,-0.0278294333831017,-0.0054192881041414,-0.00929066
8.6,7.51264799725465,-0.0190355106794236,-0.00558400895877023,-0.0080464
8.61,7.51607964628162,-0.0103730040042245,-0.00574727247936863,-0.00688427
8.62,7.51875372950463,-0.0027660877172619,-0.00590895896481565,-0.00580654
8.63,7.49225755490128,0.00625049775818769,-0.00606894964046991,-0.00481533
8.64,7.49207125183631,0.0107956606511322,-0.00622712688857904,-0.00391256
8.65,7.44605673172302,0.0137562869569648,-0.00638337451496375,-0.00310001
8.66,7.41524821994491,0.0022128298001058,-0.00653757797006731,-0.00237927
8.67,7.41364211682469,-0.00613887622543076,-0.00668962462108796,-0.00175175
8.68,7.38838167684983,-0.00752726675890656,-0.00683940399281894,-0.00121868
8.69,7.43701088096853,-0.00159933998093332,-0.00698680799852338,-0.0007811
8.7,7.45643733145013,-0.00731135926873143,-0.00713173119637399,-0.00043987
8.71,7.49875747188132,-0.00579909026184257,-0.00727407100044406,-0.00019566
8.72,7.4953898791208,0.00695471136379297,-0.00741377376604108,-0
8.73,7.51914948119031,0.00830802322147081,-0.00755067161682276,-0
8.74,7.52697028614586,0.0179665561102568,-0.0076843357486858,-0.00039426
8.75,7.52927334668462,0.0160337001038249,-0.00781396668206182,-0.00157084
8.76,7.48256279882046,0.00587302661439436,-0.00793869986438405,-0.00351118
8.77,7.46366765043054,0.00246065261116914,-0.00805780590104152,-0.00618467
8.78,7.41970660863579,-0.00855950948286628,-0.00817046744713772,-0.00954915
8.79,7.47619000256652,-0.0255239265705276,-0.0082757861203256,-0.01355157
8.8,7.45088812912305,-0.0132792630392545,-0.00837285967378159,-0.0181288
8.81,7.44139737167168,-0.00865269219097586,-0.00846086524200839,-0.02320866
8.82,7.42310936828267,-0.00561837709422392,-0.00853910015711774,-0.02871104
8.83,7.48146593771436,-0.0098499907424914,-0.00860710068142255,-0.03454915
8.84,7.47895899714417,-0.0107274236459598,-0.00866454893243247,-0.04063093
8.85,7.52691713311898,-0.0017339194893804,-0.00871131089643788,-0.04686047
8.86,7.472831337705,-0.000497242362578218,-0.00874752575522036,-0.05313953
8.87,7.48978674255835,-0.0136001750482754,-0.00877369576997337,-0.05936907
8.88,7.49965338216862,-0.0143733752477352,-0.00879023717703278,-0.06545085
8.89,7.48566709289428,-0.0161856265804453,-0.00879804001410414,-0.07128896
8.9,7.40493237857427,-0.011120300196014,-0.00879822466297849,-0.07679134
8.91,7.39718928798392,-0.0130492961751563,-0.00879216540984856,-0.0818712
8.92,7.37769552721237,-0.0212905165001976,-0.00878158603287232,-0.08644843
8.93,7.39703884641856,-0.0139773247621569,-0.00876834078956092,-0.09045085
8.94,7.35078174587855,-0.0129055555040918,-0.00875414038954116,-0.09381533
8.95,7.35314356601099,-0.0188011423684041,-0.00874025285524479,-0.09648882
8.96,7.35876943498913,0.00090745779926121,-0.00872745689425431,-0.09842916
8.97,7.36878338859368,-0.00356188524475355,-0.00871622526699723,-0.09960574
8.98,7.4018465453529,0.00253267118828191,-0.00870688972895953,-0.09995729
8.99,7.45378131951006,0.00644601164134171,-0.00869922803333541,-0.1
9,7.48411098184408,0.00825578947532785,-0.0086925346638622,-0.09995729
9.01,7.47896633227345,0.00812482014555525,-0.00868639378264418,-0.09982922
9.02,7.448037577166,0.00981313685339397,-0.00868069709398772,-0.09961603
9.03,7.50229824073385,-0.00316947601040844,-0.00867544569022651,-0.09931807
9.04,7.52278331884127,0.00175495214367922,-0.00867068361247151,-0.09893584
9.05,7.46729510316057,-0.00265509769759638,-0.00866647730270273,-0.09847001
9.06,7.4061982923512,0.00222229059004982,-0.00866290974171646,-0.09792137
9.07,7.37985469740658,-0.00322674302015553,-0.0086600788991593,-0.09729086
9.08,7.40231270664526,0.00180113496863132,-0.00865810485483165,-0.09657955
9.09,7.43487015551919,0.00769692860499314,-0.00865710740354046,-0.09578867
9.1,7.3838971019078,0.00558194323396639,-0.00865722765548647,-0.09491955
9.11,7.35022231356892,0.00291182747478136,-0.00865860767559328,-0.09397369
9.12,7.34513467912098,0.0081564310167082,-0.00866139752517241,-0.0929527
9.13,7.37213257972292,0.0122978027541668,-0.00866574918947202,-0.09185832
9.14,7.37046733925933,0.0172583521859902,-0.00867181589242148,-0.09069244
9.15,7.37820431028941,0.0253027903443584,-0.00867973934400749,-0.08945703
9.16,7.37684324535021,0.0234332760010446,-0.00868965361178949,-0.0881542
9.17,7.40418052188704,0.0126114533212843,-0.0087016854712109,-0.0867862
9.18,7.39835275862563,0.00453718635406502,-0.00871594173593427,-0.08535534
9.19,7.4366705334992,0.0064739175145477,-0.00873252775420648,-0.08386408
9.2,7.40590435800197,-0.00679722107010197,-0.00875152571824826,-0.08231496
9.21,7.43998993676052,-0.00600990005053394,-0.0087730068995336,-0.08071064
9.22,7.43369193302901,-0.0105098429475686,-0.0087970315344816,-0.07905384
9.23,7.38091416527145,-0.0138368073617209,-0.00882364316941918,-0.07734741
9.24,7.35280884306984,-0.00646196337213808,-0.00885286519597964,-0.07559425
9.25,7.37057972479526,0.00659263733012725,-0.00888472896421542,-0.07379737
9.26,7.37575034778998,0.00454912978611169,-0.00891924089504852,-0.07195983
9.27,7.40467343758754,0.0108028282504908,-0.00895639944332167,-0.07008477
9.28,7.36209288537522,0.000805425367360045,-0.00899619431065609,-0.0681754
9.29,7.3817170205883,-0.00244130614510266,-0.00903860645036427,-0.06623497
9.3,7.43780227437434,0.00320587844090981,-0.00908362172800796,-0.06426681
9.31,7.50256384161571,0.00284359120893131,-0.00913118900161451,-0.06227427
9.32,7.53289789314045,-0.00199798307450737,-0.00918127402754714,-0.06026077
9.33,7.52120601396907,-0.00217639744956944,-0.00923382734910799,-0.05822973
9.34,7.52389152995976,0.0012853485906905,-0.00928880568056581,-0.05618463
9.35,7.52674965526331,0.00962583440323926,-0.00934613386484077,-0.05412897
9.36,7.51156087615608,0.0058709105704779,-0.00940575293538374,-0.05206625
9.37,7.54960769672065,-0.00113006744003858,-0.0094675863802501,-0.05
9.38,7.52454493765545,-0.00245025513744947,-0.00953156257428443,-0.04793375
9.39,7.51086954987521,-0.0018980591113047,-0.00959759908486837,-0.04587103
9.4,7.55895208350686,-0.00652949711356996,-0.00966561054159635,-0.04381537
9.41,7.54912096357739,-0.00801422668828648,-0.00973550852360883,-0.04177027
9.42,7.52887858821435,-0.00720689328381405,-0.00980720160287553,-0.03973923
9.43,7.50541313084864,0.00189335347858008,-0.00988059499813923,-0.03772573
9.44,7.44244217378561,0.0130873277935534,-0.00995559113999576,-0.03573319
9.45,7.43853889605636,0.0157380310644646,-0.0100320897180888,-0.03376503
9.46,7.42993420153642,0.0159873206762974,-0.010109987893102,-0.0318246
9.47,7.40379587840539,0.0227434828488968,-0.0101891805324771,-0.02991523
9.48,7.39696258159485,0.0170598030320845,-0.0102695604530697,-0.02804017
9.49,7.43101612512923,0.0135118898017989,-0.0103510186044567,-0.02620263
9.5,7.46469506544086,0.000155693600891131,-0.0104334442996954,-0.02440575
9.51,7.4720988682422,-0.00811815228508434,-0.0105167254304116,-0.02265259
9.52,7.48986739238367,-0.0145730877186389,-0.0106007486540892,-0.02094616
9.53,7.52460111758361,-0.0134548091841074,-0.0106853996064582,-0.01928936
9.54,7.53261663531801,-0.0188824695632132,-0.0107705630975378,-0.01768504
9.55,7.5018804156537,-0.0196292894240398,-0.0108561233191819,-0.01613592
9.56,7.5034657422794,-0.0155465551954393,-0.0109419640420538,-0.01464466
9.57,7.48279632620573,-0.0118644748828808,-0.0110279688089688,-0.0132138
9.58,7.51771866913337,-0.0212383238831584,-0.011114021124651,-0.0118458
9.59,7.48806982046193,-0.0182187109887066,-0.0112000009180115,-0.01054297
9.6,7.41877820521731,-0.0226943299902081,-0.0112857766441137,-0.00930756
9.61,7.4050313763056,-0.0278793203719536,-0.01137125674878,-0.00814168
9.62,7.44374060294904,-0.0233094800740351,-0.011456317021332,-0.0070473
9.63,7.40959263247581,-0.0229717546867613,-0.0115408419369322,-0.00602631
9.64,7.40506854503582,-0.020741481666644,-0.0116247199691434,-0.00508045
9.65,7.34932361268682,-0.0140218702377936,-0.01170784148677,-0.00421133
9.66,7.31365583852997,-0.0140417608239579,-0.0117900962326744,-0.00342045
9.67,7.35358354339665,-0.0142328363970915,-0.0118713791548808,-0.00270914
9.68,7.35265995816572,-0.00409170509910034,-0.0119515838176546,-0.00207863
9.69,7.33741915785594,0.00287162472390412,-0.0120306095115443,-0.00152999
9.7,7.34564486396404,-0.00316995626166062,-0.012108354666184,-0.00106416
9.71,7.36571150526727,-0.0110645798900183,-0.012184716116411,-0.00068193
9.72,7.36559977540628,-0.0094588490461651,-0.0122596009485492,-0.00038397
9.73,7.37099859126623,-0.00442361647608642,-0.0123329298564301,-0.00017078
9.74,7.35224779362324,-0.00333010371970436,-0.0124046355665962,-0
9.75,7.31650239708793,-0.0114240805979192,-0.0124745746795622,-0
9.76,7.31902352368364,-0.0169044410234777,-0.0125423146629774,-0.00039426
9.77,7.33368816078795,-0.0104151281007219,-0.0126070307060911,-0.00157084
9.78,7.31275419881722,-0.00113192117093537,-0.0126678726755383,-0.00351118
9.79,7.34379331942477,-0.000969777815999112,-0.0127241164461312,-0.00618467
9.8,7.37857530093478,-0.00803648775079856,-0.0127749581772204,-0.00954915
9.81,7.40523027255146,-0.00588298934597915,-0.0128195368027383,-0.01355157
9.82,7.4289023249057,0.00740667426155133,-0.0128570515611859,-0.0181288
9.83,7.4405266131594,0.00561906275976026,-0.0128867447250125,-0.02320866
9.84,7.45652885300398,-0.00137816456288951,-0.0129080534250427,-0.02871104
9.85,7.47963434744652,-0.00303707156095206,-0.0129206461419565,-0.03454915
9.86,7.49929601508875,0.000567709358865314,-0.0129244727830905,-0.04063093
9.87,7.49188477056905,0.0116646045788688,-0.0129198374864088,-0.04686047
9.88,7.47982101739486,0.0151133234278517,-0.0129074959034124,-0.05313953
9.89,7.46688087221707,0.0107012102883368,-0.0128830080776267,-0.0656343
9.9,7.4665014193232,0.0115093194838913,-0.0128411536405702,-0.08424655
9.91,7.38898453312158,0.0204804711557735,-0.0127814689334157,-0.10888036
9.92,7.36753510174576,0.0232905349187796,-0.0127044410097554,-0.13944367
9.93,7.31914432385837,0.020728551670996,-0.0126104320993322,-0.17584969
9.94,7.2696753615966,0.0145977354690335,-0.012499684403292,-0.21801832
9.95,7.23323212183984,0.0106666489140406,-0.012372387486524,-0.26587736
9.96,7.18864378127405,0.00278350442482585,-0.0122286833438232,-0.31936371
9.97,7.09044772822985,0.00226784580876317,-0.0120686913980777,-0.37842429
9.98,7.09389599364071,4.59737911071663e-05,-0.0118982970278385,-0.43675172
9.99,7.06170859154117,-0.00502543466052397,-0.0117251149375598,-0.49431539
10,7.01762278199427,-0.00646113477851044,-0.0115520153106797,-0.55104012
10.01,6.96431691602816,-0.00716091687806134,-0.0113794731966826,-0.60748385
10.02,6.88654293483967,0.000360156848002443,-0.0112070443121392,-0.66381431
10.03,6.84512995297399,0.00539557337074822,-0.0110345054520901,-0.72003163
10.04,6.79478262434887,0.00276248047895768,-0.0108617373319018,-0.7761362
10.05,6.74888327670893,0.0126469143024344,-0.0106886982582185,-0.83212866
10.06,6.68245656358501,0.0248169727442602,-0.0105153736591945,-0.88800989
10.07,6.59989409823442,0.0261078249641279,-0.0103417580810982,-0.94378106
10.08,6.55016185660441,0.0303032786563285,-0.010167848838647,-0.99944355
10.09,6.51297066224967,0.0299423761434858,-0.00999364377368718,-1.054999
10.1,6.4565677887978,0.0313208075986603,-0.00981914043255627,-1.11044929
10.11,6.40136053119771,0.0318902186272999,-0.00964433578426496,-1.16579656
10.12,6.3344194338885,0.0162730043166051,-0.00946922614608434,-1.22104315
10.13,6.28561638950729,0.0121187823362973,-0.0092938071578416,-1.27619165
10.14,6.26779494102481,0.0167229287312257,-0.0091180737699057,-1.33124487
10.15,6.26277203683574,0.0161924625584039,-0.00894202027522503,-1.38620582
10.16,6.22346915768727,0.0155988376849215,-0.00876564030709221,-1.44107774
10.17,6.19001719344289,0.0141250731780077,-0.0085889268576774,-1.49586405
10.18,6.16966427185201,0.0216709099114008,-0.00841187228845909,-1.5505684
10.19,6.12147828958867,0.0226724021725817,-0.0082344683589089,-1.60519458
10.2,6.07709550861278,0.0267743499424611,-0.00805670627398891,-1.65974658
10.21,6.03364803014415,0.0200867708186356,-0.00787853908610074,-1.71422857
10.22,5.9465530266163,0.0203780619797304,-0.00770001210129364,-1.76864486
10.23,5.87216587196636,0.0141628100762592,-0.00752110351516409,-1.82299991
10.24,5.83254866296577,0.0170204462217017,-0.0073417983641523,-1.87729833
10.25,5.80378430259408,0.0101691499386624,-0.00716208384881272,-1.93154485
10.26,5.696734300566,0.0134860711014333,-0.00698194766860932,-1.98574432
10.27,5.66102168622762,0.00295529457960529,-0.00680137747401848,-2.03990169
10.28,5.53991467407771,-0.00364332053581656,-0.00662036065558449,-2.09402201
10.29,5.52626984738024,-0.0058339875721708,-0.00643888429837776,-2.14811043
10.3,5.49514252725857,-0.00122923084685552,-0.00625693520416049,-2.20217214
10.31,5.40093210161688,3.11265237563389e-05,-0.00607449991709096,-2.25621241
10.32,5.33330214137779,0.00463952686920115,-0.00589156472893907,-2.31023656
10.33,5.40760065517734,0.035620254883019,-0.00570811571661859,-2.36424995
10.34,5.5829667343887,0.102974602861502,-0.0055241387945275,-2.41825795
10.35,5.95612332572439,0.1956154913,0,-2.47226595
10.36,6.44309257574221,0.29856850938896,0.001051852992922,-2.52627933
10.37,7.09873377826279,0.41980079269186,0.00397184539288326,-2.58030349
10.38,7.92174209031783,0.548111724983167,0.0088451117709284,-2.63434376
10.39,8.85740800981715,0.696981580928006,0.015388238935173,-2.68840547
10.4,9.84879376030538,0.82847961782614,0.0232878971382978,-2.74249389
10.41,10.8028170369617,0.924238774270124,0.0322974704965951,-2.79661421
10.42,11.7388423070993,1.01894847885587,0.0422565472826361,-2.85077158
10.43,12.5756207992864,1.10609731851292,0.0530674978896973,-2.90497104
10.44,13.3482920096619,1.17275996954274,0.0646665479943151,-2.95921756
10.45,14.010995159973,1.22899796378946,0.0770068041905775,-3.01351598
10.46,14.5677655742509,1.26627927710985,0.0899865878149879,-3.06787104
10.47,15.0205700990304,1.28630671861954,0.103343086354435,-3.12228733
10.48,15.3457171955139,1.31402545925938,0.116817054973543,-3.17676932
10.49,15.6007629246239,1.31790033708393,0.130248692123592,-3.23132132
10.5,15.7770097574816,1.31000186825701,0.143564368490875,-3.2859475
10.51,15.8894784391671,1.3048344395848,0.156740695939958,-3.34065185
10.52,16.0107313811316,1.29330224294957,0.169777361873814,-3.39543816
10.53,16.0938356207123,1.28000014343789,0.18268069894714,-3.45031008
10.54,16.1840490031009,1.2739474994017,0.195456936172675,-3.50527103
10.55,16.2743207945478,1.26018028974058,0.208110247556399,-3.56032425
10.56,16.3793528953237,1.24060312625879,0.220643139020632,-3.61547275
10.57,16.4768310388163,1.23277023326846,0.233057128051946,-3.67071934
10.58,16.5831331030672,1.20915489372073,0.245353317032287,-3.72606661
10.59,16.6762918676419,1.19556237507392,0.257532740436027,-3.7815169
10.6,16.742640500545,1.18709673534545,0.269596466527411,-3.83707235
10.61,16.8376609779038,1.17073117720752,0.28154536996884,-3.89273484
10.62,16.9289245819631,1.15749971713249,0.293380870256852,-3.948506
10.63,16.9596286880838,1.15656862647906,0.305104076723288,-4.00438724
10.64,17.0380301060249,1.14467856392111,0.316716130737493,-4.0603797
10.65,17.096738078119,1.1470410482964,0.328218197892139,-4.11648427
10.66,17.1323832315813,1.13878188919526,0.339608757178018,-4.16637973
10.67,17.2362755478645,1.12108881056561,0.350883740548322,-4.21023635
10.68,17.3608354604645,1.11246832309372,0.362040119997689,-4.24822201
10.69,17.4340352008708,1.10365068042549,0.373075697378346,-4.28072476
10.7,17.5414677338475,1.08556102208255,0.383988257745932,-4.30772602
10.71,17.6236702850139,1.07288400968491,0.394768148773939,-4.31311444
10.72,17.7648139196215,1.05353270851368,0.405398925825652,-4.29684787
10.73,17.9442786827945,1.04071216405021,0.415866920003656,-4.25887323
10.74,18.029607584677,1.03039037028201,0.426159264526352,-4.1991274
10.75,18.1153106832626,1.01162947149303,0.436265702924713,-4.12380344
10.76,18.2328436632469,0.990703126960544,0.446177981618296,-4.03282123
10.77,18.3759892457194,0.977011516770783,0.45588635123099,-3.926094
10.78,18.4862296958839,0.941650901458808,0.465379728374134,-3.80352968
10.79,18.618080231256,0.913089827010691,0.474646831387532,-3.66503234
10.8,18.6811319454765,0.88669916326834,0.483683956873667,-3.52658452
10.81,18.8332601184858,0.85580222163363,0.492494545892131,-3.38808718
10.82,18.9379899061085,0.834375037574045,0.501078354341042,-3.24944209
10.83,19.1186509648399,0.803975744827182,0.509433943653357,-3.11055333
10.84,19.2208768219416,0.776856206047881,0.517560006177676,-2.97132883
10.85,19.3778318502283,0.756791871102523,0.525455750355374,-2.83168182
10.86,19.5096606866675,0.730392200116909,0.533120593461644,-2.69153218
10.87,19.6576503552668,0.699646706509356,0.540554024946941,-2.55080772
10.88,19.8423171012975,0.680686933269225,0.547755647216822,-2.40944533
10.89,19.9908173463306,0.662627396885439,0.554724989490296,-2.26739194
10.9,20.0745585566843,0.653074347729153,0.561461441652562,-2.1246054
10.91,20.2447025057193,0.623590760428008,0.567964338617111,-1.98105511
10.92,20.3519316422602,0.599703205551323,0.574232898874666,-1.83666914
10.93,20.4066949536551,0.581515394246511,0.580266592167403,-1.69199562
10.94,20.5399121987097,0.561433101901123,0.586065257652188,-1.5472154
10.95,20.5812690612338,0.542217302561804,0.59162864363053,-1.40232858
10.96,20.6981474929176,0.508184064664428,0.596956343181517,-1.25733552
10.97,20.7765054620507,0.471419949690193,0.602047987403061,-1.11223678
10.98,20.8831365703165,0.452536610686128,0.60690332280704,-0.96703315
10.99,20.99114591166,0.432474735625158,0.611522006221201,-0.82172566
11,21.0599458485524,0.400816288709831,0.615903719787384,-0.67631553
11.01,21.0960449819275,0.379594327077767,0.620059220640611,-0.546885
11.02,21.1789013203315,0.353720907127194,0.624007291791093,-0.43343573
11.03,21.1780348486745,0.337067824553636,0.627761766514432,-0.33596962
11.04,21.1570471890209,0.286762266737981,0.631336957063031,-0.25448876
11.05,20.5998583268404,0.150578350783569,0.634749638146412,-0.18899544
11.06,19.670740078575,-0.0427743207546609,0.638019103098166,-0.13949217
11.07,18.6163244303386,-0.245227278839616,0.640687211033953,-0.10598163
11.08,17.3493065653118,-0.460800121980675,0.637559405895363,-0.0884667
11.09,16.0391517354449,-0.680269149102507,0.629489581101429,-0.08695045
11.1,14.7491544471171,-0.892328650194351,0.618959175130021,-0.08535534
11.11,13.481355130366,-1.0647126761666,0.607409380223644,-0.08368478
11.12,12.7354772166771,-1.14486729506007,0.595617051240096,-0.08194234
11.13,12.287693320928,-1.1609105281592,0.583945137675892,-0.08013173
11.14,12.0302095430656,-1.15063151340266,0.572521375700127,-0.07825682
11.15,11.9250808748089,-1.12564632431357,0.561361383166205,-0.07632161
11.16,11.7754888034941,-1.09483050949117,0.55044133352004,-0.07433022
11.17,11.6147827842305,-1.06809417442096,0.539734418535522,-0.07228692
11.18,11.5079944450856,-1.03488988300229,0.529222764712862,-0.07019605
11.19,11.3200817343471,-1.01173148923178,0.518897508633427,-0.06806208
11.2,11.2293560967252,-0.984401145483445,0.508754728025486,-0.06588957
11.21,11.107661378497,-0.968371508478233,0.498792589280298,-0.06368315
11.22,10.9739289586624,-0.956512067732608,0.489009618315389,-0.06144753
11.23,10.9082882323141,-0.945140407014528,0.479403903886965,-0.05918748
11.24,10.8726141644456,-0.931358254172855,0.469973618486813,-0.05690782
11.25,10.7892018462838,-0.913908906886903,0.460716477823547,-0.05461342
11.26,10.7204619517727,-0.903476597477372,0.451630040219716,-0.05230917
11.27,10.6136808120238,-0.88789729222349,0.442711866823129,-0.05
11.28,10.5026126778882,-0.869247060083346,0.433959575748734,-0.04769083
11.29,10.4349813159661,-0.84734059200564,0.425370823490246,-0.04538658
11.3,10.3271714735089,-0.823675409556859,0.416943281480297,-0.04309218
11.31,10.2473900429275,-0.798471988713184,0.408674642365798,-0.04081252
11.32,10.1299608882923,-0.791872019678367,0.400562653880938,-0.03855247
11.33,10.0047894151532,-0.769166050753758,0.392605100375436,-0.03631685
11.34,9.89189284261373,-0.761079944753202,0.384799679474909,-0.03411043
11.35,9.84579894711549,-0.74848413042651,0.377144171767313,-0.03193792
11.36,9.77156724978721,-0.732311890215687,0.369636370440204,-0.02980395
11.37,9.72565358640106,-0.720673441443859,0.362274056955057,-0.02771308
11.38,9.66271337782774,-0.712806323634601,0.355055056690055,-0.02566978
11.39,9.60225441435858,-0.693487882146413,0.347977225710827,-0.02367839
11.4,9.57686261458707,-0.685359311785602,0.341038446207721,-0.02174318
11.41,9.5572157238993,-0.663215927334939,0.334236504744369,-0.01986827
11.42,9.45124139781837,-0.64336576275299,0.327569308861639,-0.01805766
11.43,9.37613562855531,-0.634523183304017,0.321034736173894,-0.01631522
11.44,9.29249296352006,-0.627179394661693,0.314630675723697,-0.01464466
11.45,9.18972493439332,-0.61598693859696,0.308355144786382,-0.01304955
11.46,9.2100389254177,-0.607185321807285,0.302206086813951,-0.0115333
11.47,9.16103960771907,-0.596869262547527,0.2961814926888,-0.01009914
11.48,9.1695407789651,-0.589978567643549,0.290279284116174,-0.00875013
11.49,9.14934951376359,-0.578639503788713,0.284497534372951,-0.00748914
11.5,9.09824758373086,-0.563653735766962,0.278834197267438,-0.00631888
11.51,9.07954651695865,-0.549601886300687,0.273287348171617,-0.00524184
11.52,9.05672814880063,-0.537682567480126,0.26785504324391,-0.00426031
11.53,8.96594252882797,-0.527158530312972,0.26253535850301,-0.00337639
11.54,8.90075805878041,-0.514647728122443,0.257326409038449,-0.00259197
11.55,8.81187422466546,-0.50295851291552,0.252226251995111,-0.00190872
11.56,8.76063320170926,-0.489706100835195,0.247233037825967,-0.0013281
11.57,8.77047905062445,-0.475983228955085,0.242344911932493,-0.00085135
11.58,8.76943492363422,-0.466868217137225,0.237560101933326,-0.00047948
11.59,8.72071283631147,-0.461843482472165,0.232876695155646,-0.00021329
11.6,8.72129230468273,-0.449310153858779,0.228292869101013,-0
11.61,8.72214976369181,-0.439863231219035,0.22380689241394,-0
11.62,8.6399826328516,-0.428104583195362,0.219417254548813,-0.00039426
11.63,8.58489011386998,-0.421645416529107,0.21512274906143,-0.00157084
11.64,8.5065414680775,-0.419274667810011,0.210922305234815,-0.00351118
11.65,8.42468965605678,-0.411144469911249,0.206814732951964,-0.00618467
11.66,8.37663931403238,-0.396073002734461,0.202798863543118,-0.00954915
11.67,8.3174843217812,-0.385551894452252,0.198873572316314,-0.01355157
11.68,8.23996578681289,-0.371517127885583,0.19503775462314,-0.0181288
11.69,8.28713883050131,-0.367734403082871,0.191290286653782,-0.02320866
11.7,8.25793322202247,-0.365235503779388,0.187629993208791,-0.02871104
11.71,8.24013562168684,-0.360207459337011,0.184055626907493,-0.03454915
11.72,8.22312435496663,-0.34498001588689,0.180565854419316,-0.04063093
11.73,8.24175808665358,-0.342604048488502,0.177159254575814,-0.04686047
11.74,8.20318293692769,-0.342747984870497,0.173834312440003,-0.05313953
11.75,8.24686712108793,-0.331226153772881,0.170589437202657,-0.05936907
11.76,8.1741987690961,-0.330206773469088,0.167422876640702,-0.06545085
11.77,8.16665514333478,-0.319817892454195,0.164332786899353,-0.07128896
11.78,8.14361460425974,-0.307004204612241,0.16131731623664,-0.07679134
11.79,8.14557901361572,-0.304753436242172,0.158374452058519,-0.0818712
11.8,8.11257501216789,-0.286387302964783,0.155502097492958,-0.08644843
11.81,8.11450988575496,-0.271855366753984,0.152698080957974,-0.09045085
11.82,8.04792671385205,-0.268485486987018,0.149960161909009,-0.09381533
11.83,8.02138057180132,-0.258697652367533,0.147286040873374,-0.09648882
11.84,7.99888544825043,-0.252105270764122,0.144673372046198,-0.09842916
11.85,8.0060689166297,-0.253221375004527,0.142119777841414,-0.09960574
11.86,7.99803025915092,-0.246891145337174,0.139622834040518,-0.09995729
11.87,7.98799806189858,-0.253038063851159,0.137180483864541,-0.1
11.88,7.91807121701641,-0.252349456929034,0.134791126942928,-0.09995729
11.89,7.92272825846766,-0.250961019837048,0.132453100327695,-0.09982922
11.9,7.90325970990407,-0.245802226559565,0.130164710090602,-0.09961603
11.91,7.92693319832886,-0.243588717980715,0.127924393631066,-0.09931807
11.92,7.89801360247644,-0.237977933102205,0.125730736823673,-0.09893584
11.93,7.87008667305342,-0.227172213825216,0.123582435132111,-0.09847001
11.94,7.86547548971209,-0.221345313546112,0.121478267601426,-0.09792137
11.95,7.89441998368942,-0.213913440981994,0.119417000907952,-0.09729086
11.96,7.8672240863632,-0.206569514717283,0.117397479135836,-0.09657955
11.97,7.89808306390323,-0.20391996538343,0.115418547625388,-0.09578867
11.98,7.91194894264311,-0.197754799846505,0.113479074428524,-0.09491955
11.99,7.86843254658254,-0.191093890430448,0.111577955136741,-0.09397369
12,7.85221001980527,-0.196444559264985,0.109714111165995,-0.0929527
12.01,7.83548705006564,-0.190787914912409,0.107886491049374,-0.09185832
12.02,7.79532857904306,-0.186562235585895,0.106094113404597,-0.09069244
12.03,7.76206524287127,-0.186410906704732,0.104335922985072,-0.08945703
12.04,7.74388451229678,-0.175400993848264,0.102610964782829,-0.0881542
12.05,7.70054713173442,-0.173229418788352,0.100918306040312,-0.0867862
12.06,7.70257448272606,-0.166471291871013,0.099257034329618,-0.08535534
12.07,7.70104341647882,-0.162424684533236,0.0976262623789857,-0.08386408
12.08,7.65879900994965,-0.158537694656911,0.096025128595079,-0.08231496
12.09,7.66442647865266,-0.161754387561626,0.0944527984167586,-0.08071064
12.1,7.7200241457915,-0.159859273198337,0.0929084647650968,-0.07905384
12.11,7.7020306736769,-0.165228452865916,0.091391347039039,-0.07734741
12.12,7.69432132492318,-0.162752104179225,0.089900690602059,-0.07559425
12.13,7.71104584561362,-0.165118041936732,0.0884357660102794,-0.07379737
12.14,7.67596868506437,-0.153029622174812,0.0869958686183343,-0.07195983
12.15,7.67519298682451,-0.150914443772605,0.0855803182731519,-0.07008477
12.16,7.63835203226877,-0.140980982327865,0.084188458866174,-0.0681754
12.17,7.58065694203042,-0.136181840079107,0.0828196578781257,-0.06623497
12.18,7.56459082325046,-0.130551591777402,0.0814733060683261,-0.06426681
12.19,7.51863653232702,-0.127227235878704,0.0801488169479321,-0.06227427
12.2,7.47981665740418,-0.120952792311244,0.0788456263947436,-0.06026077
12.21,7.48990217090599,-0.126827466979819,0.0775631921182522,-0.05822973
12.22,7.47490916797046,-0.130716135350167,0.0763009931075523,-0.05618463
12.23,7.53735423484233,-0.137527146594759,0.0750585293098489,-0.05412897
12.24,7.53821446758507,-0.139643921152807,0.0738353209904531,-0.05206625
12.25,7.55870848279738,-0.141826359138623,0.0726309082704733,-0.05
12.26,7.57693860423544,-0.14140682232112,0.0714491062785636,-0.05295039
12.27,7.57116162283055,-0.144043435750184,0.0702959427501213,-0.06092095
12.28,7.582930204478,-0.14030812264917,0.069175551469172,-0.07391521
12.29,7.60966039410747,-0.130444474004051,0.0680927052355507,-0.09193667
12.3,7.5386558211285,-0.116393237404811,0.067053359195138,-0.11498884
12.31,7.51243568338071,-0.117844964632048,0.0660643619573811,-0.14307517
12.32,7.47231538137928,-0.107105261241071,0.0651330379019628,-0.17619911
12.33,7.5045377663431,-0.110313714073699,0.0642668250157634,-0.21436407
12.34,7.54169963084849,-0.0967599474535703,0.0634730962417225,-0.25757341
12.35,7.47429275297211,-0.0931569046785153,0.0627547394060874,-0.3008138
12.36,7.45470506108961,-0.0789453780874845,0.0621122344392074,-0.3440885
12.37,7.5027087369693,-0.0635122317571654,0.0615479287075532,-0.38740073
12.38,7.52470140770685,-0.0405112382480801,0.0610632874349786,-0.4307536
12.39,7.52352200354391,-0.0315326337467692,0.0606583355233727,-0.47415021
12.4,7.51113922029193,-0.0106956948092669,0.0603319397157712,-0.51759354
12.41,7.41184938091382,-0.00157802040738176,0.0600822740099115,-0.56108651
12.42,7.43807078224438,0.0127465509687463,0.059907149516903,-0.60463194
12.43,7.43791409273106,0.0115196832692906,0.059804152418296,-0.64823259
12.44,7.35824480328069,7.19351352839463e-05,0.0597705468471846,-0.69189109
12.45,7.34360008497813,0.00792905441990324,0.0598020723994316,-0.73560999
12.46,7.28767667527188,0.0127925171793348,0.0598780754813419,-0.77939175
12.47,7.23329468454693,0.0101578726218421,0.0599716100226582,-0.82323869
12.48,7.3131310108122,0.00338404812399234,0.0600720117821318,-0.86715304
12.49,7.27385090833023,0.00468146066779101,0.0601755851401442,-0.91113691
12.5,7.19912866012513,0.00979021978895283,0.060281039673086,-0.9551923
12.51,7.2080133794118,0.0127594507471997,0.0603879255549477,-0.99932107
12.52,7.19074618154479,0.00686256608677191,0.060496075484013,-1.04352497
12.53,7.18320346134621,0.0019633099572891,0.0606052866166884,-1.08780562
12.54,7.18071188249205,0.00257791344890627,0.0607157412226272,-1.13216449
12.55,7.08623187238007,0.00991773149626016,0.0608274023793598,-1.17660295
12.56,7.07929949705186,0.00119955799181117,0.0609402376035654,-1.2211222
12.57,7.06439498085424,0.00462507952039841,0.0610542321600912,-1.26572332
12.58,7.02489355374759,0.00591136453623144,0.0611693757282065,-1.31040725
12.59,7.00055692035018,0.00958418666334775,0.0612856609464583,-1.35517479
12.6,6.99796232827668,0.0170293797886188,0.0614030797942036,-1.40002659
12.61,6.96327931549644,0.023308381298194,0.0615216254648713,-1.44496315
12.62,6.94584394702714,0.0192588545790918,0.0616412505090197,-1.48994214
12.63,6.86740500071331,0.0250515087264619,0.0617620205582546,-1.5350919
12.64,6.81249768087168,0.0169225695602591,0.0618842637874147,-1.58063593
12.65,6.7700820944991,0.0164821550024561,0.0620086535995786,-1.62696227
12.66,6.70843871554217,0.016801653312024,0.0621358752513265,-1.67405236
12.67,6.64656438854844,0.0156712317712569,0.0622659246803222,-1.72187562
12.68,6.57088637786959,0.010417840107899,0.0623987937591464,-1.77038986
12.69,6.53862613635404,0.00585252728739562,0.0625344110189432,-1.81954204
12.7,6.50898503510809,-0.00109256718116753,0.0626726447399201,-1.86926904
12.71,6.49850801071399,0.00191364957515181,0.0628084074637813,-1.91448202
12.72,6.46413718553915,-0.00568724197580807,0.0629358365163633,-1.95510087
12.73,6.42008128699394,-0.0132945682338083,0.063052391216248,-1.99103883
12.74,6.38534550198525,-0.0144988945014486,0.0631569617280697,-2.02220382
12.75,6.3741746972584,-0.016762501906564,0.0632453738268891,-2.04453941
12.76,6.35210847223733,-0.0120806307033002,0.0633120908628178,-2.05794737
12.77,6.35315042478848,-0.0103826969459911,0.0633551425237285,-2.06232868
12.78,6.32988363136635,-0.0160591684583196,0.0633735756482045,-2.05758508
12.79,6.35234915421841,-0.00894796648634891,0.0633668409824149,-2.04362067
12.8,6.35643132564849,-0.00518210467446193,0.0633392688654782,-2.02536001
12.81,6.3998008440537,-0.0114310971753474,0.0632966055183508,-2.00271633
12.82,6.418332396813,-0.0129827539118451,0.0632406247017974,-1.97560952
12.83,6.49264541507499,-0.0139814816876379,0.0631717891064542,-1.94396739
12.84,6.53375294102022,-0.0171650121177814,0.0630939155480428,-1.91168732
12.85,6.6160877923297,-0.00977967675215028,0.0630115082434914,-1.87871627
12.86,6.62580734655194,-0.0123003962896954,0.0629261690718191,-1.84501205
12.87,6.67102598954422,-0.019919527106774,0.0628383395597873,-1.81054408
12.88,6.69353098755481,-0.0180305436810889,0.06274808695168,-1.77523884
12.89,6.72579295271599,-0.0139057309059217,0.0626559116607601,-1.73964925
12.9,6.73783006180943,-0.0154001517949256,0.0625625480478699,-1.70394974
12.91,6.82420227136659,-0.0120037083630942,0.0624684758946834,-1.66814045
12.92,6.87443531518235,-0.00523497210614544,0.062373833130726,-1.63222173
12.93,6.92596048532408,-0.0061938244228586,0.0622786714194877,-1.59619418
12.94,6.9548468750167,-0.00144137427122389,0.0621830064816935,-1.56005865
12.95,6.98541047642216,-0.00415113712605147,0.0620868423162097,-1.52381621
12.96,7.0250161730401,-0.0022993415448342,0.0619901794404326,-1.48746819
12.97,7.05077115140391,-0.00102200286210604,0.0618930176680511,-1.45101612
12.98,7.02524388249102,0.00251145248729579,0.0617953570554103,-1.41446178
12.99,7.04360553920135,-0.00405148588701503,0.0616971982431202,-1.37780718
13,7.10804306588341,0.00111770185481696,0.0615985425321921,-1.34105453
13.01,7.14063434645105,0.00565821723364124,0.0614993918976816,-1.30420626
13.02,7.21929824671806,0.0104464001765123,0.0613997308152332,-1.26726503
13.03,7.24637055684165,0.0128720204595621,0.0612994110211334,-1.23023369
13.04,7.29461025089013,0.0115501225898817,0.0611986962189968,-1.19311527
13.05,7.33452045270247,0.010038484700851,0.0610975159978564,-1.15591303
13.06,7.31662012319964,0.0105365508976362,0.0609958808076172,-1.11863039
13.07,7.32956065125737,0.00355535449174433,0.0608937782109423,-1.08127094
13.08,7.37742615955362,-0.00501688592773769,0.0607912172825611,-1.04383846
13.09,7.3711420849949,-0.0164167220918573,0.0606879721108894,-1.00633688
13.1,7.40110432857033,-0.0244554505684133,0.0605795175611112,-0.96877028
13.11,7.43128778309349,-0.0230095334823569,0.0604513929030463,-0.93114288
13.12,7.45202847354358,-0.0235296587700241,0.0602852766745328,-0.89345905
13.13,7.46914485338482,-0.0297138144608327,0.0600664349885985,-0.85572326
13.14,7.48017048363505,-0.0351544277131994,0.0597859914313709,-0.81794012
13.15,7.51230973723405,-0.0370207549682806,0.059440339848494,-0.78011432
13.16,7.50735548755639,-0.037352462715067,0.0590294899254123,-0.74225066
13.17,7.54706611809763,-0.0358053684439362,0.0585554780691776,-0.70435402
13.18,7.54146547081002,-0.044528202373538,0.0580213289201173,-0.66642934
13.19,7.53762443936631,-0.0536489547974446,0.0574302923261826,-0.62848165
13.2,7.62000792483059,-0.0687618300602588,0.0567856424923692,-0.590516
13.21,7.61449371599143,-0.0682141573530766,0.0560903214931194,-0.55253749
13.22,7.61529961459613,-0.0676348490094341,0.0553471617132131,-0.51455126
13.23,7.66560874807662,-0.0692383451540903,0.0545585868734572,-0.47656246
13.24,7.627972457481,-0.0762619689331701,0.0537269541930113,-0.43857623
13.25,7.62904786382773,-0.082132371049018,0.0528544259477113,-0.40059772
13.26,7.64132238969674,-0.0878246879058757,0.0519430050313179,-0.36263207
13.27,7.64981516340057,-0.0912315819846911,0.050994559351698,-0.32468438
13.28,7.68162380403392,-0.0988839303783791,0.0500108454562429,-0.2867597
13.29,7.6277102002234,-0.107696472837092,0.0489934959362898,-0.24886306
13.3,7.61716889861009,-0.116063641528581,0.0479440597198609,-0.2109994
13.31,7.64246510896072,-0.120206704633272,0.0468639938547913,-0.1731736
13.32,7.62630174179615,-0.122564349256198,0.0457546715251807,-0.13539046
13.33,7.62541627108553,-0.120611930878743,0.0446173893816475,-0.09765467
13.34,7.66177954694782,-0.113351310494319,0.0434533736061011,-0.05997084
13.35,7.65255798610213,-0.102715781015888,0.0422637855395381,-0.02234344
13.36,7.68068985467732,-0.0999141775797464,0.0410797484639738,-0.02042139
13.37,7.68120754044398,-0.0997224432043635,0.0399177619896534,-0.01856436
13.38,7.68000134980764,-0.101740406911014,0.0387651446956846,-0.01677643
13.39,7.71170109682765,-0.102690306441756,0.0376269871554974,-0.01506153
13.4,7.72349295236657,-0.108464458369522,0.0365117067302801,-0.01342343
13.41,7.59624429487449,-0.106338494681493,0.0354259838517048,-0.01186574
13.42,7.60897686453916,-0.111195337553678,0.0343729977186062,-0.01039188
13.43,7.62379469444434,-0.109455780165706,0.0333534018564263,-0.00900508
13.44,7.58001839799349,-0.0959041272338638,0.0323664641454109,-0.0077084
13.45,7.57174224535507,-0.0927497221486066,0.0314108313623108,-0.00650468
13.46,7.54285373122059,-0.0877996707076802,0.0304852103605159,-0.00539658
13.47,7.47835507809609,-0.0831888563888149,0.0295883299402185,-0.00438652
13.48,7.52227414081975,-0.0911351004501682,0.0287190688821711,-0.00347674
13.49,7.45061816859876,-0.092429266799038,0.0278764437074997,-0.00266922
13.5,7.42224153526754,-0.0915067834378301,0.0270595613624194,-0.00196574
13.51,7.42933980624768,-0.093210745968553,0.0262675859838018,-0.00136785
13.52,7.42469741861028,-0.0860905640216583,0.0254997363548019,-0.00087687
13.53,7.47148609017631,-0.0809450395312596,0.0247552336561303,-0.00049387
13.54,7.50993866373363,-0.0779141975603942,0.0240333386597654,-0.0002197
13.55,7.52465089180333,-0.0694651892382264,0.0233332947199664,-0
13.56,7.578714324794,-0.0615990616071709,0.0226544979765718,-0
13.57,7.56020017233439,-0.0568808184313969,0.0219966182660018,-0.00039426
13.58,7.60844666562064,-0.0621283749933419,0.0213596960704481,-0.00157084
13.59,7.65871750505392,-0.0677579477387243,0.0207438987098341,-0.00351118
13.6,7.5971738173337,-0.0705909435068754,0.0201492859013086,-0.00618467
13.61,7.58826593583967,-0.0646501525737369,0.0195760269351011,-0.00954915
13.62,7.54302093707129,-0.0642382982510382,0.0190244002731223,-0.01355157
13.63,7.50810067824417,-0.0659119923900479,0.0184947309115608,-0.0181288
13.64,7.5492443261603,-0.068328915337754,0.0179873055530419,-0.02320866
13.65,7.55283883465403,-0.0595226345449591,0.0175023162668278,-0.02871104
13.66,7.50121806828929,-0.054400963276531,0.0170398276887541,-0.03454915
13.67,7.46273814893331,-0.0522962717302025,0.0165997709985529,-0.04063093
13.68,7.45943463327079,-0.0537268734125868,0.0161818852567752,-0.04686047
13.69,7.46281070582319,-0.0474768965430553,0.0157857722330546,-0.05313953
13.7,7.48276924570662,-0.0462058794248084,0.0154108640663032,-0.05936907
13.71,7.42762834335064,-0.036064853552554,0.0150564284356018,-0.06545085
13.72,7.3896149974226,-0.02919544747105,0.01472157465943,-0.07128896
13.73,7.41996981048589,-0.0248777178329291,0.0144052625561771,-0.07679134
13.74,7.45480616091262,-0.0178216624803358,0.0141063086978798,-0.0818712
13.75,7.43791365504284,-0.0164695680665136,0.0138234028345612,-0.08644843
13.76,7.46053236459454,-0.0185884635900614,0.0135551212874879,-0.09045085
13.77,7.44579111291675,-0.0116963531800172,0.013299945084442,-0.09381533
13.78,7.49893544837082,-0.0171791205743655,0.0130562794023831,-0.09648882
13.79,7.50833493910826,-0.0159028999257737,0.0128224751803731,-0.09842916
13.8,7.45574669621012,-0.013259813008182,0.0125968518942301,-0.09960574
13.81,7.46426029653449,-0.0125209249301,0.0123776742875283,-0.09994965
13.82,7.48403704980046,-0.0114124774473412,0.0121637085768101,-0.1
13.83,7.48648653252904,-0.00896111752431752,0.0119541745047723,-0.09994965
13.84,7.51474733670803,-0.0161310525186092,0.0117481799278115,-0.09979871
13.85,7.47604532860287,-0.0171327916271132,0.0115448903390845,-0.09954749
13.86,7.46096827044551,-0.0291670456268292,0.0113436876239893,-0.09919648
13.87,7.48443800681753,-0.0249999786750776,0.0111441634689164,-0.0987464
13.88,7.49887966634033,-0.0286635037845884,0.0109460487579634,-0.09819814
13.89,7.50880022711366,-0.0262264261792294,0.0107491514470135,-0.09755283
13.9,7.50439352101455,-0.0247543168393317,0.0105533157778611,-0.09681174
13.91,7.52219810282247,-0.0169337599660079,0.0103584010664081,-0.09597639
13.92,7.59352721925132,-0.0183190765829975,0.0101642731310507,-0.09504844
13.93,7.54688531618818,-0.00313632266345733,0.00997080220195329,-0.09402978
13.94,7.54283302781307,-0.011484781721038,0.00977786344128525,-0.09292244
13.95,7.54968143277283,-0.00779575175534419,0.00958533804767627,-0.09172866
13.96,7.56854694137164,-0.0025095187082074,0.00939311422916923,-0.09045085
13.97,7.5113077044083,-0.000477071625082222,0.00920108775381792,-0.08909157
13.98,7.49599333184368,-0.00354424246821856,0.00900916223644142,-0.08765357
13.99,7.45207919948013,-0.0109714231106562,0.00881724923613344,-0.08613974
14,7.48508486443618,-0.0190054122374101,0.00862526822925409,-0.08455313
14.01,7.48112636353837,-0.0178294766618544,0.00843314657655408,-0.08289694
14.02,7.45407722701088,-0.00986769128080862,0.00824081943889013,-0.08117449
14.03,7.39187339451556,-0.0218037833535678,0.00804822971510562,-0.07938926
14.04,7.49461805643224,-0.0319061501544928,0.00785532800971392,-0.07754485
14.05,7.44554238153625,-0.0278572235001489,0.00766207249785635,-0.07564496
14.06,7.43149489420982,-0.0134520074271056,0.00746842887342769,-0.07369343
14.07,7.45576783317497,-0.0152780505632484,0.00727437028164838,-0.07169419
14.08,7.45093636405622,-0.0187989225641555,0.00707987717992489,-0.06965125
14.09,7.43215397840727,-0.0283146940446213,0.00688493725729038,-0.06756874
14.1,7.46244919062759,-0.0277097217255629,0.00668954534276252,-0.06545085
14.11,7.42810152304904,-0.0211153865551784,0.00649370323779857,-0.06330184
14.12,7.4683123044353,-0.0241564332500604,0.00630627040422383,-0.07064531
14.13,7.43630455867268,-0.0252759863728639,0.00613995626463417,-0.08748563
14.14,7.3888686737357,-0.0227675138796772,0.0060037088793875,-0.11382723
14.15,7.41847627474069,-0.0149759155481807,0.00590814579529085,-0.14967458
14.16,7.44752254721009,-0.0120730148479099,0.00586630317516371,-0.19503217
14.17,7.4316342161267,0.003343446564806,0.0058927247584206,-0.24990449
14.18,7.39043230947528,0.00725196113711315,0.00599804678611597,-0.31429608
14.19,7.35542262501597,0.010554390336298,0.00616313534757262,-0.38821145
14.2,7.30892124090995,0.0227297586992505,0.00636728190329069,-0.47165511
14.21,7.25486210663169,0.0303195155496118,0.00659432509137459,-0.55511228
14.22,7.14776356170107,0.0325546322596691,0.00683029519073806,-0.63858743
14.23,7.05406692326914,0.0331380594048551,0.00707014441812551,-0.72208499
14.24,6.97514198183789,0.0363446054736295,0.00731207292458182,-0.80560934
14.25,6.87290716305056,0.0342476265945323,0.00755543685868521,-0.8891648
14.26,6.73599764119288,0.0400899214372023,0.00780001057243113,-0.97275564
14.27,6.66828895524918,0.0329580468361286,0.00804571866594393,-1.05638606
14.28,6.60419583788522,0.0314854264614283,0.00829253923712439,-1.14006017
14.29,6.49699614077976,0.0307356143801512,0.00854046982271738,-1.22378199
14.3,6.43703710483548,0.0300792367776445,0.00878951477963617,-1.30755546
14.31,6.3415333311271,0.0243595616498255,0.00903968079878157,-1.3913844
14.32,6.21927641070391,0.0274556044608583,0.00929097530009363,-1.47527253
14.33,6.17088888310361,0.0216567661368652,0.00954340581499178,-1.55922344
14.34,6.1622326068506,0.0231087629293966,0.00979697975698996,-1.6432406
14.35,6.11420513583534,0.0175787414704055,0.010051704341603,-1.72732734
14.36,6.10773501526807,0.0209584425040675,0.0103075865229233,-1.81148686
14.37,6.03282604018518,0.0296669229035059,0.0105646329857982,-1.89572222
14.38,5.96213086169953,0.0251807516614251,0.0108228500872492,-1.9800363
14.39,5.96045764457901,0.0280926420434357,0.0110822438437133,-2.06443184
14.4,5.83281154835599,0.0349615538459631,0.0113428199249892,-2.14891141
14.41,5.67905300869026,0.0307829407582329,0.0116045836441791,-2.23347743
14.42,5.60804476685194,0.0379166710235825,0.011867539922764,-2.31813212
14.43,5.50018210704022,0.0284221435153906,0.0121316932536303,-2.40287753
14.44,5.42757381040182,0.0461297643205847,0.0123970477208136,-2.48771553
14.45,5.56378078940131,0.0875659929175093,0.0126636069738879,-2.5726478
14.46,5.77593856741615,0.159817142305232,0,-2.65767584
14.47,6.2947010574708,0.250160936375468,0.000744540185634572,-2.74280094
14.48,6.90750949312633,0.37547017470664,0.00318608447477649,-2.82802421
14.49,7.59809173350084,0.503129950410886,0.00762929443285293,-2.91334655
14.5,8.45096421153593,0.655729046764502,0.0138511974708777,-2.99876868
14.51,9.46999517374586,0.79220782880242,0.0215285808669071,-3.08424075
14.52,10.4206761115683,0.92941371945058,0.03038974926636,-3.1699141
14.53,11.3844331658459,1.02451679563149,0.0402514574663394,-3.25598172
14.54,12.1873180945177,1.11649155833414,0.0510001150505297,-3.34283165
14.55,13.0167984835019,1.1873767117174,0.0625627293841591,-3.43044534
14.56,13.7436626651201,1.25664983758911,0.0748898885147321,-3.51879219
14.57,14.344673383707,1.30696155091384,0.0879130077497706,-3.60783002
14.58,14.7387601287144,1.33678690949584,0.101408476849054,-3.6975058
14.59,15.0977282473047,1.3565796377999,0.115101337899421,-3.78775638
14.6,15.3255424718985,1.37317355322554,0.128804833896611,-3.8785096
14.61,15.5632283728812,1.37234853820883,0.14242617530391,-3.96968533
14.62,15.6275199714223,1.35731205896223,0.155931242711997,-4.06119679
14.63,15.6879808663205,1.33567025627615,0.169315267904257,-4.15295193
14.64,15.7536809890268,1.31657232803722,0.182583278896068,-4.24485483
14.65,15.8928605231624,1.31221967730099,0.195737696345304,-4.32728797
14.66,15.9757762211469,1.30122655424785,0.208775696827625,-4.40015234
14.67,16.1368050633538,1.29018143611218,0.221694049568627,-4.4633497
14.68,16.1912144367634,1.26903572736469,0.234488906110976,-4.51678412
14.69,16.2808204252904,1.25344351091198,0.247155957450125,-4.56036354
14.7,16.4266152919553,1.2453012302106,0.259690537132477,-4.59400118
14.71,16.5835161424869,1.23544307203435,0.272080465664124,-4.59959834
14.72,16.7043167123829,1.20889100323467,0.284306098939632,-4.57708281
14.73,16.8375273204,1.18543591724119,0.296350627269004,-4.52639149
14.74,16.938149546142,1.15980361047916,0.308202450390313,-4.45699057
14.75,17.0981436146749,1.13935412275945,0.319853629221523,-4.36883789
14.76,17.2746129917505,1.11906135296023,0.331293918116891,-4.26190286
14.77,17.399200606808,1.09936648393462,0.342512071921431,-4.13611195
14.78,17.5364343253723,1.0751318784294,0.353496522947157,-3.99201809
14.79,17.6576042563792,1.05942073454138,0.364235785438622,-3.82979571
14.8,17.8393590631297,1.02957071386723,0.37472622601589,-3.66746355
14.81,17.962904801445,1.00793702124966,0.384971828337515,-3.50502195
14.82,18.1255898412415,0.994478013963153,0.394972705622518,-3.34247153
14.83,18.2918512371357,0.975153862097429,0.404727474572265,-3.17981313
14.84,18.4076022550359,0.952457176862074,0.414235038660967,-3.01704783
14.85,18.5672181600048,0.925477167280499,0.423494591929519,-2.85417693
14.86,18.7473426393785,0.891676506979076,0.432505625217163,-2.69120199
14.87,18.8871472638163,0.876536378150971,0.44126778574189,-2.52812478
14.88,19.0331556451428,0.854512715253803,0.449780777059996,-2.36494731
14.89,19.1702799423291,0.826592507292811,0.458044057898724,-2.20167178
14.9,19.3168402858763,0.797549081158225,0.466057615994418,-2.03830065
14.91,19.5004699583684,0.761451816545275,0.473821019111412,-1.87483654
14.92,19.6057150382286,0.731733523005186,0.481333818773763,-1.71128233
14.93,19.7676646209304,0.713605436781515,0.488595575575368,-1.54764104
14.94,19.9586382781973,0.685145957717772,0.495605834187405,-1.38391593
14.95,20.1336684807742,0.655954693265187,0.50236412200299,-1.22011041
14.96,20.2623899853484,0.636036650181225,0.508869915181071,-1.0562281
14.97,20.3571130052611,0.615551974388441,0.51512269008425,-0.89227275
14.98,20.4623029055925,0.595814313635601,0.521121905338437,-0.72824829
14.99,20.5775772481891,0.583000328472792,0.526877725308806,-0.58217742
15,20.6388700405223,0.559069971526864,0.532409744315681,-0.45406436
15.01,20.6409423936021,0.53546877915692,0.537731963484821,-0.34391346
15.02,20.6638659723761,0.519440772481703,0.54285859462553,-0.25172921
15.03,20.7065730039667,0.491228003364074,0.547805643098889,-0.17751621
15.04,20.8004643409962,0.477778378366185,0.552591155494092,-0.12127915
15.05,20.8214245103535,0.459355229453765,0.557234722011623,-0.08302283
15.06,20.8858721366533,0.437933938157809,0.561756789862452,-0.06275214
15.07,20.9400648238856,0.435536603908648,0.566178367855487,-0.06047201
15.08,20.9783480984691,0.422870595407064,0.570508543918369,-0.05816887
15.09,21.0835157491212,0.414585898974737,0.574748050613043,-0.05584777
15.1,21.1547018994515,0.401425806700349,0.578903362550673,-0.05351381
15.11,21.1868096389458,0.39203954364547,0.582980927141843,-0.05117213
15.12,21.2875029786406,0.388836798178541,0.586985024794279,-0.04882787
15.13,21.2787859881943,0.385718443264994,0.590917944153486,-0.04648619
15.14,21.2995921406044,0.368311186169009,0.594780825229821,-0.04415223
15.15,21.3146235006727,0.364469033672537,0.598574390228925,-0.04183113
15.16,21.223577622574,0.35951209936582,0.602299341692863,-0.03952799
15.17,20.8040916551366,0.254457644194235,0.605956505420146,-0.03724786
15.18,19.9830485852575,0.0784899923953162,0.609546825676499,-0.03499577
15.19,18.8042198612814,-0.126218475824211,0.613024582950835,-0.03277666
15.2,17.619263807394,-0.353506778779632,0.612307427572278,-0.03059541
15.21,16.2972398654835,-0.580150316903379,0.605581971160141,-0.02845681
15.22,14.9600887493562,-0.796330287849191,0.59576998008546,-0.02636557
15.23,13.6806854538575,-1.00458190501598,0.584596032023994,-0.02432629
15.24,12.7635673915321,-1.10521356602791,0.573007540429203,-0.02234344
15.25,12.2031977784096,-1.14516173896345,0.561468167758552,-0.02042139
15.26,12.0048886113232,-1.13468031691019,0.5501584389275,-0.01856436
15.27,11.8414655593442,-1.11018330799791,0.539115260583727,-0.01677643
15.28,11.7343752202662,-1.0784297099626,0.52831927421679,-0.01506153
15.29,11.6341048379172,-1.05468919824928,0.5177410891969,-0.01342343
15.3,11.5528972091241,-1.04021348617985,0.507359664655295,-0.01186574
15.31,11.4119315398823,-1.01310253700242,0.497163625628319,-0.01039188
15.32,11.2671301009682,-0.990276538610348,0.487148277620045,-0.00900508
15.33,11.116877694182,-0.983502861177802,0.477311652160255,-0.0077084
15.34,10.9869562021341,-0.959448673212392,0.467652216259209,-0.00650468
15.35,10.8820505872779,-0.94441347178763,0.458168864113657,-0.00539658
15.36,10.8382867250316,-0.917301467410634,0.448859698606102,-0.00438652
15.37,10.7115231345846,-0.902677317312917,0.439722564024296,-0.00347674
15.38,10.6290238681918,-0.89451627281888,0.430755159560409,-0.00266922
15.39,10.5580098883154,-0.872447905330333,0.421955226609674,-0.00196574
15.4,10.4490670709098,-0.851990952338191,0.41332037255125,-0.00136785
15.41,10.3869526061407,-0.849393138526804,0.404848378043937,-0.00087687
15.42,10.2937788012433,-0.830375609716847,0.396537002387214,-0.00049387
15.43,10.1902191522058,-0.820159272160976,0.388384073394108,-0.0002197
15.44,10.1114649178073,-0.790278887936908,0.380387374954987,-0
15.45,10.0012566640578,-0.771223060304753,0.37254477661507,-0
15.46,9.9671148756998,-0.758126436848178,0.36485435834782,-0.00039426
15.47,9.91660618844883,-0.748845471769711,0.357314412453341,-0.00157084
15.48,9.77958953564331,-0.727972974721916,0.349923365911412,-0.00351118
15.49,9.73964903988654,-0.713540515860067,0.342679560398626,-0.00618467
15.5,9.70085247739942,-0.705289694811226,0.335581535356808,-0.00954915
15.51,9.61208850655496,-0.692199255472871,0.328627355193663,-0.01355157
15.52,9.59241689300709,-0.678329871283703,0.32181533252852,-0.0181288
15.53,9.44725808970571,-0.660463368458388,0.315143825363683,-0.02320866
15.54,9.39247428668389,-0.641386104938467,0.308611123723024,-0.02871104
15.55,9.37081094122329,-0.632947903065407,0.302215391734475,-0.03454915
15.56,9.32070696405044,-0.623112091630102,0.29595485173941,-0.04063093
15.57,9.22387608322425,-0.603431533446358,0.289827555059341,-0.04686047
15.58,9.16426389689568,-0.594817863283349,0.283831499879507,-0.05313953
15.59,9.04693823210827,-0.579711909694229,0.277964652331619,-0.05936907
15.6,9.02473994764596,-0.572992297884296,0.272224849631338,-0.06545085
15.61,8.94861695517043,-0.558562436953971,0.266609876971391,-0.07128896
15.62,8.89923545799293,-0.536978804970495,0.261117363484648,-0.07679134
15.63,8.8206180235879,-0.519393779330975,0.255745038809327,-0.0818712
15.64,8.71975207134513,-0.509535220534593,0.250490439470557,-0.08644843
15.65,8.67286339693276,-0.502248577494904,0.245351038141662,-0.09045085
15.66,8.63944416378225,-0.491607309260664,0.240324232846612,-0.09381533
15.67,8.59025207666072,-0.480091556843522,0.235407405309493,-0.09648882
15.68,8.5693055225567,-0.467068506327341,0.230597906774397,-0.09842916
15.69,8.53492156595829,-0.456734907160288,0.225893046607191,-0.09960574
15.7,8.50214166682227,-0.441288158033874,0.221290025621766,-0.09994337
15.71,8.53440906327251,-0.427806932204979,0.216786422337705,-0.1
15.72,8.53075500684866,-0.41538592378855,0.21238023309123,-0.09994337
15.73,8.52096104041598,-0.402970815828266,0.208069270227963,-0.0997736
15.74,8.46090348179487,-0.394897495544977,0.203851392340774,-0.09949107
15.75,8.43693059047577,-0.395398398300826,0.199724494175727,-0.09909643
15.76,8.377154705583,-0.386672761863067,0.195686559048409,-0.09859058
15.77,8.31525817945232,-0.385421820800591,0.191735638947899,-0.09797465
15.78,8.26623246772482,-0.388431600827168,0.18786983174693,-0.09725004
15.79,8.24150267112579,-0.381301127335281,0.18408729451012,-0.0964184
15.8,8.20293267782139,-0.374128092808196,0.180386116917545,-0.0954816
15.81,8.21396584639191,-0.362905434350043,0.1767644745053,-0.09444177
15.82,8.17291019105268,-0.35365646045886,0.173220551079625,-0.09330127
15.83,8.14736327683656,-0.355168806748498,0.169752551907415,-0.09206268
15.84,8.15758844882958,-0.351054136093109,0.166358704967911,-0.0907288
15.85,8.12957738198294,-0.340664678731906,0.163037263360734,-0.08930265
15.86,8.12036742202286,-0.336306942412787,0.15978652981084,-0.08778748
15.87,8.10990574112271,-0.336210720771933,0.156604792285079,-0.0861867
15.88,8.06731045344036,-0.333257884472789,0.153490357846135,-0.08450395
15.89,8.06289763230456,-0.31949632490917,0.150441616812462,-0.08274304
15.9,8.05659789154037,-0.299246054377538,0.147456962882096,-0.08090795
15.91,8.02307384535584,-0.290783559818804,0.144534819419796,-0.07900285
15.92,7.95878076787865,-0.284382226471645,0.141673639799768,-0.07703204
15.93,7.91000932908619,-0.273448352573915,0.138871907243247,-0.075
15.94,7.89953928796105,-0.259916493536427,0.136128138566131,-0.07291133
15.95,7.95136786265277,-0.248766962281927,0.133440879097695,-0.07077075
15.96,7.9166516496234,-0.245408196333568,0.130808708289379,-0.06858312
15.97,7.88850109867106,-0.248896958457446,0.128230236420149,-0.0663534
15.98,7.91827345673125,-0.232307028246894,0.125704119804615,-0.06408663
15.99,7.93303441985445,-0.227923066080996,0.123229003910089,-0.06178795
16,7.89122005168415,-0.228542216982723,0.120803609787042,-0.05946256
16.01,7.88368358430125,-0.221576063867992,0.118426686409975,-0.05711574
16.02,7.84578096769344,-0.222277181953938,0.116097005296613,-0.0547528
16.03,7.7992827786003,-0.218562585582223,0.113813373570258,-0.0523791
16.04,7.79282663935576,-0.214234461570595,0.111574632242436,-0.05
16.05,7.77353212249416,-0.215252015852247,0.109379655113185,-0.0476209
16.06,7.76494351966238,-0.207030258579565,0.10722734825548,-0.0452472
16.07,7.79620646658946,-0.205810738989261,0.105116649827475,-0.04288426
16.08,7.79623985756746,-0.202434323321994,0.10304652988475,-0.04053744
16.09,7.8284851203468,-0.190607142650285,0.101015990405644,-0.03821205
16.1,7.85914458838277,-0.188617123503032,0.0990240649850314,-0.03591337
16.11,7.91474283933585,-0.184003928150536,0.0970698175401637,-0.0336466
16.12,7.83411867867022,-0.195912535842622,0.0951523434081322,-0.03141688
16.13,7.80810353262954,-0.186212449354667,0.0932707680114756,-0.02922925
16.14,7.74753481008755,-0.180408956757518,0.091424246187622,-0.02708867
16.15,7.75351019926558,-0.181056708873908,0.0896119619586717,-0.025
16.16,7.70094591948225,-0.185139991278853,0.0878331277826079,-0.02296796
16.17,7.7118819407405,-0.189236527328775,0.0860869841993993,-0.02099715
16.18,7.63588702743392,-0.188732266562788,0.0843728125394532,-0.01909205
16.19,7.66637504944601,-0.179384942254933,0.0826898807906753,-0.01725696
16.2,7.66981499613155,-0.181633197943234,0.0810375218750189,-0.01549605
16.21,7.75585028503085,-0.17909387442088,0.0794150802434631,-0.0138133
16.22,7.72722924649493,-0.176794405339368,0.0778219261751722,-0.01221252
16.23,7.73752162479479,-0.177028558364299,0.0762574530870863,-0.01069735
16.24,7.73118529598644,-0.169446432184764,0.0747210937754458,-0.0092712
16.25,7.79245159572364,-0.167528809217154,0.0732122749359556,-0.00793732
16.26,7.82223880375948,-0.167029868134061,0.0717304408983535,-0.00669873
16.27,7.84723881928039,-0.16994467597808,0.0702750808150718,-0.00555823
16.28,7.78894134214549,-0.162934821879448,0.0688456966177768,-0.0045184
16.29,7.79142222962081,-0.158276539969008,0.0674418058448682,-0.0035816
16.3,7.78977728564839,-0.153442523783945,0.0660629440368362,-0.00274996
16.31,7.77537220221698,-0.150031414923292,0.064708663158233,-0.00202535
16.32,7.69284329025087,-0.140100466944631,0.0633785320081958,-0.00140942
16.33,7.63965626347249,-0.12769184865498,0.062072135542447,-0.00090357
16.34,7.63382278755452,-0.116803354617288,0.0607890738346824,-0.00050893
16.35,7.6587518506239,-0.115849858589557,0.0595289609183765,-0.0002264
16.36,7.63743663867375,-0.118631994250533,0.0582913774968335,-0
16.37,7.63852810651371,-0.111136019956813,0.0570760287904389,-0
16.38,7.63905408756857,-0.10671119655614,0.0558828914096687,-0.00039426
16.39,7.63781376536579,-0.114670596023239,0.0547122481549265,-0.00157084
16.4,7.68933777085552,-0.113141758648333,0.0535645151360069,-0.00351118
16.41,7.68025707527773,-0.115056796776632,0.0524399793511363,-0.00618467
16.42,7.66076807346684,-0.106492746239649,0.0513390083815386,-0.00954915
16.43,7.66726837413974,-0.0986453633633259,0.0502620449974619,-0.01355157
16.44,7.65455608585419,-0.0987882391614526,0.0492095588699709,-0.0181288
16.45,7.61499434613068,-0.0947284341804439,0.0481819720623708,-0.02320866
16.46,7.66560004867499,-0.0791705970074941,0.0471796077680568,-0.02871104
16.47,7.64869488742059,-0.0768133562187528,0.0462026464876515,-0.03454915
16.48,7.67474317180665,-0.0763041196716637,0.0452511473399382,-0.04063093
16.49,7.69976457242134,-0.0744929717662565,0.0443249997914562,-0.04686047
16.5,7.65103367550392,-0.0823609261468205,0.0434239348166417,-0.05313953
16.51,7.60973593006289,-0.083166010006025,0.042547523951603,-0.05936907
16.52,7.61110727233047,-0.0852204153792475,0.0416951807875913,-0.06545085
16.53,7.58803019691096,-0.082016749293681,0.0408661678880351,-0.07128896
16.54,7.58579805760254,-0.0794481983004383,0.0400595914211023,-0.07679134
16.55,7.53732324068246,-0.0723526070508392,0.0392744223866095,-0.0818712
16.56,7.48795628404212,-0.0755820105790132,0.0385095029245547,-0.08644843
16.57,7.53314804513459,-0.0680466304285777,0.0377635574828317,-0.09045085
16.58,7.58235263299916,-0.0665912235574272,0.037035213146307,-0.09381533
16.59,7.59612708464089,-0.0622479671613063,0.0363230139132074,-0.09648882
16.6,7.58714300816916,-0.06590138054603,0.0356254387117405,-0.09842916
16.61,7.50612432842483,-0.0710977164833271,0.0349409237976602,-0.09960574
16.62,7.52358025588343,-0.0804761458561435,0.0342678408860644,-0.09994965
16.63,7.53762522456896,-0.0786919908003989,0.0336050262294195,-0.1
16.64,7.58426183056989,-0.0799583237275488,0.0329517545211544,-0.09994965
16.65,7.59534081162578,-0.0753928296240896,0.0323071835752062,-0.09979871
16.66,7.58281058671899,-0.0795312097587042,0.0316705132916054,-0.09954749
16.67,7.58995232354221,-0.0757089118449655,0.0310411048199465,-0.09919648
16.68,7.65158194490563,-0.0689629496841242,0.0304185718439004,-0.0987464
16.69,7.68177882153824,-0.0687529465652603,0.029802617978046,-0.09819814
16.7,7.7111101753915,-0.0743036586648546,0.0291930190762611,-0.09755283
16.71,7.69009591105703,-0.0674962654186563,0.0285895829061565,-0.09681174
16.72,7.66636776773783,-0.0627445083118452,0.0279921310484515,-0.09597639
16.73,7.64524576651932,-0.0590825553549401,0.0274004887426791,-0.09504844
16.74,7.61671259631821,-0.0584712006391086,0.0268144827801631,-0.09402978
16.75,7.62479176575214,-0.0578520547955772,0.0262339426330499,-0.09292244
16.76,7.63298306126378,-0.0463451892624603,0.0256587022355758,-0.09172866
16.77,7.61869536270476,-0.0369924703755435,0.0250886015308091,-0.09045085
16.78,7.59194944803643,-0.0388833857218893,0.0245234872599754,-0.08909157
16.79,7.6089803160811,-0.0391715814563795,0.0239632135041371,-0.08765357
16.8,7.62086636338282,-0.0350478459331457,0.0234076418392051,-0.08613974
16.81,7.62737321064728,-0.0355995719340295,0.0228566414215604,-0.08455313
16.82,7.59701720698601,-0.0375225819259192,0.0223100890105488,-0.08289694
16.83,7.57377561624707,-0.0384097636207962,0.0217678688999162,-0.08117449
16.84,7.5363737199642,-0.0388380816030695,0.021229872959097,-0.07938926
16.85,7.54995291503733,-0.0370110685235344,0.0206960006517152,-0.07754485
16.86,7.53815078780784,-0.0441326731533288,0.0201661589537542,-0.07564496
16.87,7.57646360583206,-0.0444226735149372,0.0196402623761136,-0.07369343
16.88,7.55533450194695,-0.0457662944300206,0.0191182329324283,-0.07169419
16.89,7.59055214085928,-0.0467837257968985,0.0186000006339721,-0.06965125
16.9,7.5896667156077,-0.0528874110433213,0.0180855016528838,-0.06756874
16.91,7.59796167795194,-0.0540173916039041,0.0175746800922997,-0.06545085
16.92,7.57137343617434,-0.054996395657565,0.0170674872906155,-0.06330184
16.93,7.52127270339191,-0.0549976284262247,0.0165638816937081,-0.06112605
16.94,7.48587113333917,-0.0542121879831021,0.0160638287420592,-0.05892784
16.95,7.53304122046593,-0.0518576681872824,0.0155673007591836,-0.05671166
16.96,7.5150753992897,-0.0556586072994425,0.0150742768286935,-0.05448197
16.97,7.49375550764691,-0.05558152446562,0.0145847426285245,-0.05224324
16.98,7.47792478280154,-0.056334581797348,0.0140986902707465,-0.05
16.99,7.43756938129995,-0.0510255752889782,0.0136161181577689,-0.04775676
17,7.42957884629403,-0.042506184060478,0.0131370307904877,-0.04551803
17.01,7.41552047750883,-0.0476580844753559,0.01266143859599,-0.04328834
17.02,7.43855477767506,-0.0504687956283273,0.0121893576934211,-0.04107216
17.03,7.45984651338403,-0.0422620730967307,0.011720809739197,-0.03887395
17.04,7.42912679653063,-0.0328933610878292,0.0112558216565498,-0.03669816
17.05,7.39805076948889,-0.0309168074851832,0.0107944254904262,-0.03454915
17.06,7.4213183017676,-0.0313267155681531,0.0103366580958687,-0.03243126
17.07,7.44193017311169,-0.0390159382556126,0.00988256095156296,-0.03034875
17.08,7.4373573377589,-0.0268316743999565,0.00943217989441222,-0.02830581
17.09,7.39905739381932,-0.02447381588433,0.00898556611814244,-0.02630657
17.1,7.43005130694925,-0.0269882735976959,0.00854277233058184,-0.02435504
17.11,7.42366645560358,-0.0304321958222338,0.00810385592825109,-0.02245515
17.12,7.42227146255838,-0.0276860602820375,0.00766887767262148,-0.02061074
17.13,7.41064573185783,-0.0265157536852868,0.00723790137477034,-0.01882551
17.14,7.46406169669909,-0.0221460488907746,0.00681099360805641,-0.01710306
17.15,7.48806841288575,-0.0363284297359319,0.00638822348149917,-0.01544687
17.16,7.50387760222301,-0.038685292713657,0.00596966229951442,-0.01386026
17.17,7.46041529569059,-0.0421486307714563,0.00555538330637965,-0.01234643
17.18,7.54535656165219,-0.038750264862236,0.00514546139591083,-0.01090843
17.19,7.59688823740116,-0.0426606346637134,0.00473997283169185,-0.00954915
17.2,7.61638582459702,-0.0451259033235398,0.00433899494774868,-0.00827134
17.21,7.58094703403589,-0.0413064973984607,0.00394260584926247,-0.00707756
17.22,7.54596396598423,-0.0385981734524707,0.00355088413110439,-0.00597022
17.23,7.54076443963879,-0.0360390578306641,0.00316390859195978,-0.00495156
17.24,7.51737569869011,-0.0380500998768834,0.00278175794588826,-0.00402361
17.25,7.47206243587781,-0.038248884572616,0.00240451049780905,-0.00318826
17.26,7.44157079828622,-0.0320716187826146,0.00203224393952029,-0.00244717
17.27,7.41231037953007,-0.030280975031012,0.00166503497986143,-0.00180186
17.28,7.38589087754751,-0.0322736475800337,0.00130295909936036,-0.0012536
17.29,7.37075633917227,-0.0239538642034621,0.000946090282427564,-0.00080352
17.3,7.34512389846548,-0.0205358432247862,0.000594500748347642,-0.00045251
17.31,7.3624537135029,-0.0171041088301732,0.000248260659962706,-0.00020129
17.32,7.39370904705602,-0.0230355808151817,-9.26104276853176e-05,-0
17.33,7.45320853971376,-0.0227233211768873,-0.000427972671151449,-0
17.34,7.48836527936929,-0.0255704253162049,-0.00075743389999889,-0.00039426
17.35,7.49148836590783,-0.0273539831380167,-0.00108023633560566,-0.00157084
17.36,7.51923434573758,-0.0380117415469882,-0.00139553506909332,-0.00351118
17.37,7.52538488158574,-0.0421186633862791,-0.00170264778262402,-0.00618467
17.38,7.49876397733929,-0.0358046658167859,-0.00200077698151042,-0.00954915
17.39,7.43449848960759,-0.0281314547426441,-0.0022890410689118,-0.01355157
17.4,7.42968432143604,-0.0363939380158035,-0.00256654563783138,-0.0181288
17.41,7.40136145420978,-0.0334373521793627,-0.00283246341817477,-0.02320866
17.42,7.37358373190057,-0.0262801339106237,-0.00308609174121571,-0.02871104
17.43,7.42219028074397,-0.0168496694150959,-0.00332688466584705,-0.03454915
17.44,7.41637201453679,-0.0095106993077968,-0.00355447552655291,-0.04063093
17.45,7.43654265128615,-0.0129427364623963,-0.00376868475987039,-0.04686047
17.46,7.49063398866797,-0.0115532632620352,-0.00396952276019777,-0.05313953
17.47,7.44590186293703,-0.00138830174547982,-0.00415718889678291,-0.05936907
17.48,7.45649731363413,0.00213700608870671,-0.00433206749692956,-0.06545085
17.49,7.47489504050012,0.000907754936819806,-0.00449472074028504,-0.07128896
17.5,7.4341610155632,0.00490826534177013,-0.00464588016070822,-0.07679134
17.51,7.42315712464423,0.0041478708806751,-0.00478643282632742,-0.0818712
17.52,7.40843193452704,0.0107229054521626,-0.00491740631865733,-0.08644843
17.53,7.37332987318564,0.00692492040868637,-0.00503995070689756,-0.09045085
17.54,7.35718852189606,0.0133719132799598,-0.00515531753119477,-0.09381533
17.55,7.3380614108115,0.0079023013693659,-0.0052648376514616,-0.09648882
17.56,7.35055074492041,0.00332812087177671,-0.00536989740849868,-0.09842916
17.57,7.35990064145594,-0.00846719345250161,-0.00547191450856091,-0.09960574
17.58,7.39227332829288,-0.00977442804430976,-0.00557237080316457,-0.09993977
17.59,7.43080205405373,-0.00613474924931044,-0.00567221801489988,-0.1
17.6,7.48309931634677,-0.00407268244116596,-0.00577198020563858,-0.09993977
17.61,7.53430322157627,-0.0110835109464163,-0.00587233070469856,-0.09975924
17.62,7.51871158152289,-0.00617108407013595,-0.00597389106717357,-0.09945883
17.63,7.49586893067952,-0.00977497358708302,-0.00607707959296576,-0.09903926
17.64,7.47297766257646,0.00388153370424939,-0.00618213386847102,-0.09850156
17.65,7.47947167732549,0.000322212283558184,-0.00628917574798154,-0.09784702
17.66,7.45465176560862,-0.000490985256243646,-0.00639826778768957,-0.0970772
17.67,7.39630064118473,0.00338255064811322,-0.00650944792422863,-0.09619398
17.68,7.38517044003813,-0.0026796847012433,-0.00662274663247564,-0.09519946
17.69,7.4866813780089,-0.0109072000223033,-0.00673819323568071,-0.09409606
17.7,7.51007666024089,-0.00455818803634974,-0.00685581685881525,-0.09288643
17.71,7.5613056319426,-0.0118416381458389,-0.00697564547028789,-0.09157348
17.72,7.51388058353685,-0.00926967586117832,-0.00709770429855607,-0.09016038
17.73,7.48951006223919,-0.0198920933674864,-0.00722201525801257,-0.08865052
17.74,7.47389278941789,-0.0267528848726707,-0.00734859555814813,-0.08704756
17.75,7.50320025360847,-0.0210216313669464,-0.00747745736995176,-0.08535534
17.76,7.40621067933576,-0.0184577006334949,-0.00760860745105358,-0.08357795
17.77,7.38200690296556,-0.0202247634310839,-0.00774204686483763,-0.08171966
17.78,7.36689081499486,-0.014129276143362,-0.00787777074686648,-0.07978497
17.79,7.36620791211302,-0.0118363069963983,-0.00801576814655608,-0.07777851
17.8,7.3568805579763,-0.0121321411994483,-0.00815602184500941,-0.07570514
17.81,7.40752271473432,-0.00965025905893499,-0.00829850821485205,-0.07356984
17.82,7.37380554590048,-0.0185290700763925,-0.00844319714041822,-0.07137775
17.83,7.4051302650722,-0.0232390952599138,-0.00859005188317436,-0.06913417
17.84,7.38722129395345,-0.0236924164064488,-0.00873902906779595,-0.06684449
17.85,7.40503761773245,-0.029201278957364,-0.00889007833650733,-0.06451423
17.86,7.43837955500628,-0.0299645730844268,-0.00904314328347727,-0.06214901
17.87,7.48032795210397,-0.0204899811613274,-0.00919816052740836,-0.05975452
17.88,7.44567944908999,-0.0160611236428149,-0.00935506009440331,-0.05733652
17.89,7.44848886783611,-0.00651781953531097,-0.0095137654639727,-0.05490086
17.9,7.45859614671976,0.00161070107430396,-0.00967419371650953,-0.05245338
17.91,7.48101631375519,-0.005048274779174,-0.00983625579997361,-0.05
17.92,7.43065015853893,-0.0105562222437182,-0.0099998561412974,-0.04754662
17.93,7.42846170317887,-0.00660746834595576,-0.0101648933739348,-0.04509914
17.94,7.43111857516975,-0.0134379426323147,-0.0103312603218428,-0.04266348
17.95,7.51365211397312,-0.0202044777699764,-0.0104988442243023,-0.04024548
17.96,7.50666900253307,-0.0243045960850782,-0.010667526984582,-0.03785099
17.97,7.47596517636748,-0.0307951201447858,-0.0108371853833033,-0.03548577
17.98,7.49313104882391,-0.0343537168183193,-0.0110076913705973,-0.03315551
17.99,7.47960503043309,-0.0255771635365672,-0.0111789123360014,-0.03086583
18,7.48175577630972,-0.0324982818366679,-0.0113507113740726,-0.02862225
18.01,7.47926132989575,-0.0373056018620928,-0.0115229476390353,-0.02643016
18.02,7.42325164879345,-0.0380308672709188,-0.011695476631908,-0.02429486
18.03,7.40547718698834,-0.0343394607998748,-0.0118681505432299,-0.02222149
18.04,7.43128822516071,-0.0270753320686248,-0.0120408186265214,-0.02021503
18.05,7.41039414471331,-0.0116676483135098,-0.012213327513071,-0.01828034
18.06,7.46271751607741,-0.0198325326460658,-0.0123855216039291,-0.01642205
18.07,7.44968002723315,-0.0184349470258855,-0.0125572433833911,-0.01464466
18.08,7.44346178664507,-0.014205628066079,-0.0127283338695711,-0.01295244
18.09,7.44572572747506,-0.012315333454362,-0.0128986329692362,-0.01134948
18.1,7.44707395492135,-0.0134957234473301,-0.0130679798917792,-0.00983962
18.11,7.43031968027079,-0.0198742900687489,-0.0132362135142966,-0.00842652
18.12,7.45008113346083,-0.0211503634764107,-0.0134031727842002,-0.00711357
18.13,7.40723528118844,-0.0159576233826258,-0.0135686971448308,-0.00590394
18.14,7.3699814047129,-0.0161256154117517,-0.0137326269189774,-0.00480054
18.15,7.39157211904727,-0.0137128869931129,-0.013894803902874,-0.00380602
18.16,7.38763489360103,-0.0227115885781265,-0.0140550711920431,-0.0029228
18.17,7.4219625225597,-0.0244377942189632,-0.014213274171198,-0.00215298
18.18,7.43224686234832,-0.0156980482351529,-0.0143692607036738,-0.00149844
18.19,7.40495321254485,-0.0151954266105519,-0.0145228815234678,-0.00096074
18.2,7.4407496087747,-0.0152377232674843,-0.0146739906635082,-0.00054117
18.21,7.48255115497132,-0.0230086797527942,-0.0148224457918147,-0.00024076
18.22,7.44386503107157,-0.0248161559728989,-0.0149681648983566,-0
18.23,7.35594603133892,-0.0179760735681781,-0.015110925628193,-0
18.24,7.3429016485662,-0.0118121877953078,-0.0152502708342804,-0.00039426
18.25,7.3350122805708,-0.01222855276676,-0.0153854069325554,-0.00157084
18.26,7.35699160030251,-0.00985742294856153,-0.0155154556214756,-0.00351118
18.27,7.32911725493236,-0.011470988029231,-0.0156396758611726,-0.00618467
18.28,7.34508521162052,0.00234474341830665,-0.0157572419096662,-0.00954915
18.29,7.30885360264774,0.00778147916353491,-0.0158671774170773,-0.01355157
18.3,7.39054186035195,0.0116991456095146,-0.015968746279361,-0.0181288
18.31,7.43507208303498,0.00362427779312394,-0.0160610496136306,-0.02320866
18.32,7.44705787157793,-0.00151232833059755,-0.0161433786315091,-0.02871104
18.33,7.41052196900563,-0.00899979746305142,-0.0162152829631877,-0.03454915
18.34,7.46259182282531,-0.00278484772956819,-0.016276463548857,-0.04063093
18.35,7.42819390300184,-0.00748606210613401,-0.0163268299675493,-0.04686047
18.36,7.5017956466562,-0.00704318073388613,-0.0163664947233924,-0.05313953
18.37,7.5100688438173,-0.00672657256784955,-0.0163958056704204,-0.05936907
18.38,7.46022509564792,-0.000550627231377695,-0.0164153458198944,-0.06545085
18.39,7.49863828202442,0.00293229742943998,-0.0164259345978241,-0.07128896
18.4,7.50803852817638,0.00592707269203538,-0.0164286423586297,-0.07679134
18.41,7.5027037055054,0.00311279833769927,-0.016424783609357,-0.0818712
18.42,7.51814950646208,0.00879074761214859,-0.0164160154611781,-0.08644843
18.43,7.4605566031526,0.0112155544021307,-0.016404105980756,-0.09045085
18.44,7.48158679300524,0.019131365226013,-0.0163908232832479,-0.09381533
18.45,7.47397679146154,0.0162335562217399,-0.01637755505585,-0.09648882
18.46,7.4549074824278,0.0134574242468674,-0.0163652026398609,-0.09842916
18.47,7.49702816508101,0.0128909108298644,-0.0163543158910564,-0.09960574
18.48,7.4970033745607,0.0131045214870149,-0.0163452787241526,-0.09995371
18.49,7.471019446667,0.0058746781267382,-0.0163378974231287,-0.1
18.5,7.54274620370898,0.00342999382461217,-0.0163314949035214,-0.09995371
18.51,7.50783173779122,-0.00374647880872119,-0.0163256862887537,-0.09981491
18.52,7.4980558449309,-0.00273203028347824,-0.0163203848175303,-0.09958387
18.53,7.49284448562234,0.000695138537593092,-0.0163156065617229,-0.09926101
18.54,7.45355662909202,0.000448125968223163,-0.0163114100296348,-0.09884692
18.55,7.41061514150383,-0.000135470180383074,-0.0163078763211516,-0.09834239
18.56,7.443955992338,0.0102841155248752,-0.0163051036681841,-0.09774834
18.57,7.38886810873342,0.0111925378242629,-0.0163032054897957,-0.09706587
18.58,7.37974536726136,0.0114580022768365,-0.0163023089598947,-0.09629624
18.59,7.38656071856154,0.00919489615641718,-0.0163025530560097,-0.09544088
18.6,7.32979866505508,0.00772339502376439,-0.0163040858686005,-0.09450138
18.61,7.3723965676735,0.0120440516770106,-0.016307068035317,-0.09347947
18.62,7.3655339595177,0.014466730591827,-0.0163116399264638,-0.09237705
18.63,7.35789499449752,0.00694355525643794,-0.016317966590735,-0.09119615
18.64,7.36365065810095,0.00502404844688166,-0.0163261973841296,-0.08993897
18.65,7.36418353438584,0.0068408318958767,-0.0163364724354911,-0.08860783
18.66,7.34604382135152,0.0114269588027091,-0.0163489225456875,-0.0872052
18.67,7.37084855621768,0.0123594660452105,-0.0163636665210395,-0.08573367
18.68,7.39539660450096,0.0103271689292653,-0.0163808733648248,-0.08419597
18.69,7.4156511180074,0.0137619834505147,-0.0164005754247517,-0.08259495
18.7,7.38104549724128,0.00497454883062447,-0.0164228607326024,-0.08093357
18.71,7.35571181575208,0.00163879308593466,-0.0164477971740509,-0.07921491
18.72,7.3414414201918,-0.0080730077523284,-0.0164754360318044,-0.07744215
18.73,7.31898453421301,-0.0144789234845541,-0.0165058252725377,-0.07561857
18.74,7.34846576182699,-0.0133027285072585,-0.0165389796503097,-0.07374755
18.75,7.33092335496588,-0.0104147029276904,-0.0165749166346416,-0.07183256
18.76,7.30415251457956,-0.017512828236191,-0.016613629932588,-0.06987714
18.77,7.33292608312827,-0.0132885234806286,-0.0166551022934755,-0.06788491
18.78,7.34666825689365,-0.0127522609649593,-0.0166993262416478,-0.06585956
18.79,7.32494829637744,-0.0043191327286579,-0.0167462657689145,-0.06380485
18.8,7.36477400509885,-0.000848123026690625,-0.0167958859939156,-0.06172457
18.81,7.38095668760025,-0.00684709017615692,-0.0168481460924288,-0.05962258
18.82,7.34278695238367,-0.0148686736764022,-0.0169030018694028,-0.05750277
18.83,7.34769172961441,-0.0143785376386219,-0.0169603807126433,-0.05536907
18.84,7.34066833868332,-0.0121775475644132,-0.0170202259479352,-0.05322542
18.85,7.32441149709391,-0.0186758324136183,-0.0170824612680618,-0.0510758
18.86,7.37657866897227,-0.0162684159956454,-0.0171469978470849,-0.0489242
18.87,7.38538558996744,-0.0159390789260556,-0.0172137695801705,-0.04677458
18.88,7.35184825539424,-0.00888698631748116,-0.0172826821506052,-0.04463093
18.89,7.37738963016067,-0.00889790443700024,-0.0173536380004632,-0.04249723
18.9,7.42628242618141,-0.00638986553361389,-0.0174265412492473,-0.04037742
18.91,7.4872189981108,-0.00746166608862133,-0.017501299307568,-0.03827543
18.92,7.54041635348783,-0.0062943780199366,-0.0175778025714243,-0.03619515
18.93,7.566469955298,-0.0108584153333564,-0.0176559442348806,-0.03414044
18.94,7.62002105421657,-0.00118788768542771,-0.0177356145879282,-0.03211509
18.95,7.64118220719677,-0.0122571053994669,-0.0178167008900577,-0.03012286
18.96,7.69623403281874,-0.0145134193519155,-0.0178990875622286,-0.02816744
18.97,7.67340271651906,-0.0107961947088175,-0.0179826565015623,-0.02625245
18.98,7.62689583484937,-0.0126264533952792,-0.0180672874969458,-0.02438143
18.99,7.63922060384562,-0.00675237519378596,-0.0181528584328508,-0.02255785
19,7.60216309922453,-0.00728885029271181,-0.0182392455912223,-0.02078509
19.01,7.55968023712825,-0.0131236419208728,-0.0183263239164865,-0.01906643
19.02,7.56154739938904,-0.00847055984853475,-0.0184139672694756,-0.01740505
19.03,7.5148169937251,-0.00757428854477296,-0.0185020486564404,-0.01580403
19.04,7.4764216466463,-0.00701701253952151,-0.0185904404781787,-0.01426633
19.05,7.47124055002056,-0.00484145105008839,-0.0186790147703635,-0.0127948
19.06,7.41964113312514,-0.00197550946305786,-0.0187676240723608,-0.01139217
19.07,7.40547554230682,-0.00752200880754128,-0.0188561645005858,-0.01006103
19.08,7.37235756818474,-0.0127939686003242,-0.0189445004950771,-0.00880385
19.09,7.33930132399517,-0.00911602222679249,-0.019021278715998,-0.01959294
19.1,7.31025784429626,-0.00460050893496705,-0.0190703661437407,-0.0424305
19.11,7.32805352380689,-0.00915410515419543,-0.019080464393788,-0.07731857
19.12,7.35648659918943,-0.00601210549441313,-0.0190387283798859,-0.12425903
19.13,7.34743495735807,-0.00702106588482397,-0.0189327653029322,-0.18325363
19.14,7.2934476807135,-0.00440585056435758,-0.0187718050507216,-0.25430394
19.15,7.2843206572967,-0.000948506569372483,-0.018568989005903,-0.33741141
19.16,7.20891920996881,-0.00726333158152711,-0.0183290690120629,-0.43257728
19.17,7.10831837288044,-0.00317395127211083,-0.0180536560785344,-0.53980267
19.18,7.0233988055728,-0.00162270343855354,-0.0177541406687668,-0.64711851
19.19,6.91622782941882,0.000152361480946279,-0.0174449108216299,-0.75452556
19.2,6.78983531746566,0.00510343401488262,-0.0171312365251913,-0.86202444
19.21,6.6996217160794,0.0207702992509157,-0.0168150806186108,-0.96956927
19.22,6.55791006617373,0.0245513307425479,-0.0164970742629229,-1.07729918
19.23,6.51721910997694,0.0357993756082202,-0.016177134943506,-1.18542337
19.24,6.44395261328592,0.0420728865789511,-0.0158546977856515,-1.29432986
19.25,6.35488840744131,0.0476481806803281,-0.0155292338089405,-1.40400012
19.26,6.23595951229997,0.0521670470391011,-0.0152005882610886,-1.51440352
19.27,6.17427121304717,0.0581494241573471,-0.0148687660550087,-1.62549793
19.28,6.08304087233647,0.0482685618404242,-0.0145338504198326,-1.73723026
19.29,5.98146204415009,0.0489178966073046,-0.0141959720266371,-1.84953741
19.3,5.84402820463611,0.0563071320244722,-0.0138552961721404,-1.96234719
19.31,5.70748383742939,0.0519743270245397,-0.0135120163430779,-2.07557949
19.32,5.60484574419416,0.0537602572778327,-0.0131663506354524,-2.18914752
19.33,5.59006702799046,0.0619517343102595,-0.0128185350316895,-2.30295922
19.34,5.6637881413292,0.102333149089975,-0.0124688225212826,-2.41691868
19.35,5.90949936581398,0.184244669429257,-0.0121174979423846,-2.53092765
19.36,6.36096241340312,0.276817371680264,0,-2.64488711
19.37,6.89203303896707,0.381958415125832,0.0023878082618122,-2.75869881
19.38,7.64124767512879,0.507139690522906,0.00678922526389324,-2.87226684
19.39,8.48512732764771,0.641419755616174,0.0130028430536394,-2.98549914
19.4,9.36188793100258,0.786044549868377,0.0207073366954942,-3.09830892
19.41,10.2994599075467,0.909794455301361,0.0296227632001045,-3.21061607
19.42,11.1821432373935,1.01967789052177,0.0395588850840945,-3.3223484
19.43,11.9923099856014,1.11429161160821,0.0503956209585068,-3.4334428
19.44,12.7669566244462,1.18754297303621,0.0620567665144818,-3.54384621
19.45,13.429397055758,1.25353694817668,0.0744906215772025,-3.65351647
19.46,14.056231669832,1.30930088920379,0.0876336334630859,-3.76242296
19.47,14.5661713494226,1.34560242019991,0.101273431323467,-3.87049379
19.48,14.9478859620714,1.36828874385402,0.115133995984495,-3.97827706
19.49,15.2196026358096,1.36926629099079,0.129023459850255,-4.08595363
19.5,15.4110671830029,1.3703976340487,0.142844248484075,-4.19352361
19.51,15.5599234060609,1.37162967305951,0.156559238146248,-4.30098734
19.52,15.7006561557616,1.36932875361844,0.170161918215453,-4.40834539
19.53,15.6835045713375,1.35891791470418,0.183656571470203,-4.51559856
19.54,15.7237056898008,1.34771993006727,0.1970490815863,-4.62274786
19.55,15.7767623736027,1.3368131942791,0.210343942062558,-4.72979452
19.56,15.8301957851188,1.32662733928792,0.223543932931124,-4.83674002
19.57,15.9057174598887,1.31527611239009,0.236645961008967,-4.93161603
19.58,15.9912700920583,1.30391343649553,0.249641777245703,-5.01442444
19.59,16.0824154282667,1.28239063204517,0.26252483189553,-5.08516734
19.6,16.2772031237909,1.26529522315444,0.27528105119914,-5.12332705
19.61,16.4376115029305,1.24864280529789,0.287888390885293,-5.12890606
19.62,16.5691053554886,1.2252440883605,0.30032792633623,-5.10190707
19.63,16.7011127462055,1.21216091363436,0.312581602869927,-5.04233295
19.64,16.8493146985587,1.19352232979931,0.324631445054711,-4.95018676
19.65,16.9780902835292,1.17385091521494,0.336459115605059,-4.82547175
19.66,17.0630425331276,1.15635999675965,0.34805044554919,-4.6801613
19.67,17.1816112636193,1.14028404706116,0.359395688019695,-4.51425898
19.68,17.2998989068309,1.10881980603919,0.370482471834123,-4.32776852
19.69,17.4369293955378,1.08137920305202,0.381306356148423,-4.14121374
19.7,17.6755081521679,1.04726178554093,0.391871094701521,-3.95459867
19.71,17.8645260301768,1.01388261173691,0.402176826528543,-3.76792743
19.72,18.0676820581066,0.975138849944483,0.412221943851712,-3.58120426
19.73,18.3009524718715,0.945653579378517,0.42200475771666,-3.39443353
19.74,18.4892327485325,0.911227693976588,0.431524167128807,-3.20761971
19.75,18.6528864312819,0.884469060533172,0.440779409536127,-3.02076733
19.76,18.8257031800419,0.861785617264321,0.449769878137514,-2.83388105
19.77,18.9406540346174,0.838339925798355,0.458494989955826,-2.64696557
19.78,19.0734814142177,0.819400209544855,0.466954138732358,-2.46002566
19.79,19.2660096635493,0.802266895991136,0.475146678844495,-2.27306614
19.8,19.3612605040158,0.775885253892334,0.483071956037221,-2.08609188
19.81,19.5134766434968,0.750733944274678,0.490729056121644,-1.89910777
19.82,19.6603998599127,0.731368569450068,0.498117165835438,-1.71211874
19.83,19.8264524888651,0.706851850616665,0.505235815011202,-1.52512971
19.84,20.0164679430564,0.671027071271926,0.512084047560629,-1.3381456
19.85,20.1439463942126,0.639060088441986,0.518661105899749,-1.15117134
19.86,20.2189031253918,0.61340904503986,0.524965761871871,-0.96421182
19.87,20.3903456468594,0.589340878171516,0.530997091616926,-0.77727191
19.88,20.4657107130533,0.564580392895252,0.536766577651504,-0.61087642
19.89,20.5765626245796,0.540785895046639,0.542295740631624,-0.4650301
19.9,20.6695060957623,0.516662425845323,0.547600425324246,-0.33973768
19.91,20.7142602822008,0.498715358060969,0.552696489550574,-0.23500379
19.92,20.8293455262194,0.478803289938711,0.557601867711945,-0.15083299
19.93,20.9164127305831,0.463943750608553,0.562336920708818,-0.08722973
19.94,20.9204873173347,0.449257757273763,0.566923728856846,-0.04419838
19.95,20.9624816050218,0.440101158444683,0.57138553416024,-0.02174318
19.96,20.9943906951458,0.428927526685663,0.575746240875526,-0.01986827
19.97,21.0105361378627,0.415382780660059,0.580016137518389,-0.01805766
19.98,20.9772894680404,0.403857376360771,0.584196051350637,-0.01631522
19.99,20.9751252809773,0.402566892246801,0.588293264103337,-0.01464466
20,20.9694028315083,0.396644027295507,0.592315362115605,-0.01304955
20.01,20.9954351976197,0.39637941827751,0.596267045793339,-0.0115333
20.02,21.0192220271558,0.384658249256322,0.600150837612553,-0.01009914
20.03,20.9850328763528,0.372207419860285,0.603967932203813,-0.00875013
20.04,20.9877888070669,0.370004025021541,0.607719035917921,-0.00748914
20.05,21.0703351306903,0.374929839154101,0.611404830593272,-0.00631888
20.06,21.0960346205707,0.369236397232514,0.615026127463979,-0.00524184
20.07,21.1436162768393,0.358605870442461,0.618583889827533,-0.00426031
20.08,21.177981749253,0.343478684389666,0.622079143406852,-0.00337639
20.09,21.1957674352875,0.340774348107362,0.625512950842483,-0.00259197
20.1,21.21301267964,0.330110887231342,0.628886376478179,-0.00190872
20.11,20.7880978774837,0.216351373999685,0.632200474949582,-0.0013281
20.12,19.9606093507476,0.0497881578575288,0.635456289348407,-0.00085135
20.13,18.877421332507,-0.16536462504626,0.638609895642034,-0.00047948
20.14,17.6438241911393,-0.381337891845031,0.637651609663541,-0.00021329
20.15,16.3839222861703,-0.585682849590488,0.630802317754799,-0
20.16,15.0763337250019,-0.796808142362374,0.620874112339194,-0
20.17,13.8389263985402,-0.990728762887676,0.609576954020434,-0.00039426
20.18,12.9667564980061,-1.08518325486372,0.597858781625207,-0.00157084
20.19,12.4781984262199,-1.12969025414971,0.586187015069896,-0.00351118
20.2,12.1883279053648,-1.12108637517085,0.574743642134842,-0.00618467
20.21,11.9856733442972,-1.10316918713318,0.563567819113905,-0.00954915
20.22,11.8458077414446,-1.08863274813038,0.552641690058884,-0.01355157
20.23,11.718435954107,-1.06383525961178,0.541938044885835,-0.0181288
20.24,11.5589083190752,-1.05152268387566,0.531435787204941,-0.02320866
20.25,11.4050116667779,-1.03334858406692,0.521124211106739,-0.02871104
20.26,11.2462401260888,-1.01109797279002,0.510998584727486,-0.03454915
20.27,11.1274995959664,-0.987575268428123,0.501056997702561,-0.04063093
20.28,11.0614190449798,-0.970177532098515,0.491298125274023,-0.04686047
20.29,10.9416432899693,-0.957929048557141,0.481720431910001,-0.05313953
20.3,10.8494697625261,-0.960158051891017,0.472322289402327,-0.05936907
20.31,10.7258286309978,-0.93672489157549,0.463101387179271,-0.06545085
20.32,10.6736005488706,-0.918597737209427,0.454055186859145,-0.07128896
20.33,10.6025749779152,-0.90106478012047,0.445181142011656,-0.07679134
20.34,10.5404445712242,-0.890279711531481,0.436476676282659,-0.0818712
20.35,10.4077535933578,-0.871777807193832,0.427939079726114,-0.08644843
20.36,10.3413619087273,-0.850251268407026,0.419565707958117,-0.09045085
20.37,10.2691560566553,-0.820147702078561,0.411353847366943,-0.09381533
20.38,10.2186586103079,-0.804710876091458,0.403300742468611,-0.09648882
20.39,10.0710663184856,-0.790458926906148,0.395403606042638,-0.09842916
20.4,9.95355442773742,-0.774849545237616,0.387659636283292,-0.09960574
20.41,9.81222771877684,-0.759594715359514,0.380065979937091,-0.09995371
20.42,9.75475268074248,-0.744378561722365,0.372620016771926,-0.1
20.43,9.67223225420441,-0.730249404919494,0.36531956034638,-0.09995371
20.44,9.58066110700753,-0.714656963325641,0.358162343445792,-0.09981491
20.45,9.48382007516246,-0.698886752451081,0.351146164894477,-0.09958387
20.46,9.47355219282253,-0.676672570450446,0.344268500927463,-0.09926101
20.47,9.43048911302106,-0.655429640048566,0.337527065697686,-0.09884692
20.48,9.39098433961222,-0.643172965087109,0.33091965890862,-0.09834239
20.49,9.34884571632974,-0.63283090692672,0.324444082712174,-0.09774834
20.5,9.30710570509442,-0.62325868046512,0.318098136003854,-0.09706587
20.51,9.24070257535193,-0.608328148594787,0.311879653053192,-0.09629624
20.52,9.23035458090972,-0.595906548684519,0.305786415870695,-0.09544088
20.53,9.13357305453014,-0.585167074837881,0.299816339650863,-0.09450138
20.54,9.03717907360721,-0.581952503018974,0.293967273942969,-0.09347947
20.55,8.95506824644318,-0.55879337641454,0.288237045015237,-0.09237705
20.56,8.89909784954386,-0.54194643216329,0.282623577962659,-0.09119615
20.57,8.84737816308648,-0.530897215136774,0.277124764002702,-0.08993897
20.58,8.820670888366,-0.529573022593022,0.271738523940584,-0.08860783
20.59,8.73422243158032,-0.522130080538366,0.266462730385206,-0.0872052
20.6,8.71919518657119,-0.519141678738275,0.261295419163844,-0.08573367
20.61,8.713193882397,-0.516311456409169,0.256234551040671,-0.08419597
20.62,8.68731992512369,-0.513288338529423,0.251278100569057,-0.08259495
20.63,8.66001772055133,-0.503942041741621,0.246424037326384,-0.08093357
20.64,8.63282654924821,-0.483353541272324,0.241670412472892,-0.07921491
20.65,8.55944906573617,-0.46320716518393,0.237015285625564,-0.07744215
20.66,8.5374501467418,-0.443903389126323,0.232456718052435,-0.07561857
20.67,8.45536811388921,-0.433138765771411,0.227992821670579,-0.07374755
20.68,8.41736781838459,-0.409212305334306,0.223621648439277,-0.07183256
20.69,8.37905693108794,-0.404851477480929,0.219341384063503,-0.06987714
20.7,8.34612055992332,-0.393503493345435,0.215150137077115,-0.06788491
20.71,8.24910541191703,-0.388247593864943,0.211046069939277,-0.06585956
20.72,8.24559307112096,-0.376417642773946,0.207027397967718,-0.06380485
20.73,8.22287584034069,-0.376075390092987,0.203092342077038,-0.06172457
20.74,8.31212492674622,-0.366781851860386,0.199239145006081,-0.05962258
20.75,8.31982063062055,-0.364008736866156,0.195466075989447,-0.05750277
20.76,8.29566474696033,-0.357678496624506,0.191771456959686,-0.05536907
20.77,8.2810216174338,-0.355818262582876,0.188153562699101,-0.05322542
20.78,8.28500506974568,-0.350940945327134,0.184610752995154,-0.0510758
20.79,8.27488330330933,-0.353955398486439,0.181141403485678,-0.0489242
20.8,8.20814926480895,-0.35190979651483,0.177743941333898,-0.04677458
20.81,8.08755260485834,-0.345023950412966,0.17441676457194,-0.04463093
20.82,8.06824640455877,-0.342444437611357,0.17115829941002,-0.04249723
20.83,8.05541139651972,-0.325030191806435,0.167967054101501,-0.04037742
20.84,7.99997667752017,-0.320011545977997,0.164841538801467,-0.03827543
20.85,7.98165617730133,-0.313647379808769,0.161780291220222,-0.03619515
20.86,7.97637586668422,-0.300423667331691,0.158781877742385,-0.03414044
20.87,8.00068122460674,-0.284385432231071,0.155844893124377,-0.03211509
20.88,8.00726401896404,-0.276344721180627,0.152967960944449,-0.03012286
20.89,8.0023735365742,-0.272066227719337,0.15014973337022,-0.02816744
20.9,7.97741404660162,-0.276806362400376,0.147388889951681,-0.02625245
20.91,7.96435435646463,-0.272756909104635,0.144684141842698,-0.02438143
20.92,7.96353802852347,-0.264669357985467,0.142034225384568,-0.02255785
20.93,7.94344012954689,-0.263207250529585,0.13943790785042,-0.02078509
20.94,7.92512944032994,-0.265559463846103,0.136893983730351,-0.01906643
20.95,7.92769166339832,-0.256263517158903,0.134401269980197,-0.01740505
20.96,7.84164911292091,-0.239296713336522,0.131958619419907,-0.01580403
20.97,7.87422274861069,-0.234856868679918,0.129564918113922,-0.01426633
20.98,7.87528495343369,-0.229630893396458,0.127219069081967,-0.0127948
20.99,7.83697452319873,-0.233480960592311,0.124920005554383,-0.01139217
21,7.80207948497686,-0.22593182866682,0.122666688701933,-0.01006103
21.01,7.78912997115333,-0.219005300237215,0.120458106410925,-0.00880385
21.02,7.73267116822824,-0.225418556183393,0.118293272353386,-0.00762295
21.03,7.80517359429874,-0.229797479013671,0.116171225714361,-0.00652053
21.04,7.77357351631754,-0.224114660306591,0.114091030687516,-0.00549862
21.05,7.76049214788493,-0.212086615319651,0.11205177626205,-0.00455912
21.06,7.76919284482818,-0.204470186081597,0.110052576279318,-0.00370376
21.07,7.78908015400115,-0.202787625586059,0.108092567407762,-0.00293413
21.08,7.74717521309416,-0.195283954776355,0.10617091047508,-0.00225166
21.09,7.76243325295875,-0.190317568357235,0.104286789073472,-0.00165761
21.1,7.70779795055557,-0.184022147488672,0.102439408874189,-0.00115308
21.11,7.69692706592359,-0.170035586349125,0.100627997240101,-0.00073899
21.12,7.72075117031266,-0.169805147280676,0.0988518026832987,-0.00041613
21.13,7.71365787326317,-0.16714071763452,0.0971100942057125,-0.00018509
21.14,7.70510327491357,-0.170773985244768,0.0954021256309499,-0
21.15,7.71783134536581,-0.170223863147653,0.0937272696909057,-0
21.16,7.69151609372562,-0.162568642490455,0.0920851468372759,-0.00039426
21.17,7.68792460282461,-0.156629905999754,0.0904757588158132,-0.00157084
21.18,7.68285736939922,-0.159913669110458,0.0888992119103754,-0.00351118
21.19,7.60452067915371,-0.153667892020996,0.0873554931647329,-0.00618467
21.2,7.59992457313077,-0.146223149464194,0.0858446743465216,-0.00954915
21.21,7.56975812610481,-0.136480993992313,0.0843669039998699,-0.01355157
21.22,7.59703292084016,-0.125034858407575,0.0829223549692251,-0.0181288
21.23,7.64422487598727,-0.120332956515916,0.0815111582739567,-0.02320866
21.24,7.67965901517928,-0.116057559579444,0.0801333921885405,-0.02871104
21.25,7.66493340672467,-0.10935021656429,0.0787889974950171,-0.03454915
21.26,7.71683139029594,-0.108944279313434,0.0774777826635454,-0.04063093
21.27,7.68881566064967,-0.105450881613406,0.0761994167967058,-0.04686047
21.28,7.71371651472096,-0.103354343224683,0.0749534258673256,-0.05313953
21.29,7.74475607194569,-0.103516278613651,0.0737391911665268,-0.05936907
21.3,7.71141684995086,-0.0997741936706104,0.0725559499169057,-0.06545085
21.31,7.64898387132437,-0.102254475982187,0.0714027978172817,-0.07128896
21.32,7.66273327118207,-0.0989771644619847,0.0702786987255513,-0.07679134
21.33,7.64703145731287,-0.103211482784202,0.0691824759235065,-0.0818712
21.34,7.69183049631336,-0.105174855083593,0.0681128392713434,-0.08644843
21.35,7.66600151257667,-0.0909176652796526,0.0670683907753145,-0.09045085
21.36,7.62699808112096,-0.0906056111802005,0.0660476395929522,-0.09381533
21.37,7.60555382450726,-0.0896862217184058,0.0650490172745949,-0.09648882
21.38,7.64738117962115,-0.0901777772995219,0.0640708961053111,-0.09842916
21.39,7.66528149061352,-0.0962844072857238,0.0631116089107758,-0.09960574
21.4,7.667005689457,-0.0906931871574644,0.0621694336710786,-0.09995839
21.41,7.64255184015067,-0.0855785933162714,0.0612430812368459,-0.1
21.42,7.63249116561141,-0.0952255887658905,0.0603317240122373,-0.09995839
21.43,7.62144049166312,-0.0975655641397533,0.0594344347607014,-0.09983363
21.44,7.62407517268427,-0.0938990931956125,0.05855032015067,-0.09962593
21.45,7.55430535577512,-0.0920076539945145,0.0576786608568994,-0.09933562
21.46,7.51767597710472,-0.0837191479147891,0.0568189266424294,-0.09896321
21.47,7.49145779407386,-0.086019524497251,0.0559707170020459,-0.0985093
21.48,7.44449658876627,-0.0838149968347761,0.0551337024137046,-0.09797465
21.49,7.4498291503518,-0.0785975553721071,0.0543075855016376,-0.09736015
21.5,7.44354212933391,-0.0739605385322708,0.0534958826582548,-0.10099777
21.51,7.42812500603589,-0.0780613466438176,0.0527039641674276,-0.10888865
21.52,7.48746628861894,-0.069461787359112,0.051935523417559,-0.12103409
21.53,7.45376580653544,-0.0735054454752675,0.0511948789812292,-0.13743548
21.54,7.44104224196913,-0.0685972310648587,0.0504874292857614,-0.15809438
21.55,7.49241534423436,-0.062561443190208,0.0498193477846351,-0.18301243
21.56,7.48336618038972,-0.0687913423873386,0.0491972820887012,-0.21219141
21.57,7.5287545174689,-0.0669224763073394,0.0486279012662959,-0.24563322
21.58,7.5392849709067,-0.06529197085839,0.0481177971291955,-0.28333985
21.59,7.51272640672562,-0.0688826871298426,0.0476694726138976,-0.3209825
21.6,7.48469539203203,-0.0600519047562024,0.0472834126976918,-0.35856338
21.61,7.46234405417847,-0.0428799050959708,0.046961628910121,-0.39608481
21.62,7.43225830627614,-0.0425488940145902,0.0467052462358628,-0.43354923
21.63,7.4031515965595,-0.0290552027010367,0.0465139859747742,-0.47095915
21.64,7.30480333274489,-0.021647380759814,0.0463864294394985,-0.50831718
21.65,7.29233642489046,-0.0127822019152283,0.0463203782513057,-0.54562602
21.66,7.25687825473987,0.00403379453428423,0.046312863591711,-0.58288845
21.67,7.29254268141826,0.00295080547461381,0.0463572629988095,-0.62010733
21.68,7.29669499784909,-0.00363549068190499,0.0464300640022982,-0.65728558
21.69,7.31021366010711,-0.000239985431844971,0.0465133684988268,-0.6944262
21.7,7.33265091568053,-0.00168439019032244,0.0466008740164008,-0.73153225
21.71,7.35555144127192,-0.00480430501320218,0.0466903089616116,-0.76860684
21.72,7.30455219764678,-0.00361169548367314,0.0467809109356389,-0.80565315
21.73,7.28614871788846,-0.011513758643305,0.0468724121693656,-0.84267439
21.74,7.24305206186276,-0.0130300315835586,0.0469647191602871,-0.87967382
21.75,7.19536967818976,-0.0152860801023833,0.0470577941991989,-0.91665473
21.76,7.13943440321151,-0.0164931034285586,0.0471515032093641,-0.95362045
21.77,7.08996609194117,-0.0126790951620909,0.0472460185619205,-0.99057432
21.78,7.05768948878623,-0.00853636180298023,0.0473412943992432,-1.02751972
21.79,7.04295997097846,-0.00593135321956777,0.0474373461278755,-1.06446003
21.8,6.98205475921192,-0.00842192666524857,0.0475341592218861,-1.10139864
21.81,6.95288166624988,-0.000443471121280377,0.0476317293168645,-1.13833895
21.82,6.94787848944319,0.0114170207705074,0.0477300555750862,-1.17528435
21.83,6.88547278569851,0.00864940527606831,0.0478291384934116,-1.21223822
21.84,6.83990462201987,0.0058800716512847,0.0479289791541308,-1.24920394
21.85,6.81813032990384,0.00371330140775777,0.0480295789471962,-1.28618485
21.86,6.82737340390125,0.000583502882701332,0.0481309394557629,-1.32318428
21.87,6.79309863522127,0.0103458070075086,0.0482330624164682,-1.36020552
21.88,6.77768612923231,0.00824251664028457,0.0483359496843204,-1.39725183
21.89,6.77874706175012,-0.00221633471882386,0.0484396032093227,-1.43432642
21.9,6.78560472027127,-0.00421443048696464,0.0485440250284638,-1.47143247
21.91,6.76514619139674,-0.00392107642247716,0.0486492172366608,-1.50857309
21.92,6.73178122303179,-0.00367409675017721,0.0487551819710195,-1.54575135
21.93,6.66063808968043,-0.00480907571888659,0.0488619477509655,-1.58297022
21.94,6.6735782063768,-0.0124884935155536,0.0489694769918587,-1.62023265
21.95,6.62371261416089,-0.011540049163095,0.0490777809411887,-1.6575415
21.96,6.53077641888597,-0.00933422192076968,0.0491868643693294,-1.69489953
21.97,6.49284071568911,-0.0057016443971465,0.0492926432339143,-1.72797851
21.98,6.44631661391953,-0.00137600599858611,0.0493900024699647,-1.75678104
21.99,6.40273541057431,-0.0048804060265045,0.0494769693441823,-1.78130965
22,6.41810506293325,-0.00704461136444413,0.0495528299952991,-1.80156677
22.01,6.38943715381281,-0.00713550317895342,0.0496137263369415,-1.81364021
22.02,6.42860008860923,-0.00940419844519964,0.0496544685125951,-1.81753219
22.03,6.48502761320529,-0.00827395542701777,0.0496735539416131,-1.81324484
22.04,6.48943117030605,-0.0141891165896567,0.0496702373195538,-1.80078016
22.05,6.47473054916528,-0.0176792229501853,0.0496442795276041,-1.78014005
22.06,6.51528136861137,-0.0235124830548946,0.0495996191021036,-1.75565722
22.07,6.50131360184157,-0.0227746806154049,0.0495414265947631,-1.72733332
22.08,6.53093233544535,-0.026808927556175,0.0494714430890493,-1.69516991
22.09,6.54945068309016,-0.0334773411034385,0.0493902657935377,-1.65916837
22.1,6.52852236079916,-0.034263556779584,0.0493018365479987,-1.62324451
22.11,6.56337827258059,-0.0283467393370263,0.0492108178906124,-1.58739948
22.12,6.61223995042581,-0.0288905518082047,0.0491188899056967,-1.55163429
22.13,6.69813125265705,-0.0145198049639682,0.0490267437991202,-1.51594985
22.14,6.75060640293322,-0.0173206300556457,0.0489344482681229,-1.48034689
22.15,6.81152960512486,-0.00399342928627171,0.0488421008836925,-1.44482606
22.16,6.84027590166091,-0.00269744579473687,0.0487497449923754,-1.40938782
22.17,6.95787479538578,-0.00534764863494153,0.0486573553059697,-1.37399091
22.18,7.00627540414371,-0.0063274603355894,0.0485649957718775,-1.33876037
22.19,7.09465684504522,-0.00707895345232028,0.0484730085816681,-1.3039241
22.2,7.05255952745099,-0.0100667257821246,0.0483820744764507,-1.26987014
22.21,7.13303693105539,-0.00183758511530935,0.048292778164845,-1.23657994
22.22,7.13648727241188,-0.00919939732629581,0.0482052814173028,-1.20402289
22.23,7.15549485598524,-0.0144790612528991,0.0481195754028838,-1.17215684
22.24,7.16236175676075,-0.0161075913611403,0.0480355727319121,-1.14092873
22.25,7.21719095414123,-0.0159898219436761,0.0479529370061569,-1.11027542
22.26,7.25192769459545,-0.0126648428947864,0.047871785613846,-1.08012474
22.27,7.29879752032584,-0.0151387866371381,0.0477918675989359,-1.05039658
22.28,7.27612395373272,-0.0248804619167404,0.0477129593372326,-1.02100416
22.29,7.31194132080736,-0.0228779135250196,0.0476348086231136,-0.99185541
22.3,7.3598979822381,-0.0115912096524883,0.0475571510144723,-0.96285441
22.31,7.36839328992387,-0.00482942272438123,0.0474797249313141,-0.93390293
22.32,7.307769461291,-0.00114534707047192,0.0474022536724761,-0.90490193
22.33,7.32591549798344,-0.00668317658569686,0.0473244545536537,-0.87575318
22.34,7.29838775380108,-0.00882634795977278,0.0472455464323705,-0.84636076
22.35,7.32573982363222,-0.00659641425184073,0.0471603796702066,-0.8166326
22.36,7.35720930274565,-0.00870383992612167,0.0470569144560212,-0.78648192
22.37,7.36129183437302,-0.013123720149069,0.0469212041535602,-0.75582862
22.38,7.36091605597195,-0.0222112058788781,0.0467420696681656,-0.7246005
22.39,7.42736380535985,-0.022449254717069,0.0465123767785087,-0.69273445
22.4,7.42574708821873,-0.0222639890024945,0.0462286272575438,-0.6601774
22.41,7.53270196946169,-0.0299378164573568,0.045889782451588,-0.6268872
22.42,7.55944521900257,-0.0307400778212571,0.0454962156817298,-0.59283324
22.43,7.57483421892328,-0.0323547868083115,0.0450489594212405,-0.55793858
22.44,7.57935154905188,-0.0320838591777463,0.0445497671506039,-0.52276643
22.45,7.60242912308938,-0.0307051373917914,0.0440008070108153,-0.48747751
22.46,7.60105643451043,-0.0433428336324483,0.0434039566975689,-0.45207194
22.47,7.605580437828,-0.0510334859044598,0.0427610435635455,-0.41655015
22.48,7.58247671977131,-0.0522166281332596,0.0420738535062081,-0.3809128
22.49,7.59358729840326,-0.0582734474048236,0.0413442793366169,-0.34516084
22.5,7.60833590237387,-0.0680815456068096,0.0405741236601628,-0.30929551
22.51,7.62874849609468,-0.081006434523182,0.0397651422311222,-0.27331827
22.52,7.6196412804128,-0.0877597213191892,0.0389190143958337,-0.23723088
22.53,7.63836550472359,-0.0960417262766145,0.0380373030607259,-0.20103533
22.54,7.66762382541734,-0.10100500571241,0.0371214630485185,-0.16473387
22.55,7.65410680704693,-0.104019954712698,0.0361728514217443,-0.12832902
22.56,7.68272869780002,-0.101581017993853,0.0351927416764804,-0.09182351
22.57,7.65050058028183,-0.100705355764807,0.0342125659339733,-0.09045085
22.58,7.69101492591141,-0.0975878784200658,0.0332484884273862,-0.08898372
22.59,7.72131400164683,-0.101732923256945,0.0322879956998534,-0.08742554
22.6,7.7063951679751,-0.0971952837139239,0.0313364789166158,-0.08577995
22.61,7.64063521277657,-0.0951256431646488,0.0304025647648282,-0.08405079
22.62,7.64713950435049,-0.0833824164783651,0.0294931265365934,-0.08224211
22.63,7.59805382944836,-0.0833789389732557,0.0286113805771478,-0.08035813
22.64,7.63751580925237,-0.0798742328900813,0.0277579501671284,-0.07840324
22.65,7.58365849183659,-0.0679450737443807,0.0269319873751638,-0.07638201
22.66,7.5647240661174,-0.0689623993754905,0.0261321173907756,-0.07429917
22.67,7.50650727031027,-0.068854669881304,0.0253568535452275,-0.07215958
22.68,7.50011694034011,-0.0598739368518676,0.0246048154497087,-0.06996823
22.69,7.48265331031863,-0.066745364466552,0.0238747744498341,-0.06773024
22.7,7.44253373532587,-0.0583863369742746,0.0231656339773476,-0.06545085
22.71,7.40720349154475,-0.0638854477086359,0.0224763955877661,-0.06313537
22.72,7.42374664740838,-0.0663189331162477,0.0218061313138843,-0.06078921
22.73,7.44453806266233,-0.0612984654510333,0.0211539670990347,-0.05841785
22.74,7.53521167115289,-0.0611350875344704,0.0205190876329298,-0.05602683
22.75,7.56468565548522,-0.0682487489059541,0.0199006893062946,-0.05362174
22.76,7.56468343160241,-0.0667593454466583,0.0192980230744909,-0.05120819
22.77,7.56341599217279,-0.0725860651855617,0.0187103938356024,-0.04879181
22.78,7.49240730870686,-0.0669362009034117,0.0181371493455004,-0.04637826
22.79,7.478424718858,-0.0649093775475737,0.0175776531688852,-0.04397317
22.8,7.45498999437527,-0.0596751529322916,0.017031320757562,-0.04158215
22.81,7.42375091666753,-0.0496350996428063,0.0164975926002057,-0.03921079
22.82,7.40295597953715,-0.0537165273784078,0.0159759658315719,-0.03686463
22.83,7.42286390862705,-0.0509753300621983,0.0154659613539964,-0.03454915
22.84,7.44178245928476,-0.0548185479366785,0.0149671327700407,-0.03226976
22.85,7.54225512002195,-0.0478076247024938,0.0144790649555192,-0.03003177
22.86,7.50079630813483,-0.0498715910160299,0.014001372732179,-0.02784042
22.87,7.53303496463686,-0.0535871226479933,0.0135336994343937,-0.02570083
22.88,7.51849058104935,-0.0506501168693768,0.0130757155416102,-0.02361799
22.89,7.53655872778853,-0.039769521177301,0.0126271173232735,-0.02159676
22.9,7.52978394854888,-0.0391538769792727,0.0121876255617976,-0.01964187
22.91,7.59233005843724,-0.0303442792107853,0.0117569841883645,-0.01775789
22.92,7.51254857606743,-0.0332271464319732,0.0113349590396076,-0.01594921
22.93,7.53537745270774,-0.0301799150472727,0.0109213365140871,-0.01422005
22.94,7.50420911106535,-0.0305870855145349,0.0105159224574954,-0.01257446
22.95,7.57790412502786,-0.0305660912639913,0.0101185477077737,-0.01101628
22.96,7.56180573221155,-0.0279217999012446,0.00972904632701878,-0.00954915
22.97,7.5345983207274,-0.0279555966446198,0.00934727515805761,-0.00817649
22.98,7.49173464198735,-0.0307279865656947,0.00897310580575874,-0.00690152
22.99,7.5615441599586,-0.032823346527238,0.00860642346578164,-0.0057272
23,7.57981484616843,-0.0329982788937448,0.00824714006768992,-0.00465628
23.01,7.57809474194179,-0.0265561398527233,0.00789514756283238,-0.00369127
23.02,7.54146647254554,-0.0361806253581233,0.0075503727509313,-0.00283441
23.03,7.57037744901662,-0.0409075856957999,0.00721274648240284,-0.00208771
23.04,7.55256508535731,-0.0417141267053396,0.00688220598778211,-0.00145291
23.05,7.55403596625482,-0.0407663279746071,0.00655869570194262,-0.00093149
23.06,7.48800661000106,-0.0414339303384534,0.00624216708472455,-0.00052468
23.07,7.48956849492784,-0.0442591676395355,0.00593257787242983,-0.00023342
23.08,7.49094264216102,-0.0375496363308444,0.00562983789226487,-0
23.09,7.51305658080584,-0.0294615051714226,0.00533399832273355,-0
23.1,7.5182830800228,-0.0287303067715535,0.00504535605177731,-0.00039426
23.11,7.55415947375532,-0.026813656256382,0.00476455642521835,-0.00157084
23.12,7.50573278035002,-0.0258602186126749,0.00449233714329529,-0.00351118
23.13,7.57021998276701,-0.0222578882575995,0.00422930974165433,-0.00618467
23.14,7.58077906883077,-0.0288167023289162,0.00397617796805207,-0.00954915
23.15,7.56641531784018,-0.0355960174210486,0.00373373487057612,-0.01355157
23.16,7.50843491626082,-0.0369791111767586,0.00350278963787934,-0.0181288
23.17,7.47932164373726,-0.0331064074708537,0.00328408675814497,-0.02320866
23.18,7.50699962694598,-0.0195250735667662,0.00307824821431643,-0.02871104
23.19,7.54712205064428,-0.0144570727483573,0.00288574177759219,-0.03454915
23.2,7.5241459819814,-0.0159063232843265,0.00270685745120503,-0.04063093
23.21,7.50109918214031,-0.00683451941064263,0.00254169946635593,-0.04686047
23.22,7.49668821093763,-0.00694787348117672,0.00239018572048739,-0.05313953
23.23,7.47084468790083,-0.00147891437931714,0.00225205358105233,-0.05936907
23.24,7.51136937643746,-0.00109517489310268,0.00212683633693013,-0.06545085
23.25,7.45456083141746,-0.0127444326753157,0.00201388163414305,-0.07128896
23.26,7.43040572624408,-0.0208041023766691,0.00191239650325369,-0.07679134
23.27,7.42709733810601,-0.0204312330924297,0.00182147226283779,-0.0818712
23.28,7.39271690628339,-0.0204008152088897,0.00173994928816319,-0.08644843
23.29,7.39897070182148,-0.01379677825808,0.00166662976391601,-0.09045085
23.3,7.42962567543917,-0.0102385147962377,0.00160019426300643,-0.09381533
23.31,7.36936129161114,-0.00510175002426964,0.00153929186886164,-0.09648882
23.32,7.34066967076709,-0.00985438748662989,0.00148729493994253,-0.10365093
23.33,7.32190053844213,-0.00730154994303277,0.00145000566854361,-0.11527106
23.34,7.27471336696043,-0.00503303979760106,0.00143056463071481,-0.13127043
23.35,7.29648056648584,0.00480790653640208,0.00143355604426908,-0.15221776
23.36,7.26780822575377,0.000597123328453528,0.0014647215514895,-0.17826641
23.37,7.25870899645299,0.00151821391460252,0.00152697852733401,-0.20941652
23.38,7.28092593386545,0.010009411796593,0.00161291394878499,-0.24566854
23.39,7.26893301933222,0.0226292461897271,0.0017167586686308,-0.28702319
23.4,7.27802549466389,0.0217075448663345,0.00183649307687159,-0.33348147
23.41,7.25558080882101,0.020401723238189,0.00196658462241613,-0.3798229
23.42,7.23326414298715,0.0237566169859098,0.00210035843776862,-0.42604907
23.43,7.18155770132442,0.0243275472308168,0.00223577415200271,-0.47216182
23.44,7.11237822447813,0.0199366013751829,0.00237196792831967,-0.51816329
23.45,7.0040024327601,0.0112143396860872,0.00250860841732792,-0.56405587
23.46,6.95786022196402,0.00328303386386374,0.00264558575611884,-0.60984222
23.47,6.886873755536,0.0147150550644267,0.00278286402297526,-0.65552525
23.48,6.8496032954368,0.0186374852541288,0.00292043369479799,-0.70110813
23.49,6.82648070112516,0.005276137576961,0.00305829496767696,-0.74659425
23.5,6.79774172221676,0.00752512775257624,0.00319645194376209,-0.79198727
23.51,6.74659389323393,0.00307723581100442,0.0033349105593967,-0.83729103
23.52,6.7595282402438,0.00645827408175829,0.00347367784723028,-0.88250962
23.53,6.71691252042702,0.00886533088710015,0.0036127616860191,-0.92764732
23.54,6.7060707252567,0.00926502898397401,0.00375217066390759,-0.9727086
23.55,6.63427995560843,0.0120456226342761,0.0038919140322818,-1.01769813
23.56,6.55690351218939,0.0191401294026311,0.00403200165771267,-1.06262073
23.57,6.5313902940953,0.0266354440476479,0.00417244400030323,-1.10748141
23.58,6.57327000232735,0.028718390680006,0.00431325208453784,-1.15228531
23.59,6.50534430128862,0.023290963790923,0.00445443744237855,-1.19703771
23.6,6.4655344556498,0.0342001787961425,0.00459601208532551,-1.24174401
23.61,6.40564569647624,0.0346568102811378,0.00473798849161103,-1.28640974
23.62,6.40432394545747,0.025144178426753,0.00488037953839959,-1.33104049
23.63,6.35426507044435,0.0225434087932336,0.00502319848274199,-1.37564198
23.64,6.25437764382724,0.0126751511854956,0.00516645893745445,-1.42021997
23.65,6.18024902726056,0.0208571324534488,0.00531017479451696,-1.46478028
23.66,6.13831739001374,0.0219557924826148,0.00545436022330396,-1.50932879
23.67,6.16839447294907,0.0123524346104397,0.00559902961731279,-1.55387139
23.68,6.13864106000578,0.0101199468398239,0.00574419753148541,-1.59841398
23.69,6.07132885514321,0.0148413549932642,0.00588987868248807,-1.64296249
23.7,6.0590327831759,0.00834590605547257,0.0060360878874766,-1.6875228
23.71,6.0685530442942,0.0108746855821635,0.00618296619162285,-1.73210079
23.72,5.95792084732035,0.00506984890254886,0.00633031834454595,-1.77670228
23.73,5.90443470440214,0.0108520809038335,0.00647822795321555,-1.82133304
23.74,5.7905238829582,0.011473897307213,0.00662671982056785,-1.86599876
23.75,5.79081841396559,0.0168904446991358,0.00677581216285327,-1.91070506
23.76,5.77995064692442,0.0188261916380548,0.00692552079118181,-1.95545746
23.77,5.72291146577289,0.0259362098136159,0.0070759025562773,-2.00026136
23.78,5.68218525076632,0.0214731832622034,0.00722690902345206,-2.04512204
23.79,5.69429867818541,0.0226147630263395,0.00737856758229754,-2.09004464
23.8,5.68084793592987,0.0172735007820424,0.00753089664911241,-2.13503417
23.81,5.62375509350889,0.0157590173049028,0.00768391119467413,-2.18009545
23.82,5.57359877637017,0.011905964610481,0.00783762472502277,-2.22523315
23.83,5.52009734611991,0.0110503960521422,0.00799204995736803,-2.27045174
23.84,5.45219125586211,0.0106851171906187,0.00814719902674988,-2.3157555
23.85,5.41514884324971,0.00764545118110143,0.00830308356622557,-2.36114852
23.86,5.39880397423912,0.00541078633651774,0.00845971467976779,-2.40663465
23.87,5.3483422268485,0.00155535161115227,0.00861710291642088,-2.45221752
23.88,5.34228274759548,0.0215156976369501,0.00877525827993959,-2.49790055
23.89,5.43438888312824,0.0636880379929733,0.00893419019689175,-2.5436869
23.9,5.6996300094097,0.133803392730128,0.00909390745719289,-2.58957948
23.91,6.16215072705185,0.22018942754156,0,-2.63558095
23.92,6.74264077001641,0.340450179400252,0.0017502805903558,-2.6816937
23.93,7.41953601477259,0.46820646136358,0.00548143058568217,-2.72791987
23.94,8.26051714081471,0.612690843332835,0.0110649245798595,-2.77426131
23.95,9.19912757552563,0.750291894896967,0.018177976439169,-2.82071959
23.96,10.1303184874976,0.862719864666477,0.0265322021700664,-2.867296
23.97,11.1132747737744,0.974025988824547,0.0359168931372667,-2.91399157
23.98,11.9652623070056,1.07829072614954,0.0462009638585369,-2.96074679
23.99,12.7415412390613,1.15582467441342,0.0573046420552074,-3.00774277
24,13.5026340229988,1.22148458169394,0.0691738474108493,-3.05513302
24.01,14.1920799713977,1.27459682224859,0.0817572999634083,-3.10330558
24.02,14.7826417100676,1.30503422445311,0.0948833768405229,-3.15224189
24.03,15.2441529887703,1.3320820698825,0.108266315541439,-3.20191136
24.04,15.5281161779237,1.33003143337516,0.121684847495725,-3.25227183
24.05,15.7465299230424,1.31615250213639,0.135020080504589,-3.30327023
24.06,15.9139871260162,1.30331161535496,0.148222984931642,-3.35484344
24.07,16.0279694175055,1.29229718635053,0.161282868025474,-3.40691928
24.08,16.1214853042844,1.2807163795851,0.174203846768314,-3.45941764
24.09,16.2675914765834,1.26837030346732,0.186992887673548,-3.51225173
24.1,16.3535066391491,1.25510144000673,0.199655534444027,-3.5653295
24.11,16.4588971997885,1.25094811750529,0.212195264456442,-3.61855502
24.12,16.5847077718012,1.24340551729471,0.224614025793247,-3.67183005
24.13,16.6325850744644,1.23507814382999,0.236913010690381,-3.72505557
24.14,16.7474594681622,1.21507901402685,0.249093125633172,-3.77813333
24.15,16.8147495908822,1.19925586047959,0.261153067681962,-3.82574565
24.16,16.8731240317421,1.18575966090355,0.273089400801829,-3.86780046
24.17,16.936546338487,1.16576833712922,0.284899545709067,-3.90421097
24.18,17.0159086696267,1.14678105998011,0.296581216654948,-3.93489708
24.19,17.1184030552989,1.1362176053145,0.308131933067017,-3.9597866
24.2,17.2605735671362,1.12082476628681,0.319549339757135,-3.97881642
24.21,17.3041630735987,1.10917381064033,0.330830930385761,-3.99193346
24.22,17.444639937877,1.08398235591321,0.3419679602124,-3.98511468
24.23,17.5558394092127,1.07803902786958,0.352945442232593,-3.95832949
24.24,17.7071338436613,1.07274558591629,0.36375355421547,-3.91673217
24.25,17.8094613254906,1.06131316617323,0.374385468413867,-3.86085758
24.26,17.895971402508,1.03960565313063,0.384833688237706,-3.79090422
24.27,18.009979542858,1.02036317491458,0.395089646061695,-3.7068722
24.28,18.1530660752442,0.998713938300693,0.405144405131974,-3.60876181
24.29,18.2427951152303,0.979915331461111,0.414988808997906,-3.49657351
24.3,18.338474388778,0.946773863039364,0.424613476257958,-3.37030798
24.31,18.4436057165805,0.92435364697827,0.434015747156182,-3.24394696
24.32,18.627639180534,0.897150910058284,0.443198525913991,-3.11749149
24.33,18.7891121652741,0.8762368306243,0.452161879884639,-2.99094281
24.34,18.9833007047505,0.852111435411155,0.460904966994561,-2.86430231
24.35,19.1283147398768,0.833187313705856,0.46942702637259,-2.7375716
24.36,19.2607730058667,0.823745063393549,0.47772768137399,-2.61075243
24.37,19.3382456865584,0.796518431368868,0.485806885149517,-2.48384675
24.38,19.4617269341788,0.771066512177721,0.493664764177239,-2.35685668
24.39,19.5715658037838,0.752286845278056,0.501301489898004,-2.22978447
24.4,19.6539261557039,0.730430489520298,0.508717240657845,-2.10263258
24.41,19.7154113475383,0.710178794864289,0.515912188335694,-1.97540358
24.42,19.8413693585031,0.686474334075985,0.522886399071851,-1.84810023
24.43,19.9705783261498,0.661891355287634,0.529639900302328,-1.72072542
24.44,20.1143590684372,0.644645337525099,0.536173089786806,-1.59328216
24.45,20.2373215680879,0.61767947370257,0.54248602333609,-1.46577363
24.46,20.3110736976261,0.600051440217542,0.548578799634614,-1.3382031
24.47,20.4391320205625,0.576224274866569,0.554451559814251,-1.210574
24.48,20.5490013014539,0.554959427748785,0.560104434558191,-1.08288985
24.49,20.6280508128538,0.542172740432547,0.565537570431271,-0.95515428
24.5,20.6961641514678,0.515347006288321,0.570751122524776,-0.82737103
24.51,20.8131179424339,0.493038618097787,0.575745235588588,-0.69954392
24.52,20.8636231703406,0.471247172499356,0.580520043020881,-0.57167687
24.53,20.9094471568396,0.450762703639817,0.585085135873594,-0.45775476
24.54,20.7988042225933,0.385518219430906,0.589456850197683,-0.35778164
24.55,20.288366131004,0.216980438661484,0.593647241139185,-0.27176163
24.56,19.3353461475754,0.00860669406470205,0.597668858557713,-0.19969893
24.57,18.164080117839,-0.211632085751105,0.600741104149035,-0.14159775
24.58,16.9276262921417,-0.432274941928729,0.597331830238138,-0.09746235
24.59,15.6588355591241,-0.65031800277641,0.589155141391194,-0.06729703
24.6,14.3805629408544,-0.884356556106843,0.578697548751865,-0.0511061
24.61,13.2099033398071,-1.05585310325839,0.567341820828951,-0.0488939
24.62,12.4326844472837,-1.11381044265682,0.555813152228629,-0.04668385
24.63,12.1026540095628,-1.1330702503965,0.544437047253884,-0.0444803
24.64,11.9412063566439,-1.12650907722636,0.533319324754512,-0.04228755
24.65,11.7317810926876,-1.10183409974166,0.522464836661849,-0.0401099
24.66,11.5871806675208,-1.07986906659076,0.511846409593856,-0.03795161
24.67,11.4751290399106,-1.04524535534289,0.501436802636419,-0.03581691
24.68,11.3761780470537,-1.01714698515849,0.491219116150177,-0.03370997
24.69,11.2455327358324,-0.992068144566815,0.48118520150665,-0.03163492
24.7,11.0968559603959,-0.967056547526574,0.471331760956682,-0.02959582
24.71,10.9898327394305,-0.944948426609583,0.461657003848588,-0.02759666
24.72,10.942521649755,-0.934830488653426,0.45215999688788,-0.02564136
24.73,10.9009224060039,-0.917155239248503,0.442839002800487,-0.02373374
24.74,10.7946376582126,-0.902988466979263,0.433691916236779,-0.02187754
24.75,10.7022199376479,-0.886565757921011,0.424716449851297,-0.02007638
24.76,10.6508619219654,-0.878138654297133,0.415910280181223,-0.01833381
24.77,10.5461803311481,-0.86587931216617,0.407270969476803,-0.01665322
24.78,10.4248925964955,-0.849188760101398,0.398796191012366,-0.01503791
24.79,10.3613989925209,-0.835596287874533,0.390483641212686,-0.01349105
24.8,10.227773632666,-0.817456869128954,0.3823310427929,-0.01201565
24.81,10.1816075263259,-0.806123985815518,0.374336138206226,-0.0106146
24.82,10.0509063759726,-0.790220766162625,0.36649668358217,-0.00929066
24.83,9.97234976838467,-0.774117486441719,0.358810600590212,-0.0080464
24.84,9.85417798284757,-0.755645692645895,0.351275462799772,-0.00688427
24.85,9.82515358821778,-0.741854421886883,0.343889112342897,-0.00580654
24.86,9.7487775296277,-0.72178127384135,0.336649339751904,-0.00481533
24.87,9.67463082618534,-0.711403589987407,0.329553959999982,-0.00391256
24.88,9.58225144016212,-0.687119430735219,0.322600879286234,-0.00310001
24.89,9.52520247599338,-0.671689281453353,0.315787974391881,-0.00237927
24.9,9.41938377806718,-0.651229343031842,0.309113131137195,-0.00175175
24.91,9.40189544910452,-0.633176894418338,0.30257420453678,-0.00121868
24.92,9.33885726880034,-0.612775544259748,0.296169083448751,-0.0007811
24.93,9.21581978621548,-0.602102538892519,0.28989566530238,-0.00043987
24.94,9.18012867740615,-0.586693308232078,0.283751912423475,-0.00019566
24.95,9.13453452819822,-0.582962491192383,0.277735740914448,-0
24.96,9.09862367245261,-0.570850273126275,0.271845141329868,-0
24.97,9.05741698708666,-0.558640848353003,0.266078322419032,-0.00039426
24.98,9.01539782204544,-0.54834231737222,0.260433782711132,-0.00157084
24.99,8.95202696083909,-0.540034244094128,0.254910162281496,-0.00351118
25,8.94902858027347,-0.512973945027319,0.249505971794828,-0.00618467
25.01,8.91017776636395,-0.493993881095989,0.24421972674082,-0.00954915
25.02,8.81976900368697,-0.482203306583362,0.239050051831707,-0.01355157
25.03,8.78140286252,-0.47147252912334,0.233995380284889,-0.0181288
25.04,8.7215830292539,-0.460761488858956,0.229054265453919,-0.02320866
25.05,8.64326983986586,-0.456766154210217,0.224225206718846,-0.02871104
25.06,8.62016360847688,-0.448789025103611,0.219506630256278,-0.03454915
25.07,8.53843391146924,-0.457733895938627,0.214896883725627,-0.04063093
25.08,8.48456631021777,-0.454373713374288,0.210394233934088,-0.04686047
25.09,8.45892810484352,-0.443527853438039,0.205996862057849,-0.05313953
25.1,8.40754879259797,-0.436090308418726,0.20170286645989,-0.05936907
25.11,8.39473248445499,-0.432306343765355,0.19751025330077,-0.06545085
25.12,8.3699462979453,-0.419808464377834,0.193416939526303,-0.07128896
25.13,8.34304086760097,-0.420110844000472,0.189420753249034,-0.07679134
25.14,8.36336663157333,-0.407548579859677,0.185519436078771,-0.0818712
25.15,8.2890942006847,-0.399912001832569,0.181710645161075,-0.08644843
25.16,8.25449126182347,-0.395346870093348,0.177991969570025,-0.09045085
25.17,8.27833069026315,-0.38819610995269,0.17436092266242,-0.09381533
25.18,8.28672284908792,-0.379438810801983,0.170814967782303,-0.09648882
25.19,8.2889953077769,-0.376359218024401,0.167351518502338,-0.09842916
25.2,8.21896826927914,-0.364082642365257,0.16396795479308,-0.09960574
25.21,8.13666494576523,-0.350702560755531,0.160661566380663,-0.09994337
25.22,8.16875397458269,-0.342629307056213,0.157430089906856,-0.1
25.23,8.14660515201948,-0.322502524228734,0.154271627683445,-0.09994337
25.24,8.08070633793021,-0.309991886570733,0.151184219331049,-0.0997736
25.25,8.01709392310443,-0.303172772718565,0.148165811045969,-0.09949107
25.26,7.96900487840914,-0.291871140543713,0.145214475489163,-0.09909643
25.27,7.93810726223979,-0.279069822324176,0.142328450184071,-0.09859058
25.28,7.9548494499004,-0.276505428867847,0.139506038146221,-0.09797465
25.29,7.91926795654951,-0.274540115414793,0.136745598353947,-0.09725004
25.3,7.87166476434624,-0.269800258277459,0.134045523864531,-0.0964184
25.31,7.85874060756959,-0.260723252041507,0.131404232736432,-0.0954816
25.32,7.83472462642326,-0.243983908303926,0.12882016709199,-0.09444177
25.33,7.8755644150173,-0.236849232822957,0.126291792643571,-0.09330127
25.34,7.83149962770595,-0.23348697873804,0.123817604772502,-0.09206268
25.35,7.82701009387742,-0.224903972756038,0.121396128761524,-0.0907288
25.36,7.83951553699916,-0.207980483537494,0.119025920933241,-0.08930265
25.37,7.86732117251708,-0.206015808115442,0.116705590558387,-0.08778748
25.38,7.86028706481254,-0.206156987965938,0.114438130255379,-0.09191049
25.39,7.87108702724871,-0.206933402619235,0.112229270557649,-0.10167531
25.4,7.83204912063565,-0.202853512848145,0.110082694797552,-0.11708576
25.41,7.84111147610546,-0.195472643577344,0.108002560849078,-0.13814581
25.42,7.80969448113727,-0.186434125162068,0.105994140795208,-0.16485964
25.43,7.77917232616964,-0.181674071951135,0.104063648424633,-0.19723156
25.44,7.79597835983138,-0.168813302393276,0.102217709446288,-0.23526602
25.45,7.76034867239558,-0.16362515820414,0.100463237458058,-0.27896764
25.46,7.68591880029219,-0.150222668568478,0.0988071660767864,-0.32834114
25.47,7.61961178588944,-0.137678423505325,0.0972517327714337,-0.37766759
25.48,7.61718841802087,-0.13611370828411,0.0957964760597419,-0.42695194
25.49,7.59421164176617,-0.128083841083591,0.0944430265728006,-0.47619925
25.5,7.54260951385003,-0.115194373910718,0.0931924380629879,-0.52541465
25.51,7.45042510606794,-0.102882853765072,0.0920444730009506,-0.57460334
25.52,7.43534019593319,-0.0866414077330499,0.0909978340990466,-0.6237706
25.53,7.43576541699924,-0.0825623127710299,0.0900506553400757,-0.67292174
25.54,7.44610297323868,-0.0771549773243071,0.0892007472186077,-0.72206211
25.55,7.46259639237306,-0.0668929144711637,0.0884459088744838,-0.77119709
25.56,7.44805448291778,-0.0548060965129127,0.0877839783202268,-0.82033207
25.57,7.4443963152305,-0.0487758740799003,0.0872128267529765,-0.86947244
25.58,7.45837059551359,-0.0506094546004128,0.0867303670456045,-0.91862358
25.59,7.45227328744088,-0.041186682862734,0.0863345114776278,-0.96779084
25.6,7.41958854033457,-0.0252943077557595,0.0860231356962928,-1.01697953
25.61,7.42713573533348,-0.00214483299729023,0.0857940746102827,-1.06619493
25.62,7.40905728310517,0.0143516792485134,0.0856450405877894,-1.11544224
25.63,7.43120784733637,0.0150862641499915,0.08557354076656,-1.16472659
25.64,7.42211587917377,0.0178446275457568,0.0855763809365536,-1.21405304
25.65,7.39506491730549,0.0147153868149432,0.0856421398369795,-1.26342654
25.66,7.34654154923673,0.0168969097043765,0.085737603510098,-1.31285195
25.67,7.34336363930592,0.00793753990453462,0.0858441795048038,-1.36233399
25.68,7.29792423010666,-0.00695564522629525,0.0859554290222669,-1.41187726
25.69,7.20212295426332,-0.0098606989324556,0.0860692836462254,-1.46148623
25.7,7.16710200358903,-0.0072816888394403,0.0861848794481916,-1.51116522
25.71,7.16709687410578,-0.0111617255197409,0.0863019664740389,-1.56091839
25.72,7.15676236327569,-0.00831811065386564,0.0864204560650246,-1.61074971
25.73,7.14488774117552,-0.0126030144977996,0.0865403178059695,-1.66066302
25.74,7.10826934188726,-0.00301113105647863,0.0866615320009844,-1.71066192
25.75,7.06387577723623,0.000888464587073392,0.0867839363954229,-1.76074985
25.76,7.07481279184481,0.000590947769216119,0.0869077530784266,-1.81093005
25.77,6.95905665359409,-0.00548218645042346,0.0870329596490798,-1.86120554
25.78,6.86358126949083,-0.00457772169064499,0.087159518727587,-1.91157911
25.79,6.81565573340663,0.00921760851549291,0.0872874186838245,-1.96205336
25.8,6.75211200087992,0.00934654322314546,0.0874112403558767,-2.00690686
25.81,6.74356918140688,-0.00157333567848238,0.0875241659435643,-2.04614172
25.82,6.71615177447654,-0.00464994198507801,0.087623605313172,-2.07975983
25.83,6.66634568169543,-0.00612088515850749,0.0877086250229939,-2.10776283
25.84,6.68653257817465,-0.00138221669585168,0.0877788715006052,-2.13015212
25.85,6.72013159150462,0.00148832650404423,0.0878341571677676,-2.14692884
25.86,6.72952515465044,0.00202959036378079,0.0878743696857327,-2.15809389
25.87,6.77591291774612,0.00324368322577938,0.0878993096057525,-2.16359127
25.88,6.74674900342977,0.00963743960215257,0.0879048233198711,-2.15905544
25.89,6.74554213434468,0.0106609203372535,0.0878911107674528,-2.15037805
25.9,6.78340873174863,0.0122853290786975,0.087863773966132,-2.13794713
25.91,6.83320865424,0.01941429878979,0.0878249597615267,-2.12174414
25.92,6.83223632878015,0.0174361269588672,0.0877754476942991,-2.10173848
25.93,6.80673718491637,0.00494927329993926,0.0877153481512035,-2.07788798
25.94,6.83249183312695,0.00471809175775864,0.0876445881784831,-2.05013958
25.95,6.88589164629522,0.00495759105690302,0.0875629669135374,-2.01843017
25.96,6.94852620083999,0.000375851400799581,0.087470322014292,-1.98268755
25.97,7.01215602935201,-0.00124855420814268,0.0873707676179645,-1.94736745
25.98,7.01861512400109,-0.0109088986334751,0.0872693808726438,-1.91238309
25.99,7.04967676706447,-0.00812750659794576,0.0871679268237141,-1.87764239
26,7.11600839821149,-0.00944581417298231,0.0870667281521422,-1.84304946
26.01,7.14684994250903,-0.0142664450412917,0.0869656235729747,-1.80850603
26.02,7.15502557217184,-0.0168690760462434,0.0868645885744535,-1.77391309
26.03,7.17578087351327,-0.0104843900653731,0.0867633647516307,-1.7391724
26.04,7.16705298003538,-0.0152109480827006,0.086661688178818,-1.70418804
26.05,7.22082144441208,-0.013085575639994,0.0865592660993741,-1.66886794
26.06,7.30229226764163,-0.0142863598402102,0.0864558356031713,-1.63312532
26.07,7.42793710035811,-0.0112270167113127,0.0863511432107941,-1.59688008
26.08,7.45944363612899,-0.00565780544350118,0.0862449550432557,-1.56006002
26.09,7.50775629169742,-0.00331081181365417,0.0861370473082115,-1.52260202
26.1,7.53004579217267,-0.0072982239546523,0.086026009015919,-1.48445304
26.11,7.64417451644117,-0.0159775158671757,0.0859020698736826,-1.44557089
26.12,7.65769376393559,-0.0254981442058067,0.085746196303231,-1.40592499
26.13,7.67671451199921,-0.0326808063036312,0.0855392009918516,-1.36543656
26.14,7.61025492177538,-0.0378573177357914,0.0852678308297921,-1.32467431
26.15,7.59760860968289,-0.0519334088749796,0.0849252643518086,-1.2837916
26.16,7.64270386945392,-0.0646344693798727,0.0845093210244282,-1.24278859
26.17,7.64656971610336,-0.0727632065930494,0.0840208812582968,-1.2016657
26.18,7.53529725574972,-0.0714426431357101,0.0834626247338682,-1.16042366
26.19,7.54020794605493,-0.0772304225948777,0.0828379359295117,-1.11906348
26.2,7.52534266472416,-0.0822694134478888,0.0821504658059676,-1.07758646
26.21,7.53765824097111,-0.0838345379281849,0.081403719505517,-1.03599417
26.22,7.59204423470531,-0.0794898091836303,0.0806010102307781,-0.99428847
26.23,7.57006567370895,-0.0797855195349407,0.0797452392271145,-0.95247148
26.24,7.56521108074856,-0.08464448854621,0.0788391061952693,-0.9105456
26.25,7.6152981051104,-0.0804188710586392,0.0778850835020079,-0.86851349
26.26,7.63127242038621,-0.0724589104920059,0.0768854441544396,-0.82637806
26.27,7.65888503849637,-0.0820309081167075,0.0758422894431635,-0.78414248
26.28,7.686809139829,-0.0893975521248243,0.0747575703347457,-0.74181015
26.29,7.66122810604755,-0.0972583672889986,0.0736331041390434,-0.69938471
26.3,7.67580537909304,-0.10201466613303,0.0724705877369625,-0.65687002
26.31,7.73622711457579,-0.100343707766811,0.0712716089057158,-0.61427015
26.32,7.72679508720287,-0.115420334586084,0.0700376560291631,-0.57158939
26.33,7.73850238640488,-0.128950585397741,0.0687701268820446,-0.52883221
26.34,7.70897383179908,-0.127231806919903,0.0674703375114484,-0.48600328
26.35,7.67219662262925,-0.128506672918992,0.0661395260168594,-0.44310743
26.36,7.694789869667,-0.137767640217521,0.0647788636027261,-0.40014965
26.37,7.7337280043023,-0.143749056089585,0.0633894577881676,-0.35713509
26.38,7.73630546541539,-0.151543100853666,0.0619723577877864,-0.31406903
26.39,7.75931908674095,-0.151224530265831,0.0605285597129149,-0.27095688
26.4,7.76993392319612,-0.153978520418496,0.0590590108385663,-0.22780414
26.41,7.77307332169833,-0.156635194436881,0.0575646135649069,-0.18461644
26.42,7.84345208824642,-0.16226736986836,0.0560462288236599,-0.14139947
26.43,7.84220792768585,-0.16015645863239,0.0545046794576927,-0.098159
26.44,7.81654662024508,-0.155781719430931,0.0529407529658061,-0.05490086
26.45,7.74756444241615,-0.152234144165892,0.0513884874469026,-0.05245338
26.46,7.74018850851313,-0.147930898073607,0.0498666092260164,-0.05
26.47,7.70108944808804,-0.141371481024563,0.0483604388183341,-0.04754662
26.48,7.69043272076165,-0.142221536179485,0.0468746284997446,-0.04509914
26.49,7.64507751443862,-0.136555583631705,0.0454177681733485,-0.04266348
26.5,7.62609085775911,-0.132982536645578,0.0439967308503209,-0.04024548
26.51,7.63687583605617,-0.127804642979512,0.0426146711144331,-0.03785099
26.52,7.64844140175241,-0.12848196251799,0.0412720368254667,-0.03548577
26.53,7.67103974428365,-0.126088223952935,0.0399678160693232,-0.03315551
26.54,7.67620806847508,-0.129404448541121,0.0387004333678371,-0.03086583
26.55,7.66485837504055,-0.123981183671025,0.0374682652890418,-0.02862225
26.56,7.70255613041849,-0.122709406495079,0.0362698400068762,-0.02643016
26.57,7.71587494146183,-0.11536537849659,0.0351038828173181,-0.02429486
26.58,7.70491111848163,-0.119074036417597,0.0339692204759914,-0.02222149
26.59,7.68396611192053,-0.121687372394884,0.0328647881933948,-0.02021503
26.6,7.62035994366992,-0.118382704123937,0.0317896094878663,-0.01828034
26.61,7.66888318467704,-0.115135256328527,0.0307427536760918,-0.01642205
26.62,7.67603830602449,-0.116209578308666,0.0297232991903755,-0.01464466
26.63,7.58841674465139,-0.116405776085539,0.0287303539722894,-0.01295244
26.64,7.58780693796544,-0.111931333156831,0.0277630959462109,-0.01134948
26.65,7.58926521449717,-0.10579563133245,0.026820667054105,-0.00983962
26.66,7.63498168438622,-0.092419185430721,0.0259023866124186,-0.00842652
26.67,7.69326200165407,-0.0898625615575527,0.0250075101021411,-0.00711357
26.68,7.62488431839544,-0.0925406677066095,0.0241353312644843,-0.00590394
26.69,7.61349927266255,-0.0812888172937604,0.0232851900089266,-0.00480054
26.7,7.66903011118437,-0.0716918551753043,0.0224564613662396,-0.00380602
26.71,7.62512838027907,-0.0707966623828153,0.0216485500339153,-0.0029228
26.72,7.54037855743141,-0.0708958514718319,0.0208608876831566,-0.00215298
26.73,7.50975509325277,-0.0768591507930659,0.0200929319154206,-0.00149844
26.74,7.50482957775331,-0.0803782078170286,0.0193441653202953,-0.00096074
26.75,7.52996212872352,-0.0761304863962713,0.0186140947017554,-0.00054117
26.76,7.54075025010583,-0.0759540130818977,0.017902250033963,-0.00024076
26.77,7.53064487382339,-0.0689669842457715,0.0172081314403299,-0
26.78,7.56545859242401,-0.0697564808673472,0.0165313871700051,-0
26.79,7.63367763876925,-0.0728820257270414,0.0158719467248091,-0.00039426
26.8,7.64619233402857,-0.0650101436334467,0.0152300498082556,-0.00157084
26.81,7.59607808854371,-0.0637000590559701,0.0146060767733745,-0.00351118
26.82,7.60417222606306,-0.0605631317502851,0.0140002910568633,-0.00618467
26.83,7.56621385647752,-0.0604135808174348,0.0134130531830035,-0.00954915
26.84,7.55166841218403,-0.0704535034738272,0.0128448220194571,-0.01355157
26.85,7.5451987448247,-0.066575311591265,0.0122960893686183,-0.0181288
26.86,7.53492766314075,-0.0596502600348161,0.0117672999759459,-0.02320866
26.87,7.51810403685777,-0.0635909555075719,0.0112587976918809,-0.02871104
26.88,7.5479013521629,-0.0607673375990578,0.0107707935910409,-0.03454915
26.89,7.54057987239193,-0.057956171236776,0.0103033379272604,-0.04063093
26.9,7.60356799477089,-0.0553149570416957,0.00985630987296336,-0.04686047
26.91,7.64140067432093,-0.0485122230670862,0.00942944120644125,-0.05313953
26.92,7.63031323827485,-0.0485156770134239,0.00902230266882565,-0.05936907
26.93,7.62769626750945,-0.0507758595478914,0.00863425522065256,-0.06545085
26.94,7.62443584084228,-0.0498350565301611,0.00826452892618714,-0.07128896
26.95,7.59667188729024,-0.0475799632495528,0.00791219128957485,-0.07679134
26.96,7.59719433277609,-0.0432983790738475,0.00757616386684119,-0.0818712
26.97,7.55300341430135,-0.0406541516010476,0.00725523525076455,-0.08644843
26.98,7.51785677502325,-0.0327179983914404,0.00694807675313668,-0.09045085
26.99,7.49838238300842,-0.0269890652700421,0.00665326019432855,-0.09381533
27,7.46732170402584,-0.0211578273382178,0.00636927750828209,-0.09648882
27.01,7.43219548983153,-0.010063352979931,0.00609456156632392,-0.09842916
27.02,7.46621721432203,-0.00847224725260437,0.00582750876686071,-0.09960574
27.03,7.42454817746611,-0.00807533583984678,0.00556646267883941,-0.09995729
27.04,7.45208512765767,-0.010881886824738,0.00531024279380684,-0.1
27.05,7.42941295955695,-0.0130085498841414,0.00505813263776244,-0.09995729
27.06,7.4242421259014,-0.0147778514710811,0.00480932442471843,-0.09982922
27.07,7.46793992161383,-0.0127601615634883,0.00456304391902403,-0.09961603
27.08,7.52448428382514,-0.0267245324711427,0.00431873382023064,-0.09931807
27.09,7.48229638976333,-0.0166048056741069,0.0040760470436001,-0.09893584
27.1,7.50780342563918,-0.015519842581989,0.00383477655183984,-0.09847001
27.11,7.46975036877052,-0.0179666441626864,0.00359479149608407,-0.09792137
27.12,7.50642830713943,-0.0221172042040562,0.00335599492583885,-0.09729086
27.13,7.52774427973003,-0.0220324719790125,0.00311830150615891,-0.09657955
27.14,7.48195078349949,-0.0245969124759658,0.00288162845662326,-0.09578867
27.15,7.49065476928883,-0.0199132898283606,0.00264589333851349,-0.09491955
27.16,7.51243296168168,-0.0168182003751267,0.0024110147038521,-0.09397369
27.17,7.50894473771823,-0.0209425832193156,0.00217691339711187,-0.0929527
27.18,7.51388668124484,-0.0300354100099081,0.00194351358889135,-0.09185832
27.19,7.48485249734395,-0.0357951045658636,0.0017107435525441,-0.09069244
27.2,7.48972224913625,-0.0347350256136215,0.00147853604145813,-0.08945703
27.21,7.52513060770227,-0.0390509069033326,0.00124682846749662,-0.0881542
27.22,7.48823044169549,-0.0392176278137085,0.00101556303184945,-0.0867862
27.23,7.48147395586391,-0.0447865916180656,0.00078468673965424,-0.08535534
27.24,7.49097128535287,-0.0436434828474143,0.000554151393570863,-0.08386408
27.25,7.53870902276107,-0.0282433971153137,0.000323913653944588,-0.08231496
27.26,7.50287955499189,-0.0269804134774593,9.39350396440657e-05,-0.08071064
27.27,7.47866936134658,-0.0299336753909547,-0.000135818084045333,-0.07905384
27.28,7.48725532852554,-0.0245161001886515,-0.000365374473570903,-0.07734741
27.29,7.48145982543346,-0.0234304342505951,-0.000594758019684827,-0.07559425
27.3,7.4574776653139,-0.0291568821469762,-0.000823987762904779,-0.07379737
27.31,7.45462579554348,-0.0250736914950988,-0.00105307790124332,-0.07195983
27.32,7.42900350083231,-0.0300575314285088,-0.00128203784264162,-0.07008477
27.33,7.43785236699373,-0.0289975924385861,-0.00151087220729801,-0.0681754
27.34,7.4523518463555,-0.0288927452558968,-0.00173958090357018,-0.06623497
27.35,7.47195888311928,-0.0258248130376823,-0.00196815915340097,-0.06426681
27.36,7.49732934678353,-0.020299901875185,-0.00219659754959402,-0.06227427
27.37,7.49030781265838,-0.022348180091871,-0.00242488220743374,-0.06026077
27.38,7.45807067233765,-0.0302557078719558,-0.0026529947427055,-0.05822973
27.39,7.44606358730223,-0.0302297313570932,-0.00288091238867031,-0.05618463
27.4,7.4683737928699,-0.0239024298324435,-0.00310860801543583,-0.05412897
27.41,7.48616814484991,-0.0251059320039509,-0.00333605039277583,-0.05206625
27.42,7.45180209969234,-0.0253899817829917,-0.00356320416628856,-0.05
27.43,7.48996536610746,-0.0267898090247866,-0.00379003000678032,-0.04793375
27.44,7.54387111086824,-0.0279644479584975,-0.0040164847274265,-0.04587103
27.45,7.59642090323433,-0.0151185553059598,-0.00424252138938292,-0.04381537
27.46,7.60075323014864,-0.0143360514035381,-0.00446808947417426,-0.04177027
27.47,7.57829115431176,-0.0176134700891541,-0.004693134985487,-0.03973923
27.48,7.55461695724344,-0.0148508853901474,-0.00491760059184866,-0.03772573
27.49,7.5487467884171,-0.0179062452889054,-0.00514142579230954,-0.03573319
27.5,7.50356811258478,-0.0279007793496167,-0.00536454715029806,-0.03376503
27.51,7.52437436024404,-0.0242839059754441,-0.00558689819164116,-0.0318246
27.52,7.52483871124469,-0.0266924737779091,-0.0058084098129487,-0.02991523
27.53,7.55708193418531,-0.0285013255987233,-0.00602901037288371,-0.02804017
27.54,7.57858352274813,-0.0263176822089922,-0.00624862585681959,-0.02620263
27.55,7.60146923125729,-0.0255117656016187,-0.00646718005956622,-0.02440575
27.56,7.56788531033161,-0.0302237466724829,-0.00668459476315892,-0.02265259
27.57,7.5705370048928,-0.0224041229904682,-0.00690078989602165,-0.02094616
27.58,7.55746672401336,-0.0205564136221269,-0.00711568375080366,-0.01928936
27.59,7.54112983837132,-0.0288579061728734,-0.00732919313003779,-0.01768504
27.6,7.47722783405844,-0.0152445765150097,-0.00754123357766781,-0.01613592
27.61,7.45343432120811,-0.0186614456079971,-0.00775171954137742,-0.01464466
27.62,7.4158365041897,-0.0217420203794311,-0.00796056457543286,-0.0132138
27.63,7.45226444703941,-0.0142547475348836,-0.00816768151008992,-0.0118458
27.64,7.48713717794853,-0.00946659205766837,-0.00837298269206198,-0.01054297
27.65,7.44536625100687,-0.0169634982102187,-0.00857638015690734,-0.00930756
27.66,7.41323072523482,-0.00624479082458308,-0.00877778577999682,-0.00814168
27.67,7.37361861805171,-0.0100846667622562,-0.00897711156475831,-0.0070473
27.68,7.4235235542473,-0.00649614259175255,-0.00917426976523832,-0.00602631
27.69,7.45674803629715,-0.0137658757594492,-0.00936917310254189,-0.00508045
27.7,7.4359050688661,-0.018262031447208,-0.00956173496916427,-0.00421133
27.71,7.39603932631175,-0.0267119205335987,-0.00975186960203113,-0.00342045
27.72,7.43341845354938,-0.0161513795006761,-0.00993949229744731,-0.00270914
27.73,7.43130961396928,-0.0204354265068415,-0.0101245195973618,-0.00207863
27.74,7.48343371622219,-0.0291375423182878,-0.0103068694554224,-0.00152999
27.75,7.45267165689489,-0.0390186465194532,-0.010486461453042,-0.00106416
27.76,7.40582435965351,-0.0291830235910846,-0.010663216972719,-0.00068193
27.77,7.39809556296155,-0.0290950736487729,-0.0108370593558951,-0.00038397
27.78,7.39282179723828,-0.0228690410088542,-0.0110079141032836,-0.00017078
27.79,7.32034592023947,-0.0338489483821104,-0.0111757490404835,-0
27.8,7.31474910631801,-0.0371916882139162,-0.0113404320011801,-0
27.81,7.31109721230273,-0.0284877118818676,-0.0115015564719169,-0.00039426
27.82,7.29972911209729,-0.0165295971020573,-0.0116583259382239,-0.00157084
27.83,7.30839195314541,-0.0110763554729376,-0.0118098884401331,-0.00351118
27.84,7.28813978489272,-0.0117789114531615,-0.0119555246962654,-0.00618467
27.85,7.35053090950389,-0.0146925744648289,-0.0120944158538664,-0.00954915
27.86,7.38157631475249,-0.00142379251989791,-0.0122256426875433,-0.01355157
27.87,7.41512140426976,-0.00251688845280898,-0.012348249117327,-0.0181288
27.88,7.43263567113518,-0.00654517020185372,-0.012461505405088,-0.02320866
27.89,7.42354750652386,-0.0106790015630194,-0.0125647036926775,-0.02871104
27.9,7.42613253775164,-0.0111948895254067,-0.012657242341335,-0.03454915
27.91,7.44813445055079,-0.00418150569949845,-0.0127387918008678,-0.04063093
27.92,7.38774127294811,-0.00165490952771707,-0.0128092401192012,-0.04686047
27.93,7.39395262542338,-0.00616595495084662,-0.0128686797153391,-0.05313953
27.94,7.40068942426559,0.00174599369460153,-0.0129173660421465,-0.05936907
27.95,7.36352803868353,-0.00484577508225817,-0.0129557821934997,-0.06545085
27.96,7.3426547984668,-0.00404041628446127,-0.0129846183695901,-0.07128896
27.97,7.32566463852099,-0.0215142256063647,-0.013004763328,-0.07679134
27.98,7.34901300074629,-0.0295432316271421,-0.0130172927636432,-0.0818712
27.99,7.34056026292124,-0.0343822709790089,-0.0130234525070043,-0.08644843
28,7.35835869336717,-0.0291216882271226,-0.0130246279947243,-0.09045085
28.01,7.35596607254334,-0.029529393964369,-0.0130222883395706,-0.09381533
28.02,7.40107783683193,-0.0190710606852214,-0.0130178929877279,-0.09648882
28.03,7.4421948477311,-0.021470650712399,-0.0130127697448757,-0.09842916
28.04,7.48082530884365,-0.00977998088907731,-0.0130080142273045,-0.09960574
28.05,7.49703561526791,-0.0126580752965288,-0.0130045067087676,-0.09995729
28.06,7.5006657923918,-0.0119721810206156,-0.0130024805580253,-0.1
28.07,7.47625983788285,-0.01072270566797,-0.0130016121433723,-0.09995729
28.08,7.46393372182633,-0.0146938733921837,-0.0130017764891788,-0.09982922
28.09,7.44913676686511,-0.0251924354366969,-0.0130030611885202,-0.09961603
28.1,7.46762065296642,-0.025923392575606,-0.0130055991387511,-0.09931807
28.11,7.49325726750679,-0.0228610694310926,-0.0130094976473024,-0.09893584
28.12,7.49842385236466,-0.0175516331539162,-0.0130149030748485,-0.09847001
28.13,7.51542388873052,-0.0138299062832218,-0.0130219195827747,-0.09792137
28.14,7.56260197176266,-0.0268932746091701,-0.013030663534419,-0.09729086
28.15,7.57937946048443,-0.0202684002905696,-0.0130412413940175,-0.09657955
28.16,7.55038448837178,-0.00871087778383647,-0.0130537547408421,-0.09578867
28.17,7.5078187435863,-0.00322955367918231,-0.0130682978491582,-0.09491955
28.18,7.51330914657052,-0.00143000955140012,-0.0130849574856511,-0.09397369
28.19,7.46421783348353,0.00306889692333312,-0.0131038123436497,-0.0929527
28.2,7.4375357685546,0.00089083142389235,-0.0131249328674392,-0.09185832
28.21,7.38742733756252,0.00265130650793191,-0.0131483811310368,-0.09069244
28.22,7.35030686323567,-0.00350513826316875,-0.0131742758789907,-0.08945703
28.23,7.3768834460941,-0.00760296942620007,-0.0132025816588306,-0.0881542
28.24,7.39233218673151,-0.0021474107405773,-0.0132333946242688,-0.0867862
28.25,7.34644385223505,-0.0050974526070622,-0.0132667346404858,-0.08535534
28.26,7.39343185952472,-0.00713630585114747,-0.0133026042153236,-0.08386408
28.27,7.39076335803153,-0.000561600955438724,-0.0133410356117055,-0.08231496
28.28,7.40972955054418,0.007962257423181,-0.0133820481593829,-0.08071064
28.29,7.44417104782265,-0.00461487076792292,-0.0134256311347584,-0.07905384
28.3,7.47756198803841,0.00110060351301777,-0.0134717856511168,-0.07734741
28.31,7.47641459899661,-0.00528045307057369,-0.0135204918750257,-0.07559425
28.32,7.49119740185751,-0.00691481606316274,-0.0135717238742087,-0.07379737
28.33,7.49107975554591,-0.0131314425781828,-0.0136254725277352,-0.07195983
28.34,7.52122427103853,-0.0073471366269076,-0.0136817184951317,-0.07008477
28.35,7.53134081244614,-0.00904287793149411,-0.0137404148939356,-0.0681754
28.36,7.55120824235878,0.00996099306773568,-0.0137922517926489,-0.07608713
28.37,7.53005318287737,0.00933445465535934,-0.0138240096280292,-0.09382329
28.38,7.52040089196553,0.0064611378735143,-0.0138265775146116,-0.12138723
28.39,7.50655856888655,0.00839093551641488,-0.0137895311202192,-0.15878236
28.4,7.48559436674899,0.0161298056854245,-0.0137027738062236,-0.20601211
28.41,7.41404215881676,0.0206797412863702,-0.0135723122268486,-0.26307997
28.42,7.35581222501783,0.0172336081216704,-0.0134080684857014,-0.32998941
28.43,7.25874523750362,0.013516228394136,-0.0132136615303848,-0.40674397
28.44,7.14155693682156,0.0176427417455957,-0.0129903055250216,-0.49334715
28.45,7.04371080853673,0.0177606504018372,-0.0127473860561419,-0.57995033
28.46,6.92517140627005,0.0216529726622401,-0.0124967549914997,-0.66655704
28.47,6.78041258426321,0.0213790755121589,-0.0122427178079765,-0.7531708
28.48,6.72118002419522,0.0110632271285082,-0.0119868274247776,-0.83979513
28.49,6.60763250952021,0.0181264437179619,-0.0117296384182329,-0.92643352
28.5,6.54544552191254,0.0168969818972158,-0.0114713456738312,-1.01308945
28.51,6.51191871228012,0.00838634871533856,-0.0112120147218499,-1.09976634
28.52,6.49460652491801,0.0115882329219905,-0.0109516641590316,-1.18646761
28.53,6.43989396218268,0.0151536785828362,-0.0106902957941908,-1.27319661
28.54,6.38047327336715,0.0224044394791791,-0.0104279054115098,-1.35995667
28.55,6.28695491109157,0.0238234060765991,-0.0101644866718482,-1.44675104
28.56,6.24745315737093,0.0219172915159904,-0.00990003252127571,-1.53358293
28.57,6.19085659209796,0.0301823286746862,-0.00963453570562784,-1.62045547
28.58,6.12675008399894,0.0380423164179765,-0.00936798896980836,-1.70737175
28.59,6.02207781032952,0.0414217575879589,-0.00910038515045677,-1.79433474
28.6,5.95681114362589,0.0381863807936102,-0.00883171721403852,-1.88134738
28.61,5.86265273047636,0.0400161741588204,-0.00856197830220124,-1.96841248
28.62,5.77939964363133,0.0384643501954808,-0.00829116164087684,-2.05553279
28.63,5.69323679098634,0.0460213479899534,-0.00801926072123832,-2.14271096
28.64,5.55446614095798,0.0338838939861225,-0.00774626921317908,-2.22994953
28.65,5.47415425458235,0.0323405210597557,-0.0074721810051742,-2.31725095
28.66,5.4885421569601,0.0507476519169612,-0.00719699020129997,-2.40461756
28.67,5.64620025950844,0.101747012487171,-0.00692069115755513,-2.49205158
28.68,5.93916928919796,0.179925643493767,0,-2.57955512
28.69,6.39403447308313,0.276865066772346,0.000992909482201019,-2.66713018
28.7,6.95188504054342,0.385148022663833,0.0038075848930374,-2.75477862
28.71,7.6789428065504,0.532384386780554,0.00860636079095836,-2.84250218
28.72,8.56018505518711,0.673396657473213,0.0151250967749249,-2.9303025
28.73,9.5094291688597,0.810516512047527,0.0230461108275555,-3.01818104
28.74,10.3616773936175,0.923575335241829,0.032112252274982,-3.10613916
28.75,11.3139486832538,1.02733403690878,0.0421550463356872,-3.19417808
28.76,12.1794164624141,1.12381396107712,0.0530691099979795,-3.28229887
28.77,12.9856357563272,1.19744835752806,0.064786840019454,-3.37050247
28.78,13.7459049376698,1.24396706392133,0.0772607483067427,-3.45878967
28.79,14.2836567354173,1.28553900774864,0.0904024679520019,-3.54716114
28.8,14.7116878860154,1.31825952174112,0.103963448885909,-3.63561737
28.81,15.1643828724404,1.3377949290382,0.117678969494336,-3.72411602
28.82,15.3826448331423,1.33680762871258,0.131381633070936,-3.81278545
28.83,15.5730812866825,1.32995404673293,0.144991819141142,-3.90184915
28.84,15.7321468592443,1.32701137254917,0.15848297323965,-3.99169515
28.85,15.7941208906392,1.32385497753182,0.171853544388048,-4.08230492
28.86,15.8649118821062,1.32188653260949,0.185109506044615,-4.17364784
28.87,15.9890657317677,1.32020703690595,0.19825721122407,-4.26568175
28.88,16.0235020020161,1.31015393550957,0.21130121443652,-4.3583536
28.89,16.1303684933535,1.30079862022977,0.224244367513886,-4.45160026
28.9,16.2031489238771,1.29780206142407,0.237088486371271,-4.54534955
28.91,16.2696962997711,1.28571484344699,0.249834907595148,-4.63952135
28.92,16.3182056642908,1.27117605402206,0.26248082053446,-4.72417674
28.93,16.4460994323143,1.26092863556928,0.275019479153384,-4.79922363
28.94,16.482235321286,1.24449152555449,0.287445766899816,-4.86456613
28.95,16.5890558064606,1.2353438452571,0.299748017112244,-4.90286469
28.96,16.6921547778638,1.21916668967276,0.311907701382866,-4.91402031
28.97,16.7781869728322,1.19703352295504,0.323908703992594,-4.89793474
28.98,16.9111369543058,1.18590635089127,0.335736036614409,-4.85451206
28.99,17.0490180044618,1.16726039783818,0.347374433934367,-4.7836602
29,17.1609724748187,1.14440756198701,0.358808084445868,-4.6852924
29.01,17.3071426132365,1.11524104321606,0.370024695825255,-4.56918068
29.02,17.4574802926157,1.09181075122278,0.381015693801317,-4.43525288
29.03,17.6415708192394,1.06505023793035,0.391770215117609,-4.28344586
29.04,17.786214566577,1.04435630718587,0.402284174579057,-4.13094785
29.05,17.9584875766929,1.0160266023905,0.412560501008903,-3.97771668
29.06,18.1109282902431,0.992455567830383,0.422599020164884,-3.82372176
29.07,18.294166244096,0.972640846944444,0.43239780438212,-3.66888614
29.08,18.4785121557813,0.953143411397536,0.441955522983944,-3.51377302
29.09,18.6398453859218,0.922463490765638,0.451271609246407,-3.35854313
29.1,18.7688632094968,0.895193473089323,0.460345715844309,-3.2031966
29.11,18.9619006572082,0.868197472576699,0.469177563926253,-3.04773384
29.12,19.0947820478939,0.845050252332356,0.477766906666433,-2.89215552
29.13,19.2168884238092,0.824978775961677,0.486113256874356,-2.73646261
29.14,19.3340183293878,0.788331999896489,0.494216693201338,-2.58065631
29.15,19.4659358005023,0.765755569475866,0.502076878756294,-2.42473811
29.16,19.5635945265538,0.748826170571725,0.509693475332863,-2.26870975
29.17,19.6825768862571,0.7323162666987,0.517066158157264,-2.11257323
29.18,19.7732128894924,0.708262737758407,0.52419458199111,-1.95633081
29.19,19.8493787868661,0.687172390534682,0.531078402388766,-1.79998499
29.2,20.0202000552501,0.659040529842343,0.537717232871725,-1.64353852
29.21,20.169606326899,0.644616791291812,0.544110687187984,-1.48699436
29.22,20.304295587887,0.615437737351421,0.550258347905351,-1.33035573
29.23,20.4244859179447,0.583049364059178,0.556159770262911,-1.17362604
29.24,20.5084881157195,0.556693819539176,0.561814529666975,-1.01680895
29.25,20.605801703893,0.529624573172001,0.567222106964066,-0.8599083
29.26,20.7162384863018,0.500668532810671,0.572381984320953,-0.70292811
29.27,20.8217530015637,0.482829304326485,0.577304820081434,-0.56311391
29.28,20.8882071719837,0.465462327480731,0.582009844510101,-0.44047007
29.29,20.9651875295396,0.451203517309939,0.586511132986686,-0.33500118
29.3,21.0367844869488,0.441987235365543,0.590823087432824,-0.24671195
29.31,21.0922006125268,0.433171138097391,0.594962301127456,-0.17560724
29.32,21.1726136556734,0.421195583786215,0.598947647821746,-0.12169206
29.33,21.1904355848545,0.411569664093681,0.602799641911529,-0.08497152
29.34,21.1846571372655,0.395377633847741,0.606539798104606,-0.06545085
29.35,21.2148377797354,0.370438202038353,0.61019010201975,-0.06313537
29.36,20.9150781476251,0.272237296761775,0.61376038181319,-0.06078921
29.37,20.2427677079802,0.106941446319552,0.617252461311064,-0.05841785
29.38,19.2243435167333,-0.099313015440419,0.620673802383915,-0.05602683
29.39,18.0471667345314,-0.311239162166948,0.621873858455606,-0.05362174
29.4,16.7939452604642,-0.533677604992108,0.616534339289403,-0.05120819
29.41,15.4886129902301,-0.749931272906996,0.607387440674045,-0.04879181
29.42,14.14339593121,-0.950321375053672,0.596456129400468,-0.04637826
29.43,13.0979004964951,-1.07055212694926,0.584883538185098,-0.04397317
29.44,12.4242503545852,-1.12080808073879,0.573257100175358,-0.04158215
29.45,12.0704171636809,-1.12907947442097,0.561826322130898,-0.03921079
29.46,11.8673366646471,-1.11506206835483,0.550660087202526,-0.03686463
29.47,11.7348180359133,-1.0871443686357,0.539749441985825,-0.03454915
29.48,11.6797747954128,-1.05793944002842,0.529066333184512,-0.03226976
29.49,11.5539152507661,-1.03802776394629,0.518586200363638,-0.03003177
29.5,11.4289186579193,-1.0181016430849,0.508294969071154,-0.02784042
29.51,11.2877202106509,-0.997017469865703,0.498186399455073,-0.02570083
29.52,11.205511137126,-0.970962120411806,0.488257867352371,-0.02361799
29.53,11.034802948431,-0.94924058728496,0.478507884569171,-0.02159676
29.54,10.9483741221409,-0.935011054316832,0.468934978712802,-0.01964187
29.55,10.8114079062442,-0.918134737889958,0.459537606291178,-0.01775789
29.56,10.711799261717,-0.905202095878907,0.450313628358843,-0.01594921
29.57,10.5857127487941,-0.889218368901883,0.44126072388411,-0.01422005
29.58,10.5418169549401,-0.870717697624849,0.432376526333096,-0.01257446
29.59,10.4113737784911,-0.859803977442913,0.423658749836555,-0.01101628
29.6,10.4018608192051,-0.848557566650284,0.415105059965984,-0.00954915
29.61,10.3040020404248,-0.842916943276379,0.406713194867509,-0.00817649
29.62,10.2049897676005,-0.828574550113874,0.39848088556482,-0.00690152
29.63,10.161071273194,-0.811044077640705,0.390405953871745,-0.0057272
29.64,10.1161681026424,-0.795693705339008,0.382486198326485,-0.00465628
29.65,10.0408046691113,-0.778927222518394,0.374719444229737,-0.00369127
29.66,10.0069379632589,-0.755346697092594,0.367103520392912,-0.00283441
29.67,9.8719541646986,-0.740541267678377,0.359636253165738,-0.00208771
29.68,9.82560999269599,-0.721671886869503,0.352315506729024,-0.00145291
29.69,9.72326115587758,-0.707435155556092,0.345139204114215,-0.00093149
29.7,9.6300525176057,-0.688700571843598,0.338105378737586,-0.00052468
29.71,9.54695951962749,-0.673230629758778,0.331211706107394,-0.00023342
29.72,9.44468034100412,-0.665007559051605,0.32445606084122,-0
29.73,9.36352894624702,-0.660147046159008,0.317836448618309,-0
29.74,9.33846042921581,-0.650584273935802,0.311351049178377,-0.00039426
29.75,9.22371884940915,-0.631086524738004,0.304998296960728,-0.00157084
29.76,9.18938430413029,-0.627013751444422,0.298776745295063,-0.00351118
29.77,9.13783103910866,-0.621779198204518,0.292684855091112,-0.00618467
29.78,9.07287428636512,-0.611183937446733,0.286721090482874,-0.00954915
29.79,9.04054817408981,-0.593628843581477,0.280883863266512,-0.01355157
29.8,9.01498786412239,-0.573697990112438,0.275171729324628,-0.0181288
29.81,8.91791440582004,-0.565809201810228,0.269583109773864,-0.02320866
29.82,8.8743157652183,-0.558996644393553,0.264116394500604,-0.02871104
29.83,8.80353804394536,-0.539349634106963,0.258769951506128,-0.03454915
29.84,8.78137652589399,-0.520458051337762,0.253542058505288,-0.04063093
29.85,8.71910300873587,-0.515046937765344,0.248430916913023,-0.04686047
29.86,8.66127385184096,-0.504368859941636,0.243434609775416,-0.05313953
29.87,8.59338953797042,-0.493761469754462,0.238551237513295,-0.05936907
29.88,8.6000888892726,-0.475590487018605,0.233778748595885,-0.06545085
29.89,8.56243844983176,-0.460538969664612,0.229115007174682,-0.07128896
29.9,8.57526073336619,-0.453120275593421,0.224557777707945,-0.07679134
29.91,8.55238431978292,-0.448115215338831,0.220104765403938,-0.0818712
29.92,8.53863076336247,-0.42993688793687,0.215753618111382,-0.08644843
29.93,8.46877862617356,-0.41215398990742,0.211501910858523,-0.09045085
29.94,8.41393516542091,-0.403719138857505,0.20734708024479,-0.09381533
29.95,8.35710127604502,-0.395575509007115,0.203286584020328,-0.09648882
29.96,8.33689938075,-0.385844524385278,0.199317829345833,-0.09842916
29.97,8.28712323381068,-0.367789513672187,0.195438128384125,-0.09960574
29.98,8.21668356466356,-0.357056681912172,0.191644802623164,-0.09994965
29.99,8.19614322636895,-0.345929362756314,0.187935486733089,-0.1
30,8.22360913779189,-0.343859385941486,0.18430824076153,-0.09994965
30.01,8.17151387208651,-0.342841154262042,0.180761048044931,-0.09979871
30.02,8.17063647488307,-0.336408105431067,0.177291845791709,-0.09954749
30.03,8.13924533852851,-0.330108624859432,0.173898693022798,-0.09919648
30.04,8.10570137397894,-0.328607682424025,0.170579665953588,-0.0987464
30.05,8.04972342253069,-0.327990263415397,0.167333007528554,-0.09819814
30.06,8.04027248240937,-0.316654125258735,0.164157016182612,-0.09755283
30.07,7.97737613206348,-0.309086510110965,0.161049946805011,-0.09681174
30.08,8.04071684197616,-0.300831819772813,0.158010149540673,-0.09597639
30.09,7.99941680481358,-0.292404698235303,0.155035970034372,-0.09504844
30.1,7.98331198395513,-0.275168478612644,0.152125776796709,-0.09402978
30.11,7.97026818297278,-0.264613613489974,0.149277963467609,-0.09292244
30.12,7.95769799344462,-0.250216266266073,0.146490951424014,-0.09172866
30.13,7.93274447035749,-0.255185393795982,0.143763190368485,-0.09045085
30.14,7.92266012378461,-0.2474157518328,0.141093158858191,-0.08909157
30.15,7.85611824814758,-0.233559738023972,0.138479365422498,-0.08765357
30.16,7.83617382338699,-0.223722052260268,0.135920348442268,-0.08613974
30.17,7.8513165451307,-0.230475745527787,0.133414675709527,-0.08455313
30.18,7.86629540197987,-0.237820146499818,0.130960947335433,-0.08289694
30.19,7.89980607593377,-0.233964397752786,0.128557792298417,-0.08117449
30.2,7.87423791037522,-0.225472714200053,0.126203871966075,-0.07938926
30.21,7.91185830470594,-0.228357864028344,0.123897878396433,-0.07754485
30.22,7.91622847816457,-0.231039467508813,0.121638549731594,-0.07564496
30.23,7.91701896805695,-0.231010721779037,0.119424604272019,-0.07369343
30.24,7.89081926837597,-0.223980992953518,0.117254855190884,-0.07169419
30.25,7.84636092862271,-0.215107417078341,0.115128119228702,-0.06965125
30.26,7.84275099964334,-0.215193449687949,0.113043245931636,-0.06756874
30.27,7.86529755026786,-0.210896835078862,0.110999118047874,-0.06545085
30.28,7.88546111345642,-0.208903144916109,0.108994650470387,-0.06330184
30.29,7.87630272777401,-0.207861181140806,0.107028789422583,-0.06112605
30.3,7.88505552426105,-0.207941875644584,0.105100512259375,-0.05892784
30.31,7.91414319092362,-0.205083541234103,0.103208827342014,-0.05671166
30.32,7.91854186847224,-0.19952337901519,0.101352773806374,-0.05448197
30.33,7.89509206327472,-0.194518323539879,0.0995314213044155,-0.05224324
30.34,7.87687149686063,-0.189631733544955,0.0977438699602298,-0.05
30.35,7.80706779694295,-0.180403708253908,0.0959892491779435,-0.04775676
30.36,7.7967412498386,-0.170817494397004,0.0942667183137648,-0.04551803
30.37,7.76944558651166,-0.158561450524373,0.0925754655829777,-0.04328834
30.38,7.7119013192664,-0.160932136390418,0.0909147077276521,-0.04107216
30.39,7.71237728538625,-0.162916829880631,0.0892836894183567,-0.03887395
30.4,7.71832449067242,-0.156675736387576,0.0876816829203773,-0.03669816
30.41,7.67032699134,-0.157276021621009,0.0861079872860721,-0.03454915
30.42,7.66317347501563,-0.154887046243296,0.0845619399032701,-0.03243126
30.43,7.63416329707914,-0.165725970218523,0.0830428697436265,-0.03034875
30.44,7.61683441433867,-0.16926955928364,0.0815501624017168,-0.02830581
30.45,7.55312821558908,-0.161122681763101,0.0800832194446735,-0.02630657
30.46,7.49303279090845,-0.148820907128651,0.0786414655178,-0.02435504
30.47,7.41391114903892,-0.153059199434161,0.0772243481866233,-0.02245515
30.48,7.47864257573862,-0.146250391215282,0.0758313553749731,-0.02061074
30.49,7.49058643206823,-0.146539590394459,0.074461958023082,-0.01882551
30.5,7.50580138105339,-0.136776434674023,0.0731156653641871,-0.01710306
30.51,7.52281388471009,-0.128302131270116,0.0717920166819502,-0.01544687
30.52,7.58776288205052,-0.125121852881166,0.070490565832626,-0.01386026
30.53,7.66030545595649,-0.12431906029944,0.06921088351972,-0.01234643
30.54,7.71959568077878,-0.118365656855938,0.0679525587043874,-0.01090843
30.55,7.69362860342874,-0.120435826800971,0.0667151970657667,-0.00954915
30.56,7.68946430385873,-0.117413231091311,0.0654984212870854,-0.00827134
30.57,7.72600649045121,-0.108436123007058,0.0643018705605677,-0.00707756
30.58,7.69475056542174,-0.118004312440531,0.0631251995108236,-0.00597022
30.59,7.67337252259335,-0.121892674818076,0.0619680773208997,-0.00495156
30.6,7.65576255316657,-0.113296886719398,0.0608301869123389,-0.00402361
30.61,7.65669701521889,-0.118764438960152,0.0597112242515347,-0.00318826
30.62,7.61357126410234,-0.114794750320795,0.0586108975800832,-0.00244717
30.63,7.65045252746312,-0.10990535664601,0.0575289267945252,-0.00180186
30.64,7.60333372660842,-0.110256189173633,0.0564650427597722,-0.0012536
30.65,7.63307375689515,-0.104435799746993,0.055418986673947,-0.00080352
30.66,7.61890916161444,-0.0980197703547363,0.0543905093367359,-0.00045251
30.67,7.59398581547215,-0.110839371626176,0.0533793706349243,-0.00020129
30.68,7.61247025041023,-0.100427688277241,0.0523852965801171,-0
30.69,7.70354946650898,-0.0990169428604149,0.051408123710673,-0
30.7,7.67214353432077,-0.103756637605005,0.0504479654727341,-0.00039426
30.71,7.71958669596251,-0.109221502078616,0.0495052670387388,-0.00157084
30.72,7.69936760282226,-0.104685040923799,0.0485805863654079,-0.00351118
30.73,7.71413916014387,-0.108999717285582,0.0476743495022715,-0.00618467
30.74,7.721659108184,-0.107087345404184,0.0467870659006595,-0.00954915
30.75,7.68086336970102,-0.101794491485306,0.0459193322898657,-0.01355157
30.76,7.61938407091619,-0.0958147807529642,0.045071769308717,-0.0181288
30.77,7.61382146272163,-0.0943810858952894,0.0442449394558497,-0.02320866
30.78,7.55771856681505,-0.0873681810396512,0.0434393026929806,-0.02871104
30.79,7.55346793320899,-0.0929566512966918,0.0426551801645552,-0.03454915
30.8,7.56893387714361,-0.0808751157566879,0.0418927279380504,-0.04063093
30.81,7.53161805098466,-0.0768083004637263,0.0411519562003556,-0.04686047
30.82,7.50760056579138,-0.0800717864454471,0.0404326958460156,-0.05313953
30.83,7.48026767304263,-0.083637192790236,0.0397346129824761,-0.05936907
30.84,7.51370105075606,-0.0751138474077367,0.0390572070145403,-0.06545085
30.85,7.47746037726329,-0.071783134985128,0.0383998159455386,-0.07128896
30.86,7.51591042511761,-0.06102144047187,0.0377616189832119,-0.07679134
30.87,7.4899433591592,-0.0684077400576903,0.037141653312209,-0.0818712
30.88,7.4949827633983,-0.0646328021970104,0.0365388217671095,-0.08644843
30.89,7.51068556787755,-0.0611262102589,0.0359519016385329,-0.09045085
30.9,7.51323114550145,-0.0604375196494765,0.0353795560859394,-0.09381533
30.91,7.45144108539917,-0.0582847123622216,0.0348204085141671,-0.09648882
30.92,7.47680134891701,-0.0633537375673688,0.0342729778686788,-0.09842916
30.93,7.43633732486024,-0.0609937606981747,0.0337357437331481,-0.09960574
30.94,7.48062074794855,-0.0480725849643109,0.0332071228906763,-0.09994965
30.95,7.51047002693215,-0.0403184038593889,0.032686005433674,-0.1
30.96,7.5136555156217,-0.0378134000960958,0.0321717203935859,-0.09994965
30.97,7.54228610470328,-0.0369360799604383,0.0316634813908117,-0.09979871
30.98,7.52932648747414,-0.0388942068064668,0.0311605261107537,-0.09954749
30.99,7.53098549208214,-0.0332653392075934,0.0306623109580578,-0.09919648
31,7.53269608440657,-0.0320129728932049,0.0301684774334897,-0.0987464
31.01,7.46848898156051,-0.0394866786670058,0.029678797673397,-0.09819814
31.02,7.45322152124759,-0.0423751412678496,0.0291931150709841,-0.09755283
31.03,7.43046079085999,-0.044102011547069,0.0287113018044832,-0.09681174
31.04,7.39865539464298,-0.0489677207206039,0.0282332397764179,-0.09597639
31.05,7.42990077133412,-0.049305002622651,0.0277588123775648,-0.09504844
31.06,7.49056790912197,-0.0570378678335465,0.0272879031637313,-0.09402978
31.07,7.50030281050955,-0.0575287911445924,0.0268203970234471,-0.09292244
31.08,7.51843649383428,-0.0533477748151683,0.02635618177332,-0.09172866
31.09,7.45715408772057,-0.0580500897270348,0.0258951494756716,-0.09045085
31.1,7.44851355988604,-0.0565485019907061,0.0254371972331407,-0.08909157
31.11,7.47310045612079,-0.0571404953948318,0.0249822276811677,-0.08765357
31.12,7.45355620635546,-0.0521481440762544,0.0245301492273437,-0.08613974
31.13,7.45122804872678,-0.0440062694361045,0.0240808761873844,-0.08455313
31.14,7.4715074989184,-0.0524228023189875,0.0236343288721146,-0.08289694
31.15,7.53880741340417,-0.0580915654288909,0.0231904336494954,-0.08117449
31.16,7.63850914484684,-0.0551588839342602,0.0227491229960325,-0.07938926
31.17,7.62656951437682,-0.0543637769637506,0.0223103356023879,-0.07754485
31.18,7.56495217912799,-0.0467616710405863,0.0218740160368013,-0.07564496
31.19,7.55812264778895,-0.0489794267921609,0.02144011573883,-0.07369343
31.2,7.49677508840449,-0.0375253581897366,0.021008592135091,-0.07169419
31.21,7.47195349653797,-0.0327127665528464,0.0205794088544367,-0.06965125
31.22,7.37880558380201,-0.0253818686189912,0.0201525358352232,-0.06756874
31.23,7.31793941418612,-0.0151881929203864,0.0197279491819899,-0.06545085
31.24,7.33600746572241,-0.0153018310094651,0.0193056312163093,-0.06330184
31.25,7.36502147372464,-0.0154960692997298,0.018885571247592,-0.06112605
31.26,7.38795122264916,-0.0154129064526805,0.0184677627474734,-0.05892784
31.27,7.43107349043329,-0.0294412548980742,0.0180522061249906,-0.05671166
31.28,7.45294226226834,-0.0287682769370747,0.0176389076760703,-0.05448197
31.29,7.45699196862481,-0.0361043604238225,0.01722787941198,-0.05224324
31.3,7.49928231851138,-0.0494724836865094,0.0168191389946932,-0.05
31.31,7.53204673972163,-0.0527337581790846,0.0164127095508122,-0.04775676
31.32,7.53225180541661,-0.0425117497412753,0.0160086195741514,-0.04551803
31.33,7.51739520855677,-0.0390044262483855,0.0156069027176791,-0.04328834
31.34,7.48032137706205,-0.0291620449201839,0.0152075976735646,-0.04107216
31.35,7.44840755518228,-0.0271933605647048,0.0148107479366207,-0.03887395
31.36,7.47084299287392,-0.0179854747786193,0.0144164016733611,-0.03669816
31.37,7.47215934163058,-0.0176480935821916,0.0140246114908451,-0.03454915
31.38,7.46529498580665,-0.0177781012630792,0.0136354347510929,-0.03243126
31.39,7.46548739210555,-0.022597574196004,0.0132489319468789,-0.03034875
31.4,7.47517024579987,-0.0271594024639577,0.0128651677369701,-0.02830581
31.41,7.50990536233088,-0.0307468785456303,0.0124842103919265,-0.02630657
31.42,7.50234169550602,-0.0263241886671583,0.0121061314837223,-0.02435504
31.43,7.48734292080723,-0.0283996545087468,0.0117310057007028,-0.02245515
31.44,7.46699519806617,-0.0274962889013094,0.0113589105601777,-0.02061074
31.45,7.47487896872432,-0.0287889836517923,0.0109899261542537,-0.01882551
31.46,7.50761238778469,-0.0348572879841681,0.0106241349416311,-0.01710306
31.47,7.49522462834252,-0.0364879487132325,0.0102616213934746,-0.01544687
31.48,7.45126704021294,-0.0348832778574776,0.009902471819007,-0.01386026
31.49,7.45888226300327,-0.0414417616575862,0.00954677403693832,-0.01234643
31.5,7.45293312026508,-0.0465421811772152,0.00919461709861567,-0.01090843
31.51,7.44768280031539,-0.0390341454522787,0.00884609106537391,-0.00954915
31.52,7.42812533343612,-0.0343439655402107,0.00850128668286349,-0.00827134
31.53,7.40457282332235,-0.0250681479296913,0.00816029512162448,-0.00707756
31.54,7.38768761449107,-0.0262155112768328,0.00782320766060333,-0.00597022
31.55,7.42035004298122,-0.0284269562160812,0.00749011548948397,-0.00495156
31.56,7.39715105164301,-0.0258615468533643,0.00716110935132971,-0.00402361
31.57,7.40446396681358,-0.0251394975003322,0.00683627928826986,-0.00318826
31.58,7.41279167250346,-0.0323506949958143,0.00651571438412308,-0.00244717
31.59,7.44504518809653,-0.0315829474069001,0.00619950246914835,-0.00180186
31.6,7.45196112216158,-0.0392322491653526,0.00588772986150887,-0.0012536
31.61,7.51163656488051,-0.0413071746011657,0.00558048110898613,-0.00080352
31.62,7.55294672072925,-0.0421446722339327,0.00527783869408094,-0.00045251
31.63,7.59856506698691,-0.034543095890792,0.00497988278719313,-0.00020129
31.64,7.64496958637377,-0.0303630311292778,0.00468664465277996,-0
31.65,7.6847059870499,-0.0287259638324815,0.00439828385367594,-0
31.66,7.60222064081537,-0.0311366418776593,0.00411518873732147,-0.00039426
31.67,7.59948844178497,-0.0346640862210735,0.00383813245893993,-0.00157084
31.68,7.57977030161905,-0.0326650017792895,0.00356795753940551,-0.00351118
31.69,7.50189858829713,-0.0358138964643856,0.00330537256693075,-0.00618467
31.7,7.49772256279597,-0.0445624533376463,0.00305117760851592,-0.00954915
31.71,7.47260550092218,-0.0432997166742203,0.00280626154850777,-0.01355157
31.72,7.40435665612187,-0.0330795745292783,0.00257152723475896,-0.0181288
31.73,7.47530704537277,-0.0263389978098615,0.00234780965476839,-0.02320866
31.74,7.47154245508982,-0.0129927851224661,0.00213581759791429,-0.02871104
31.75,7.45279466386723,-0.00665963273750012,0.00193610109436869,-0.03454915
31.76,7.4928936321172,-0.00500116267945452,0.00174902884030324,-0.04063093
31.77,7.47984920503314,-0.00400786657150175,0.00157478032262609,-0.04686047
31.78,7.47522013125384,-0.00786476205841397,0.00141334298687598,-0.05313953
31.79,7.53696430612796,-0.00915647580627993,0.00126451332165474,-0.05936907
31.8,7.53566597260762,-0.0116589969381308,0.00112790106666817,-0.06545085
31.81,7.50374248784863,-0.014128077529548,0.00100293663224746,-0.07128896
31.82,7.49402469571517,-0.00696360156864006,0.000888880184540369,-0.07679134
31.83,7.51519832261533,1.20471784702629e-05,0.000784836083479056,-0.0818712
31.84,7.5042381439749,-0.00174758750925627,0.000689766989616527,-0.08644843
31.85,7.53415641057656,-0.000538110353573078,0.00060252191188356,-0.09045085
31.86,7.51406331355378,-8.49284969503148e-06,0.000521844882090424,-0.09381533
31.87,7.50715473863092,0.002489833129676,0.000446410460109656,-0.09648882
31.88,7.52471207617292,0.00508117163201542,0.000374845265542005,-0.09842916
31.89,7.53130543032449,-0.00543068624736485,0.000305753755002119,-0.09960574
31.9,7.51176370410623,-0.0101700597809456,0.000237698993660333,-0.09995371
31.91,7.55591296448149,-0.000717389910589329,0.000169750911920169,-0.1
31.92,7.5243355290739,-0.00209500409658769,0.000101441337066532,-0.09995371
31.93,7.50915638618293,-0.00845263263852662,3.21972156556612e-05,-0.09981491
31.94,7.50697750845593,-0.00751127440256034,-3.85372557297134e-05,-0.09958387
31.95,7.53782942522098,-0.0161934033002084,-0.000111127250021473,-0.09926101
31.96,7.52939951504264,-0.00421520996292795,-0.000185761052704576,-0.09884692
31.97,7.50545540303364,-0.000963407429229268,-0.000262515199961314,-0.09834239
31.98,7.45887882554955,-0.00626958660659577,-0.000341410394068035,-0.09774834
31.99,7.44092815314237,-0.00131904536521712,-0.000422445348379376,-0.09706587
32,7.43231124897752,-0.00566964424105416,-0.000505614177006458,-0.09629624
32.01,7.41960874075832,-0.00441551733232644,-0.00059091215586211,-0.09544088
32.02,7.38743422075267,0.00559643058109949,-0.000678337269750612,-0.09450138
32.03,7.40062465401823,0.00182334183288547,-0.000767888773287815,-0.09347947
32.04,7.36607731690776,-0.000815636451838563,-0.000859566156760938,-0.09237705
32.05,7.37217055210684,-0.000308795881337521,-0.000953368147145155,-0.09119615
32.06,7.37384858770057,-0.00199406211574343,-0.00104929202306941,-0.08993897
32.07,7.35927070534197,0.000306675129259521,-0.00114733316708279,-0.08860783
32.08,7.38051302830058,-0.00724536288010187,-0.00124748476199727,-0.0872052
32.09,7.36735939988264,-0.0179950270260775,-0.00134973756071107,-0.08573367
32.1,7.36261283993619,-0.0199727677109596,-0.0014540796840649,-0.08419597
32.11,7.43104092654558,-0.016781097091432,-0.00156049645022412,-0.08259495
32.12,7.42833454727369,-0.0167544192655707,-0.00166897021281453,-0.08093357
32.13,7.43973882252927,-0.0108010688968473,-0.00177948021414616,-0.07921491
32.14,7.47698990376285,-0.00551887430048454,-0.00189200245403608,-0.07744215
32.15,7.47392332614702,-0.00244345692164215,-0.00200650923294868,-0.07561857
32.16,7.52883084843061,-0.00293586727118373,-0.00212297006916182,-0.07374755
32.17,7.52370904207634,-0.00523782483699614,-0.00224135057205259,-0.07183256
32.18,7.50435894901334,-0.0110770195412395,-0.00236161273076122,-0.06987714
32.19,7.510439535591,-0.0127680632972696,-0.00248371486431839,-0.06788491
32.2,7.54632449373372,-0.0247312721384362,-0.00260761157042273,-0.06585956
32.21,7.48734489596268,-0.0287292999423402,-0.0027332536943808,-0.06380485
32.22,7.5148035292634,-0.0340249019770976,-0.00286058834233242,-0.06172457
32.23,7.54324857269607,-0.02664040619252,-0.00298955888260083,-0.05962258
32.24,7.55387148619215,-0.0253707272746124,-0.00312010494946427,-0.05750277
32.25,7.5702469034798,-0.0177902605437219,-0.00325216248408814,-0.05536907
32.26,7.58081885265083,-0.0120163052577939,-0.00338566378882075,-0.05322542
32.27,7.53441847191482,-0.0114571604371209,-0.00352053772244529,-0.0510758
32.28,7.54595630161494,-0.0165418710427407,-0.00365670931745245,-0.0489242
32.29,7.51873568700774,-0.00307506052601872,-0.00379410031541172,-0.04677458
32.3,7.50614001979785,-0.00183508456345316,-0.0039326291508592,-0.04463093
32.31,7.48666392956404,-0.00495226104017511,-0.00407221095851548,-0.04249723
32.32,7.44553323535293,-0.00757536043738029,-0.00421275778781546,-0.04037742
32.33,7.40017252805685,-0.0128912317765356,-0.00435417869310747,-0.03827543
32.34,7.39440062942486,-0.00809268197632745,-0.00449637984345595,-0.03619515
32.35,7.42773364599125,0.000685430821235754,-0.00463926470802091,-0.03414044
32.36,7.42007137510296,-0.00369648207766693,-0.00478273418006409,-0.03211509
32.37,7.33053384835988,-0.00329473921994587,-0.00492668672419072,-0.03012286
32.38,7.39142985460162,0.00311920710987248,-0.00507101855097265,-0.02816744
32.39,7.39944159252453,-0.000386287328291694,-0.00521562379939406,-0.02625245
32.4,7.42432163670902,-0.00226995863053934,-0.00536039472088139,-0.02438143
32.41,7.44055660549769,0.00437834833355035,-0.00550522184545102,-0.02255785
32.42,7.40589002551957,0.00251151053260203,-0.0056499941833403,-0.02078509
32.43,7.37995047363952,0.0020631520306961,-0.00579459942459051,-0.01906643
32.44,7.43977192948731,-0.0099758768408002,-0.00593892414095732,-0.01740505
32.45,7.38549711414646,-0.0171168813515768,-0.00608285393543469,-0.01580403
32.46,7.38608837319912,-0.010337116638709,-0.00622627368854283,-0.01426633
32.47,7.38166725490671,-0.00190284615893841,-0.00636906789104376,-0.0127948
32.48,7.39264996203447,-0.00544506195028371,-0.00651112062741,-0.01139217
32.49,7.42746232114857,-0.00498571757894088,-0.0066523159486793,-0.01006103
32.5,7.44883277194967,-0.00566152129409311,-0.00679253805881289,-0.00880385
32.51,7.41741178093391,0.00195653695661468,-0.0069316715245686,-0.00762295
32.52,7.47600622251717,0.00274232335925405,-0.00706960149082283,-0.00652053
32.53,7.47112608021784,-0.000139455742036305,-0.0072062140635766,-0.00549862
32.54,7.50883061704197,-0.00428954462692602,-0.00734139609104876,-0.00455912
32.55,7.4822858038834,-0.00472420408571915,-0.00747503581434408,-0.00370376
32.56,7.47544414410454,-0.00529736829721702,-0.00760702294903733,-0.00293413
32.57,7.48439173012378,-0.00766006662539069,-0.00773724888913257,-0.00225166
32.58,7.55796263486961,-0.00969449929504814,-0.00786560694930065,-0.00165761
32.59,7.54518897713457,-0.0118138796731193,-0.00799199256441483,-0.00115308
32.6,7.53719634252372,-0.0119602016987168,-0.00811630353541969,-0.00073899
32.61,7.51573538403731,-0.0100604287007004,-0.00823844018695799,-0.00041613
32.62,7.54819920989594,-0.00589133357312625,-0.00835830560485753,-0.00018509
32.63,7.57081582953606,-0.0054049643840351,-0.0084758492759049,-0
32.64,7.59216687427634,-0.00381459484764705,-0.00859091238389647,-0
32.65,7.52130972710364,-0.00109451774516614,-0.00870306916903626,-0.00039426
32.66,7.5028211606301,0.00591935969515967,-0.00881151077319795,-0.00157084
32.67,7.54229862052598,0.00873897853617533,-0.00891535836142413,-0.00351118
32.68,7.52693057955324,-0.00463051521269085,-0.0090138397702567,-0.00618467
32.69,7.50031652200298,-0.00640209801381624,-0.00910627477947544,-0.00954915
32.7,7.47663187530176,-0.0106214554958708,-0.00919169395557531,-0.01355157
32.71,7.48280851594568,-0.0112247026163524,-0.00926916662564891,-0.0181288
32.72,7.51369112838772,-0.0118777004417727,-0.0093379520170476,-0.02320866
32.73,7.49042003716957,-0.0160884341263377,-0.00939736424538699,-0.02871104
32.74,7.46458408727145,-0.00979430091321155,-0.00944696503505967,-0.03454915
32.75,7.44555633980729,-0.0006254157191635,-0.00948645625341142,-0.04063093
32.76,7.43463933037656,-0.00742597640932578,-0.0095157956744164,-0.04686047
32.77,7.38555144441543,-0.00523954466070158,-0.00953518622459651,-0.05313953
32.78,7.37472558030664,-0.00619433509297594,-0.00954509563608426,-0.05936907
32.79,7.32628317292541,-0.00767342357660363,-0.0095462894710824,-0.06545085
32.8,7.33558349487851,-0.00652571246904982,-0.00953985885663087,-0.07128896
32.81,7.32178279457794,-0.0128499582791189,-0.00952743943899358,-0.07679134
32.82,7.35225384489888,-0.01182955063786,-0.00951102555452335,-0.0818712
32.83,7.38773426730545,-0.0113180942625502,-0.00949278465757916,-0.08644843
32.84,7.44343083164414,-0.00870829450156654,-0.00947438018657803,-0.09045085
32.85,7.38665378113823,0.00236556332064404,-0.0094567195260136,-0.09381533
32.86,7.41412276969573,0.0100389877623227,-0.00944038542848966,-0.09648882
32.87,7.42042462747123,0.00980279307478848,-0.00942570817858168,-0.09842916
32.88,7.44309132568086,0.012139539951924,-0.00941290545351758,-0.09960574
32.89,7.44070424822273,0.0189910300678553,-0.00940216763658928,-0.09994337
32.9,7.43268174909289,0.0174134705437308,-0.0093931492864499,-0.1
32.91,7.42837202259157,0.0140469358696974,-0.00938507010042039,-0.09994337
32.92,7.46686571249878,0.00102414153964965,-0.0093775067366335,-0.0997736
32.93,7.46255294901328,-0.0163532833373347,-0.00937031962886931,-0.09949107
32.94,7.43164036784345,-0.018065328645579,-0.00936346805044405,-0.09909643
32.95,7.45996285108565,-0.0227060037690841,-0.00935694615093189,-0.09859058
32.96,7.44033220436274,-0.033233047316172,-0.0093507622981585,-0.09797465
32.97,7.46233971811469,-0.0249820748461461,-0.00934493326538896,-0.09725004
32.98,7.49891897995467,-0.0183781976211163,-0.0093394838180272,-0.0964184
32.99,7.48973636214396,-0.0141246374330728,-0.00933444803695847,-0.0954816
33,7.52274293935353,-0.00203768743294564,-0.0093256898697563,-0.09902181
33.01,7.51645920333379,0.00661648692632175,-0.00930731828177041,-0.10704137
33.02,7.48762514177325,0.0123443743757437,-0.00927716402190662,-0.11954288
33.03,7.472033569283,0.0254177628617167,-0.00923438777724904,-0.13652914
33.04,7.42568634697518,0.0263608709521736,-0.00917882911729785,-0.15800316
33.05,7.35263602157065,0.0269559762439391,-0.00911050997645755,-0.18396819
33.06,7.35100620576513,0.0271454195639288,-0.00902934747954521,-0.21442765
33.07,7.25388628293321,0.0339565919366934,-0.00893529834297178,-0.24938517
33.08,7.2596683296783,0.0307964119542848,-0.00882830271079831,-0.28884457
33.09,7.22331063185753,0.0264875814141,-0.00871254326549048,-0.32822978
33.1,7.22596293052275,0.0159002968262605,-0.00859369131910306,-0.36754499
33.11,7.21046677194063,0.0167190340286491,-0.00847343700878947,-0.40679449
33.12,7.18795922315234,0.0159317836516855,-0.0083525043056968,-0.44598275
33.13,7.08749756116694,0.0224246281035763,-0.00823115454783353,-0.48511439
33.14,7.09106421436563,0.0115232178306312,-0.00810947400351679,-0.52419412
33.15,7.03885219864305,0.00619348885541154,-0.00798748296188817,-0.56322679
33.16,6.99869767608309,0.00636015292745961,-0.00786518290421614,-0.60221738
33.17,6.93513101021491,0.00975093379462613,-0.00774256405193981,-0.64117091
33.18,6.8920385423165,0.00369158506229188,-0.0076196169568847,-0.68009254
33.19,6.82091971856039,0.00683962421418221,-0.00749632760082999,-0.71898746
33.2,6.84174089000417,0.00189533628805735,-0.00737268470741498,-0.75786094
33.21,6.82241344627988,0.018387607587865,-0.00724867327266064,-0.79671831
33.22,6.7929354660712,0.0313385217866551,-0.00712428140073709,-0.83556491
33.23,6.72654886197767,0.0302536351441156,-0.00699949364347071,-0.87440612
33.24,6.6768158433586,0.0264979780623111,-0.00687429016834746,-0.91324733
33.25,6.67758152827138,0.0304371157656161,-0.00674866461927695,-0.95209393
33.26,6.72253001877004,0.0254475713490654,-0.00662260223498263,-0.99095129
33.27,6.67720630522344,0.0131710822479725,-0.00649608864827702,-1.02982478
33.28,6.63448561503686,0.00272932470552028,-0.00636910961826023,-1.0687197
33.29,6.5726169989077,-0.00307824357379463,-0.00624165097434699,-1.10764133
33.3,6.56121502263593,-0.00413985962908734,-0.00611369862707029,-1.14659486
33.31,6.55141160974641,-0.00319313872847274,-0.00598523858540382,-1.18558544
33.32,6.44659549018911,-0.00769136264041836,-0.00585625697268797,-1.22461812
33.33,6.3339772982028,-0.0053587725732248,-0.00572674008805,-1.26369785
33.34,6.28326276954997,0.00859547773041286,-0.00559667443145686,-1.30282948
33.35,6.20380512345653,0.0131022774669288,-0.0054660467162418,-1.34201775
33.36,6.17835055281863,0.012859260868535,-0.00533484392591446,-1.38126725
33.37,6.1452120062272,0.0111066547025315,-0.00520305334345134,-1.42058245
33.38,6.07865473027413,0.0141242531963883,-0.00507066256060886,-1.45996767
33.39,6.05611523647007,0.0113998523175489,-0.00493765952975181,-1.49942706
33.4,6.09491062249653,0.0127229401587395,-0.00480403258038379,-1.53896462
33.41,6.08953139774644,0.00806402990570671,-0.00466977045928747,-1.57858415
33.42,6.1223379315299,0.0017713190850059,-0.00453486235548433,-1.61828928
33.43,6.10054487884232,0.000281624356565399,-0.00439929792305148,-1.65808344
33.44,6.03013068587831,0.00446195910090711,-0.0042630672929033,-1.69796987
33.45,6.0193097061354,0.00443525896413072,-0.00412616112187194,-1.73795158
33.46,6.04005905513589,0.0173074067687117,-0.00398857060909895,-1.77803138
33.47,5.94091353669228,0.0116464814926781,-0.00385028749957375,-1.81821186
33.48,5.84252950597891,0.00737791814266547,-0.00371130412231818,-1.85849537
33.49,5.78743410683316,0.0109322150513688,-0.00357161341548588,-1.89888403
33.5,5.74699886324294,0.0121398925536558,-0.00343120892603575,-1.93937973
33.51,5.74773219274737,0.0119491679355548,-0.00328996200833166,-1.97998411
33.52,5.71728707841463,0.0100734280578826,-0.00314807204116756,-2.02069856
33.53,5.65892163955595,-0.00712522854052519,-0.00300546758157824,-2.06152422
33.54,5.64119120893165,-0.00825362396442421,-0.00286213509153269,-2.10246201
33.55,5.6703144417289,0.000246469331772829,-0.00271812012849073,-2.14345591
33.56,5.66774888430928,-0.00269661595331908,-0.00257328991332713,-2.18467621
33.57,5.64166611411601,-0.00247589820152239,-0.00242736814438058,-2.22629079
33.58,5.55956573580206,0.00628810473160291,-0.00227971322654442,-2.26868767
33.59,5.50690980770547,0.0135316171482229,-0.00212977026991234,-2.31184831
33.6,5.45141393855251,0.0332683489962203,-0.00197737827712361,-2.3557421
33.61,5.453743962901,0.046977085838665,-0.00182250693130001,-2.40032689
33.62,5.54388780642816,0.0832534966438149,-0.00166529044631565,-2.44554962
33.63,5.76212381551803,0.151584352371217,-0.00150585293805537,-2.49134716
33.64,6.16163066598531,0.235647821561097,0,-2.53764732
33.65,6.84160773652973,0.336028022175339,0.00193131656423149,-2.58437
33.66,7.55362681126033,0.459035108774762,0.00585078105852161,-2.63142842
33.67,8.41240647540367,0.58878377233042,0.0115949059627961,-2.67873051
33.68,9.30144776349463,0.721300135400512,0.0188396108172831,-2.72618036
33.69,10.2273862558256,0.854177590095145,0.0273001055203357,-2.77367972
33.7,11.1298473135637,0.960104364812415,0.0367765631370273,-2.82112956
33.71,12.0405573214921,1.05487034813547,0.0471438440971084,-2.86843165
33.72,12.8075707191206,1.13094505731903,0.0583251098446533,-2.91549007
33.73,13.6099785004739,1.19194857532842,0.0702671047680128,-2.96221276
33.74,14.2617234188277,1.24351227490538,0.0829140474490846,-3.00851292
33.75,14.8873639259365,1.29262956317372,0.0960766230218112,-3.05431046
33.76,15.3605198504732,1.30319600131606,0.109468157272783,-3.09953318
33.77,15.7338390907767,1.31264137051069,0.122876904063676,-3.14411797
33.78,15.9509297805104,1.31476204312589,0.136191413646193,-3.18801177
33.79,16.0967539072435,1.30368591144912,0.149366965972631,-3.23117241
33.8,16.1903563715775,1.29615997296549,0.162394476037469,-3.27356929
33.81,16.2449194851139,1.27815380601417,0.175277842431518,-3.31513492
33.82,16.3594177198425,1.25525677778834,0.188023497217149,-3.35640417
33.83,16.418318167042,1.24695383838255,0.200636677365748,-3.39757554
33.84,16.4883431619741,1.23551394452628,0.213120585762714,-3.43864912
33.85,16.5858034302077,1.22250262393058,0.225475165300818,-3.47504518
33.86,16.6818185255062,1.21618627426837,0.237697818636148,-3.50676419
33.87,16.7466221828882,1.19805243132952,0.249786217962947,-3.53380681
33.88,16.8459228552609,1.18681109593096,0.261738955777142,-3.55617391
33.89,16.8989749576534,1.17871144032347,0.273554279332609,-3.57386653
33.9,17.0383696697815,1.15797337097426,0.285230495177953,-3.58688589
33.91,17.1199183294087,1.14749840551617,0.296765794556592,-3.59523341
33.92,17.2126634847459,1.13246365190447,0.308158321332189,-3.59891068
33.93,17.3180276694999,1.11530651582992,0.319401274912804,-3.58646938
33.94,17.4176810783912,1.0985526631224,0.330484944944826,-3.56249148
33.95,17.4823184794394,1.07601025170749,0.341403578262779,-3.52697909
33.96,17.5801796133374,1.05725099874552,0.352151224141569,-3.4799345
33.97,17.6998042762404,1.04288125075714,0.362721506988256,-3.42136013
33.98,17.8581632060604,1.01784238210322,0.37310767674372,-3.35125857
33.99,17.9706587645085,0.997037594767712,0.383302937089654,-3.26963258
34,18.1038931557099,0.97522302204338,0.393300057315081,-3.17648503
34.01,18.2632730548578,0.95421744307345,0.403092060705272,-3.07181896
34.02,18.4726887885467,0.943830130667458,0.412676567041132,-2.96708761
34.03,18.5934673897141,0.923863626543913,0.422056385164709,-2.86229427
34.04,18.6981618149642,0.897331091902482,0.431231938537209,-2.75744235
34.05,18.8310987453881,0.88127644094977,0.440202830218521,-2.65253538
34.06,18.9995832967796,0.863349573370443,0.448968731450292,-2.547577
34.07,19.0934218711785,0.839880215392231,0.457529637052864,-2.44257093
34.08,19.2293873408915,0.828484377671753,0.465885809677093,-2.33752101
34.09,19.3552285413647,0.805027201943055,0.474037645592543,-2.23243114
34.1,19.4532568702784,0.784995594069496,0.481985607501121,-2.12730533
34.11,19.5401841210022,0.765248735038624,0.489730178459734,-2.02214762
34.12,19.6333669150129,0.742097062213229,0.497271824937312,-1.91696215
34.13,19.6978774695501,0.717417270488057,0.504610713335129,-1.8117531
34.14,19.8087211247409,0.704761132561171,0.511747640942783,-1.70652468
34.15,19.9255480257826,0.675231976511558,0.518683071815222,-1.60128117
34.16,20.0124767174605,0.65501694749713,0.525417421933266,-1.49602686
34.17,20.1305780824012,0.633407629472836,0.531951177995653,-1.39076605
34.18,20.2355066500733,0.621609451933181,0.538284841289371,-1.28550307
34.19,20.3486261840988,0.603198979109385,0.544418923150747,-1.18024227
34.2,20.4719891859996,0.591060112088298,0.550353958987447,-1.07498795
34.21,20.5564734365511,0.575355938526949,0.556090505730362,-0.96974444
34.22,20.645065107953,0.559117723686766,0.561629104565829,-0.86451602
34.23,20.7382832098522,0.534149897242937,0.566970347928258,-0.75930697
34.24,20.7923390651124,0.507227449326175,0.572114813493939,-0.6541215
34.25,20.8591514375966,0.493730851287114,0.577063329838962,-0.5489638
34.26,20.8731416362694,0.479258850358883,0.581816250715404,-0.44383798
34.27,20.9627661790153,0.457533333806401,0.586381850250149,-0.3501982
34.28,20.9800099082554,0.435054219415407,0.590774157494557,-0.26804845
34.29,21.0169965641274,0.416456154418273,0.595003590399276,-0.19739263
34.3,21.0416166742074,0.405649557093284,0.599080852180971,-0.13823459
34.31,21.1049330917919,0.398370950749537,0.603018159497034,-0.09057805
34.32,21.1777384023847,0.37814201958211,0.606829272693645,-0.05442664
34.33,21.242884979578,0.356214830085997,0.610528932844351,-0.02978389
34.34,21.2009222603383,0.339532055412659,0.614132449308288,-0.01665322
34.35,21.2699676328569,0.329131480153522,0.61765533542807,-0.01503791
34.36,21.2758748090994,0.32335837411078,0.621104843962442,-0.01349105
34.37,20.9739467722006,0.228698355410218,0.624482745053123,-0.01201565
34.38,20.2388617577227,0.0633238834857483,0.627794837136817,-0.0106146
34.39,19.1176858414938,-0.135199743640981,0.631046424740803,-0.00929066
34.4,17.8929045204269,-0.345013070996719,0.631619357876719,-0.0080464
34.41,16.6886997443059,-0.548992546589985,0.625803257964787,-0.00688427
34.42,15.408661507295,-0.761089457309147,0.616389143340526,-0.00580654
34.43,14.0752912063589,-0.968042730582317,0.605308599363506,-0.00481533
34.44,13.0001912389008,-1.09132646286437,0.593649261351456,-0.00391256
34.45,12.371945873345,-1.13145944367625,0.581962574495249,-0.00310001
34.46,12.0869616680806,-1.13347469307036,0.570479582132275,-0.00237927
34.47,11.9232934927103,-1.10993939724733,0.559261342288432,-0.00175175
34.48,11.74189789682,-1.09473322107901,0.548297053040437,-0.00121868
34.49,11.6600504586972,-1.06933162852388,0.537558027686054,-0.0007811
34.5,11.5296383823719,-1.0542508239121,0.527021312989172,-0.00043987
34.51,11.4587259676434,-1.02162742171502,0.516673800738035,-0.00019566
34.52,11.378869511293,-0.997273013328687,0.506509480829411,-0
34.53,11.3008052558406,-0.97992988951824,0.496525966727775,-0
34.54,11.1552056754595,-0.973156327595599,0.486722091805978,-0.00039426
34.55,11.0744139461132,-0.951329163372243,0.477096651187578,-0.00157084
34.56,10.9212201339111,-0.935403701956997,0.467648713430803,-0.00351118
34.57,10.8461953144114,-0.90558134901061,0.458376656195564,-0.00618467
34.58,10.7461474454421,-0.89537080494693,0.449278619198711,-0.00954915
34.59,10.6315267122341,-0.876661283274126,0.440352582870629,-0.01355157
34.6,10.5434173074972,-0.859207558050775,0.431596621977,-0.0181288
34.61,10.5002338253845,-0.837955328005506,0.423008797623426,-0.02320866
34.62,10.3715718531605,-0.82896507406836,0.4145871255385,-0.02871104
34.63,10.2875144417873,-0.81296171305782,0.406329665552286,-0.03454915
34.64,10.180498498615,-0.806273438330685,0.398234383897691,-0.04063093
34.65,10.0584627127608,-0.790135899741736,0.390299191443831,-0.04686047
34.66,9.93350870539039,-0.779951698311932,0.382521947907117,-0.05313953
34.67,9.81075672701746,-0.767682025823165,0.374900438221006,-0.05936907
34.68,9.71982203598268,-0.759531257198129,0.367432362772733,-0.06545085
34.69,9.67872513559102,-0.741182115738556,0.360115378682525,-0.07128896
34.7,9.56559100273395,-0.724927927317578,0.352947164608744,-0.07679134
34.71,9.4955431147003,-0.71147136681637,0.345925258700757,-0.0818712
34.72,9.4700612189572,-0.695244137377831,0.339046964617282,-0.08644843
34.73,9.49008686184481,-0.676481412949645,0.33230968112519,-0.09045085
34.74,9.45075475200562,-0.65794917963632,0.325710785852579,-0.09381533
34.75,9.40920035147151,-0.632015497939875,0.319247585167199,-0.09648882
34.76,9.32659355813434,-0.617113117443143,0.312917334605963,-0.09842916
34.77,9.28182667440679,-0.608406606424398,0.306717258529571,-0.09960574
34.78,9.19604826166616,-0.590330656823705,0.300644528936057,-0.09994965
34.79,9.10685450344697,-0.579104104300828,0.29469661194554,-0.1
34.8,9.02324581586243,-0.571358212362681,0.288871354074982,-0.09994965
34.81,8.96733224965322,-0.561135695553506,0.283166548277644,-0.09979871
34.82,8.8720651094574,-0.548996370893996,0.277579918669372,-0.09954749
34.83,8.82993563206244,-0.542160003106285,0.272109225790412,-0.09919648
34.84,8.81341749651948,-0.53145330312207,0.26675228515735,-0.0987464
34.85,8.78579279889194,-0.523960037540544,0.261506987045913,-0.09819814
34.86,8.72715980865624,-0.510724904006415,0.256371229656249,-0.09755283
34.87,8.69537877375065,-0.49152021099717,0.251342955608875,-0.09681174
34.88,8.65070241255473,-0.478962436562683,0.246420106308369,-0.09597639
34.89,8.61835835401083,-0.474568021274982,0.241600632830172,-0.09504844
34.9,8.58249954148273,-0.452112367379208,0.236882393215805,-0.09402978
34.91,8.53631296814975,-0.440223945416099,0.23226352101436,-0.09292244
34.92,8.52111046446125,-0.435995804335466,0.22774203418663,-0.09172866
34.93,8.53071841466245,-0.433937758832855,0.223315930710941,-0.09045085
34.94,8.43586710507621,-0.434823796183342,0.218983252401859,-0.08909157
34.95,8.41583773541329,-0.427647248621477,0.214742071697323,-0.08765357
34.96,8.43084147888669,-0.41674222385017,0.21059048297128,-0.08613974
34.97,8.42385001671515,-0.421676415985284,0.206526600541383,-0.08455313
34.98,8.39020489565642,-0.416795723051205,0.202548558548299,-0.08289694
34.99,8.36045773963517,-0.403371740036811,0.198654512798994,-0.08117449
35,8.32300899279325,-0.388164284108644,0.194842642106324,-0.07938926
35.01,8.33271373369973,-0.37559511944412,0.191111152342171,-0.07754485
35.02,8.29860937906572,-0.36301566002285,0.187458267635314,-0.07564496
35.03,8.25565855734354,-0.353433389785741,0.183882243593245,-0.07369343
35.04,8.17025646391389,-0.346666397198117,0.180381361068994,-0.07169419
35.05,8.16890538179302,-0.332269738081675,0.176953927126734,-0.06965125
35.06,8.14517016813176,-0.331325261871652,0.17359829958102,-0.06756874
35.07,8.10374974367876,-0.323049056344726,0.170312819075793,-0.06545085
35.08,8.10781629087518,-0.308614914974132,0.167095848179072,-0.06330184
35.09,8.11206001498271,-0.311299144007699,0.163945831784813,-0.06112605
35.1,8.11263650665944,-0.311602034374048,0.160861224395245,-0.05892784
35.11,8.13156365906086,-0.307484253742405,0.157840500082284,-0.05671166
35.12,8.08111752394806,-0.305226733410335,0.154882160176546,-0.05448197
35.13,8.1002444651537,-0.294719188724401,0.151984745878189,-0.05224324
35.14,8.11971500518425,-0.290229372666938,0.149146825610309,-0.05
35.15,8.14009110211149,-0.294939549643602,0.146366997093171,-0.04775676
35.16,8.08922465828191,-0.294518245505672,0.143644010330944,-0.04551803
35.17,8.05367367598314,-0.289858602997084,0.140976370616465,-0.04328834
35.18,8.04118227115406,-0.278146102002615,0.138362775856465,-0.04107216
35.19,8.04187029645675,-0.272940162756152,0.135801975535065,-0.03887395
35.2,8.00038119224168,-0.269440237374171,0.133292726163029,-0.03669816
35.21,7.96430490549564,-0.269572404162755,0.130833805315405,-0.03454915
35.22,7.89828759731939,-0.265691106268884,0.128424021382093,-0.03243126
35.23,7.91705230664438,-0.248515965356172,0.126062213555186,-0.03034875
35.24,7.88498509024875,-0.236375467286918,0.123747252837031,-0.02830581
35.25,7.84924636745367,-0.226800502242616,0.121478042837441,-0.02630657
35.26,7.86723756555128,-0.213400979272809,0.119253517917007,-0.02435504
35.27,7.80777783406742,-0.206111464458569,0.117072642147004,-0.02245515
35.28,7.82705427312047,-0.199996688051404,0.114934408533781,-0.02061074
35.29,7.8106232906269,-0.186995152197718,0.11283783854714,-0.01882551
35.3,7.79969758584668,-0.179763128979843,0.11078198181039,-0.01710306
35.31,7.78386592920078,-0.188576458981599,0.10876591555348,-0.01544687
35.32,7.82529846481346,-0.198661343558565,0.106788744311988,-0.01386026
35.33,7.80176262973865,-0.204519312673928,0.104849599392176,-0.01234643
35.34,7.80072543262961,-0.190408336520044,0.10294763844928,-0.01090843
35.35,7.77479092275372,-0.192458027358053,0.101082044714897,-0.00954915
35.36,7.71030368885843,-0.201749807479239,0.0992520266974565,-0.00827134
35.37,7.68902199573214,-0.196172973111835,0.0974568172084392,-0.00707756
35.38,7.65926776526883,-0.185307066009879,0.0956956730680755,-0.00597022
35.39,7.6606968256109,-0.170908562349199,0.0939678742775912,-0.00495156
35.4,7.64214641000722,-0.165495416358038,0.0922727232532797,-0.00402361
35.41,7.64364947926982,-0.166269560204629,0.0906095444398214,-0.00318826
35.42,7.67075826147388,-0.158417666567239,0.0889776834653907,-0.00244717
35.43,7.70872835173999,-0.146314427757198,0.087376505007058,-0.00180186
35.44,7.69452689032128,-0.149705033181846,0.0858053971575796,-0.0012536
35.45,7.73784249169354,-0.139613386361492,0.0842637637706689,-0.00080352
35.46,7.72475845944874,-0.14352940902779,0.0827510279664988,-0.00045251
35.47,7.72865573696795,-0.142742684498577,0.0812666309194861,-0.00020129
35.48,7.69468583980711,-0.147379957919847,0.0798099902929952,-0
35.49,7.66361044902384,-0.155808220600555,0.0783806373128884,-0
35.5,7.68993794215213,-0.163019050998763,0.0769783674540218,-0.00039426
35.51,7.69760571215574,-0.165046606922523,0.0756033634636564,-0.00157084
35.52,7.6997067964765,-0.166257083061711,0.0742558679145664,-0.00351118
35.53,7.65189741112737,-0.157222533735045,0.0729360219378032,-0.00618467
35.54,7.64340089573593,-0.146794889007004,0.0716440390261933,-0.00954915
35.55,7.69090578205363,-0.139335647262296,0.0703802299804161,-0.01355157
35.56,7.67436489212669,-0.113258673721773,0.0691449311736563,-0.0181288
35.57,7.64326168691722,-0.0951531720832204,0.0679384305534273,-0.02320866
35.58,7.64376900301108,-0.0902226082862301,0.0667609122702243,-0.02871104
35.59,7.61805167822256,-0.0960301881911808,0.0656124670152869,-0.03454915
35.6,7.63886979327838,-0.0977606204943137,0.0644930306152759,-0.04063093
35.61,7.60458926493721,-0.102189761535811,0.0634023137026788,-0.04686047
35.62,7.57458464238581,-0.0952226001332391,0.0623400341571632,-0.05313953
35.63,7.5880424693132,-0.0997140911436479,0.0613056871374455,-0.05936907
35.64,7.55408513481271,-0.111568870631965,0.0602985792086779,-0.06545085
35.65,7.56630718507592,-0.100719124459459,0.0593178917874904,-0.07128896
35.66,7.58802822669603,-0.0855510801898086,0.0583626750565658,-0.07679134
35.67,7.59458503817713,-0.0907092375200799,0.0574318358852226,-0.0818712
35.68,7.63589109553317,-0.0840730720061009,0.0565241594406476,-0.08644843
35.69,7.66738672506125,-0.0815695758949544,0.0556383175669871,-0.09045085
35.7,7.6287492191965,-0.0775894362456123,0.0547728830783325,-0.09381533
35.71,7.66155778477918,-0.0693388479048613,0.0539263476769139,-0.09648882
35.72,7.63998064132521,-0.0741463252828974,0.0530971419634929,-0.09842916
35.73,7.62110705952782,-0.0808270284818702,0.0522836550651746,-0.09960574
35.74,7.58470490773881,-0.0727378190263585,0.051484210001554,-0.09994818
35.75,7.53141571478525,-0.0784401520083199,0.0506975937029978,-0.1
35.76,7.5132579041244,-0.0793041501849871,0.049923031937829,-0.09994818
35.77,7.51368712334634,-0.0863220036588908,0.0491596215465426,-0.09979284
35.78,7.55951186377588,-0.0849183092296741,0.0484065116753191,-0.0995343
35.79,7.57124190361061,-0.0886033983462622,0.0476630320896717,-0.09917309
35.8,7.55467168162286,-0.0755519694290426,0.0469287001301853,-0.09870995
35.81,7.58132671836136,-0.0660666583570494,0.0462031600852817,-0.09814586
35.82,7.64217875488871,-0.0694040119756203,0.0454861257043989,-0.09748198
35.83,7.60145196189932,-0.0673514298424336,0.0447773410455233,-0.09671969
35.84,7.62373435903996,-0.0621800437372929,0.0440765629388815,-0.09586057
35.85,7.57179022537057,-0.0518826265372749,0.0433835531912755,-0.09490639
35.86,7.54018485922014,-0.0398745712631426,0.0426980779376721,-0.09385913
35.87,7.53265408327192,-0.0510309299777585,0.0420199089718789,-0.09272097
35.88,7.52402713531483,-0.0566045200763291,0.0413488252898067,-0.09149426
35.89,7.47532396259915,-0.045501413173382,0.0406846144245742,-0.09018156
35.9,7.53432579724845,-0.0488348303605413,0.0400270729541791,-0.08878556
35.91,7.53418454342045,-0.0491088094917096,0.0393760069060666,-0.08730918
35.92,7.58616024834891,-0.0628609039964414,0.038731231835113,-0.08575548
35.93,7.60403648330059,-0.0669140081050282,0.0380925726492798,-0.08412766
35.94,7.62237914190556,-0.0544300034770818,0.0374598637111084,-0.0824291
35.95,7.60684046854631,-0.053736107022241,0.0368329487629245,-0.08066334
35.96,7.65050788562141,-0.0540447157967783,0.0362116808299607,-0.07883402
35.97,7.60664761412894,-0.0505058879336553,0.0355959222317375,-0.07694493
35.98,7.61539738818667,-0.0466261800687389,0.034985544295672,-0.075
35.99,7.56644250351693,-0.0451043126697448,0.0343804275343826,-0.07300325
36,7.51960260886282,-0.0462582283446126,0.0337804614505432,-0.07095883
36.01,7.54841141650865,-0.0507758545406984,0.0331855444668495,-0.06887096
36.02,7.55604500929087,-0.0484253488684919,0.0325955837919076,-0.06674398
36.03,7.50520230269593,-0.0515739621331289,0.032010495326545,-0.0645823
36.04,7.50176617760739,-0.0568207091146576,0.0314302034846209,-0.06239039
36.05,7.45952094524768,-0.0579260537735032,0.0308546410862987,-0.0601728
36.06,7.45911034058858,-0.0551512100778486,0.0302837491727134,-0.05793413
36.07,7.47257887968319,-0.0536387410294281,0.0297174768392629,-0.05567901
36.08,7.39993514471997,-0.057268448876353,0.0291557810860388,-0.05341212
36.09,7.41003557615799,-0.0593729728513671,0.0285986265820151,-0.05113816
36.1,7.44990891287944,-0.060289025234043,0.0280459854774809,-0.04886184
36.11,7.49691710904973,-0.0595283877518303,0.0274978372069709,-0.04658788
36.12,7.51581098367498,-0.0589162644622624,0.0269541682560631,-0.04432099
36.13,7.5181635640676,-0.0553144321017848,0.0264149719289204,-0.04206587
36.14,7.49122143417699,-0.0488732109676795,0.025880248135019,-0.0398272
36.15,7.50965392173813,-0.0470876801403734,0.0253500030998774,-0.03760961
36.16,7.49166327325251,-0.0459821246600943,0.0248242491298055,-0.0354177
36.17,7.46911076069518,-0.0409689318947786,0.0243030043567231,-0.03325602
36.18,7.45063501691107,-0.0358225669796797,0.0237862924623005,-0.03112904
36.19,7.44219923198529,-0.0349855937601236,0.0232741423866414,-0.02904117
36.2,7.43918192059897,-0.0387892998444541,0.022766588070493,-0.02699675
36.21,7.47424661393506,-0.0438929241016374,0.0222636681482828,-0.025
36.22,7.49119271377087,-0.0485753919044439,0.021765425641898,-0.02305507
36.23,7.49891404957445,-0.0443199204201881,0.0212719095182097,-0.02116598
36.24,7.509568999008,-0.0400713303226349,0.0207831689859648,-0.01933666
36.25,7.50795703229742,-0.0361016811193361,0.0202992584640172,-0.0175709
36.26,7.54863128529422,-0.0454032938970719,0.0198202355200437,-0.01587234
36.27,7.53090977624213,-0.0462470886698154,0.0193461606318762,-0.01424452
36.28,7.56106911108584,-0.0508555929508985,0.0188770968096135,-0.01269082
36.29,7.58275751450607,-0.0460899214731138,0.0184131092671317,-0.01121444
36.3,7.5658364143983,-0.0475408440408992,0.0179542651237102,-0.00981844
36.31,7.50923227095592,-0.0554009228480015,0.017500633108141,-0.00850574
36.32,7.4954012699081,-0.0631882183726266,0.0170522825426331,-0.00727903
36.33,7.52642028416593,-0.060078361907351,0.016609285640573,-0.00614087
36.34,7.54471781106936,-0.0516282658879354,0.0161717132684889,-0.00509361
36.35,7.49087233606784,-0.043722901117167,0.0157396372676736,-0.00413943
36.36,7.4834019689997,-0.0388580144448087,0.0153131294636069,-0.00328031
36.37,7.48726283029094,-0.0438759063174991,0.0148922798777013,-0.00251802
36.38,7.4964269307509,-0.0406286471379885,0.0144771369684499,-0.00185414
36.39,7.49188856411991,-0.0324904598021979,0.0140677790589643,-0.00129005
36.4,7.42446593726614,-0.0274405757716551,0.0136642766181392,-0.00082691
36.41,7.42803809058088,-0.0340321967704762,0.0132666958631959,-0.0004657
36.42,7.45396031107419,-0.0363778260798639,0.0128751005431649,-0.00020716
36.43,7.44092710390306,-0.0409502257386132,0.0124895055560408,-0
36.44,7.44880094587721,-0.0398749583565001,0.0121100438214852,-0
36.45,7.46756098101951,-0.0417557681448605,0.0117371016625326,-0.00039426
36.46,7.52892095607758,-0.0507576428176634,0.011371423555353,-0.00157084
36.47,7.52868037283202,-0.0481791236187673,0.0110138325866324,-0.00351118
36.48,7.50336946097666,-0.0382788237524744,0.0106650201700639,-0.00618467
36.49,7.51885823500689,-0.0326577947057748,0.010325767767058,-0.00954915
36.5,7.55599593209308,-0.0334229419980732,0.00999694508891677,-0.01355157
36.51,7.49061849676287,-0.0260441812535516,0.00967943682046738,-0.0181288
36.52,7.50256739858917,-0.0181050675622778,0.00937406168859567,-0.02320866
36.53,7.40303124715517,-0.0191486889059209,0.00908151479708152,-0.02871104
36.54,7.40749676561673,-0.0237477352441823,0.00880233572656416,-0.03454915
36.55,7.45039772577234,-0.0314261166032648,0.00853688605791072,-0.04063093
36.56,7.42984130182168,-0.0332082063913473,0.00828534176945805,-0.04686047
36.57,7.38222322551372,-0.0330538406247738,0.00804769041324158,-0.05313953
36.58,7.44195947910069,-0.0380013474414954,0.00782373207043985,-0.05936907
36.59,7.45872622319894,-0.0380641868230969,0.00761308319531499,-0.06545085
36.6,7.47074569493564,-0.0346661172728771,0.00741518346276256,-0.07128896
36.61,7.47536884310169,-0.0269671948161715,0.0072293087597949,-0.07679134
36.62,7.43764368207646,-0.0229490349398116,0.00705459281262139,-0.0818712
36.63,7.41530503091686,-0.0216795324275636,0.00689000371992709,-0.08644843
36.64,7.37677468833116,-0.0207420135304363,0.00673437627456275,-0.09045085
36.65,7.39541132153102,-0.0209309101786739,0.00658646952314429,-0.09381533
36.66,7.37979882866083,-0.0280416596418003,0.00644494902677954,-0.09648882
36.67,7.39150929544354,-0.0278807378255386,0.0063084173889843,-0.09842916
36.68,7.39554773788098,-0.0289026302435568,0.00617541679060212,-0.09960574
36.69,7.39733843022457,-0.0295310184756722,0.00604448102647565,-0.09995241
36.7,7.41284826106149,-0.0375144796365187,0.00591458353353784,-0.1
36.71,7.49580918121575,-0.0260022162451565,0.00578520822115366,-0.09995241
36.72,7.43399921046357,-0.0208985061840423,0.00565569134163796,-0.09980973
36.73,7.47885992104334,-0.0200018168142923,0.00552540883361482,-0.09957224
36.74,7.50404222084986,-0.0238619905342678,0.0053939473319811,-0.09924039
36.75,7.45594731086132,-0.0268711804958809,0.00526108864462129,-0.0988148
36.76,7.48525939123297,-0.034202404492381,0.00512673991974572,-0.09829629
36.77,7.46810451144171,-0.0313016120412351,0.00499087275681208,-0.09768585
36.78,7.43232093030507,-0.0476099726502241,0.00485348441335497,-0.09698463
36.79,7.4804710513172,-0.0437297317199455,0.00471457818383478,-0.09619398
36.8,7.43250435196182,-0.0361194367607731,0.00457415580330536,-0.09531539
36.81,7.39302789940633,-0.0363762721625754,0.00443221595245536,-0.09435054
36.82,7.46062572095319,-0.0285433026963449,0.00428875515973321,-0.09330127
36.83,7.41611482467477,-0.020157252360613,0.00414376917821483,-0.09216957
36.84,7.42085815729483,-0.022854091659644,0.00399725420936131,-0.0909576
36.85,7.37614941384944,-0.0163020366095293,0.00384920775005717,-0.08966767
36.86,7.36550643949181,-0.0243874308291844,0.00369962912891187,-0.08830222
36.87,7.39021392947147,-0.0293508007812475,0.0035485199086381,-0.08686387
36.88,7.41970517545056,-0.0159932047863574,0.00339588414514559,-0.08535534
36.89,7.42506581403573,-0.020274113247889,0.00324172859965017,-0.08377951
36.9,7.44333386146134,-0.019614559595183,0.00308606294579932,-0.08213938
36.91,7.4912970427753,-0.0138361226302771,0.00292890026886136,-0.08043807
36.92,7.45807547690272,-0.00485590256025375,0.00277025622567285,-0.07867882
36.93,7.48701490756322,-0.00189991873363991,0.00261015020478643,-0.07686498
36.94,7.49391269288246,0.000951766484526576,0.00244860510118435,-0.075
36.95,7.47067559369931,-0.00424134495414517,0.00228564745709421,-0.07308743
36.96,7.43690922871661,-0.00536638496220422,0.00212130752960344,-0.07113091
36.97,7.42260539165368,-0.00694285983038566,0.00195561938258015,-0.06913417
36.98,7.40896928249818,-0.00302017324357452,0.00178862094003826,-0.06710101
36.99,7.46549751466577,-0.015009748508966,0.00162035401379811,-0.06503529
37,7.4444268629211,-0.0105387830299232,0.00145086435321844,-0.06294095
37.01,7.38524615619244,-0.00448808918234258,0.00128020164063329,-0.06082198
37.02,7.38282428310173,-0.00448614317307651,0.00110841949451835,-0.05868241
37.03,7.36808726489846,0.00229474687330003,0.000935575433821721,-0.05652631
37.04,7.40152438970894,0.000373938413611466,0.000761730859429911,-0.05435779
37.05,7.41963178340395,-0.00748943693354964,0.000586950993073416,-0.05218097
37.06,7.42905394838539,0.00291049146032325,0.000411304815952944,-0.05
37.07,7.45739054225455,0.000634220077059073,0.000234864918236932,-0.04781903
37.08,7.49930611568261,0.00596824851825422,5.77076858853699e-05,-0.04564221
37.09,7.56561138408065,0.00379971938813493,-0.000120087106431575,-0.04347369
37.1,7.58476918007476,0.00298205363536475,-0.000298436289372562,-0.04131759
37.11,7.56980153058815,0.00369842552164115,-0.000477253448868771,-0.03917802
37.12,7.5172034727048,0.0115464758725177,-0.000656449008172943,-0.03705905
37.13,7.51307484102079,-0.00120150434683967,-0.000835930421295305,-0.03496471
37.14,7.45437332131611,0.00456790406893529,-0.00101560229696209,-0.03289899
37.15,7.44496493446343,-0.00694654624358159,-0.00118385459482543,-0.04317984
37.16,7.38330785130416,-0.00250567837579331,-0.00132425311878203,-0.06581111
37.17,7.37261542615768,-0.0046914898844413,-0.00142501686019699,-0.10079661
37.18,7.32337060494755,0.00465531868817495,-0.00147240024387012,-0.14814007
37.19,7.30510728993677,0.00795428124540163,-0.00144961990708128,-0.20784513
37.2,7.22166932710748,0.0201284934091405,-0.00134046898869436,-0.27991533
37.21,7.17438244912736,0.0229687082345714,-0.0011574573829641,-0.36435413
37.22,7.08645496768027,0.0275903111661251,-0.000924616937698979,-0.46116487
37.23,7.00952550155239,0.0322886024378813,-0.000651153273774347,-0.57035081
37.24,6.89771398046858,0.0338664669559561,-0.000351447660928681,-0.67960104
37.25,6.85025707160834,0.0366043603528719,-4.12756931839151e-05,-0.78891858
37.26,6.76994825414685,0.0376105456529275,0.000273626113416414,-0.89830629
37.27,6.70975689945719,0.0357092076752319,0.00059116800605687,-1.00776691
37.28,6.59625749551551,0.0258183666880691,0.000910595831008516,-1.11730303
37.29,6.53100966378185,0.0324000395571613,0.00123163712631335,-1.22691713
37.3,6.42298051466019,0.0355068640918566,0.00155419605608469,-1.33661149
37.31,6.34562761809607,0.0434427132383718,0.00187824004880518,-1.44638828
37.32,6.21776758684024,0.0355106899699447,0.00220375932316654,-1.5562495
37.33,6.09513712646431,0.0367357221910329,0.00253075211766528,-1.66619698
37.34,5.95447507412357,0.0357103808942066,0.00285921932152842,-1.77623239
37.35,5.89518859205331,0.0401461724743689,0.0031891626038718,-1.88635723
37.36,5.75973009819934,0.0406730957372444,0.00352058362692019,-1.99657285
37.37,5.68981773028131,0.0355778834202385,0.00385348383664502,-2.10688041
37.38,5.61367101893781,0.0411552346396636,0.00418786427296132,-2.21728088
37.39,5.50057554572503,0.0483127324210243,0.00452372563398802,-2.32777509
37.4,5.4910806609053,0.0667621951597842,0.00486106817919182,-2.43836366
37.41,5.6775027512823,0.120133107592056,0.00519984856463406,-2.54899946
37.42,5.94808212406293,0.197359781676048,0,-2.65982553
37.43,6.38611521206741,0.289543427125831,0.00118476022947575,-2.77104585
37.44,7.00821651997386,0.413974559055326,0.00424326383788047,-2.88304849
37.45,7.70078377111092,0.5327005306647,0.00928300872761926,-2.99581489
37.46,8.5854490006438,0.679471792632509,0.0160282081605873,-3.10931445
37.47,9.54271453085204,0.813400177578818,0.0241623009236519,-3.22350499
37.48,10.4598501823199,0.938377041577413,0.0334350003751034,-3.33833348
37.49,11.3685653212739,1.05073597405592,0.0436848676951624,-3.45373677
37.5,12.2410531845552,1.13669208491567,0.0548080732198433,-3.56964269
37.51,12.9861650891213,1.20837389527054,0.0667399498851946,-3.68597113
37.52,13.6886071025653,1.27336765151208,0.0794333546252962,-3.80263531
37.53,14.2908377412401,1.31473824850616,0.092788250056097,-3.91954316
37.54,14.7495424433224,1.3470535948807,0.106547559574432,-4.03659876
37.55,15.081464303725,1.36030139342994,0.12045557228048,-4.15370388
37.56,15.3345444369742,1.36364067636616,0.134355508735965,-4.27075948
37.57,15.4911585151041,1.37009532505067,0.148173631844111,-4.38766733
37.58,15.6139019366287,1.36078102120487,0.16188606564719,-4.50433151
37.59,15.6960570556849,1.35043109551436,0.175491422733855,-4.62065995
37.6,15.7174155135986,1.34353407520389,0.188994904801438,-4.73656587
37.61,15.7707442909033,1.32796140718753,0.202396979591436,-4.83965516
37.62,15.8765832135595,1.31575543272294,0.215691808054034,-4.92985563
37.63,15.9916175428488,1.30069703543981,0.228873775467466,-5.00710415
37.64,16.084575618838,1.29307224643108,0.241937092891523,-5.07134768
37.65,16.1214468851646,1.28228837864186,0.254875659576243,-5.12254404
37.66,16.2218712031644,1.27195803188711,0.26767647574265,-5.14400251
37.67,16.401771187634,1.25489265305152,0.28031971605737,-5.13565824
37.68,16.5103869679134,1.24725976509224,0.292788317915983,-5.09803816
37.69,16.6089916475882,1.23469474421638,0.305066130903547,-5.03135136
37.7,16.7172680753705,1.21528519305545,0.317142415997576,-4.94791192
37.71,16.8402140085148,1.17973574701245,0.329010990068504,-4.84772012
37.72,17.0552902434142,1.15025185707529,0.340662863895482,-4.73077637
37.73,17.2561987555732,1.11871097193438,0.352087886050535,-4.59708127
37.74,17.3773908018296,1.09371223288948,0.363275517454932,-4.44663559
37.75,17.6021818830165,1.07215646662348,0.374222385224887,-4.29610039
37.76,17.8310804732565,1.04568150915184,0.384932086494087,-4.14547678
37.77,17.9466453445993,1.02635407848399,0.395405005540972,-3.994766
37.78,18.1792608561003,1.01343671422458,0.405640579497886,-3.8439695
37.79,18.3069199532093,0.99866953477612,0.415638050308894,-3.69308885
37.8,18.3842453499139,0.987515492249326,0.425396515429095,-3.5421258
37.81,18.5370908004335,0.960668762372782,0.434915707808806,-3.39108223
37.82,18.6594445552291,0.930539411478307,0.444195511631573,-3.23996019
37.83,18.7276080522332,0.908396122363867,0.453235830564701,-3.08876187
37.84,18.9316088562636,0.879436624788834,0.462036558048335,-2.93748958
37.85,19.0044327828947,0.853017744285195,0.470597560582962,-2.7861458
37.86,19.1380279238204,0.818990744468188,0.478918666042292,-2.63473313
37.87,19.315030501613,0.782672002543082,0.486999698357188,-2.48325429
37.88,19.4630811507613,0.765454746972255,0.49484049312016,-2.33171212
37.89,19.5834888868764,0.751409663299874,0.502440747116412,-2.1801096
37.9,19.7553892720208,0.726047290078346,0.509800103540623,-2.02844979
37.91,19.8296126566718,0.699675065914944,0.516918980489579,-1.87673589
37.92,19.9766200587396,0.674800711535162,0.523796610940899,-1.72497116
37.93,20.0985527544328,0.656742189682391,0.53043285402199,-1.573159
37.94,20.1975478463905,0.639507576283164,0.536827465352485,-1.42130286
37.95,20.2895419329798,0.616615976892982,0.542980167418791,-1.2694063
37.96,20.3973213140326,0.58395192459952,0.548890672603321,-1.11747293
37.97,20.5015840162336,0.567823622678831,0.554558668083023,-0.96550643
37.98,20.6593151448546,0.548219321362951,0.55998382919438,-0.81351057
37.99,20.7236671621159,0.523607241155213,0.565165809446645,-0.66148915
38,20.8503165726989,0.496613641713317,0.570115029597021,-0.52610614
38.01,20.9397220211717,0.470367557795146,0.57485019892726,-0.40736544
38.02,20.9871460072466,0.443960414408595,0.579385049600639,-0.30527098
38.03,21.0273960166397,0.418110984619853,0.583733610041179,-0.21982669
38.04,21.0495135274915,0.397318716612453,0.587912018789089,-0.15103657
38.05,21.0814675731634,0.386531543568726,0.591938588340321,-0.09890458
38.06,20.9466986703337,0.313899061409992,0.595833195276298,-0.0634347
38.07,20.2996130215689,0.158833787827387,0.599616646596528,-0.04463093
38.08,19.3035131192812,-0.0425773326686323,0.603310212361551,-0.04249723
38.09,18.1745580376656,-0.259517977979903,0.605764733998039,-0.04037742
38.1,16.9090083981326,-0.469826980448649,0.601664206644453,-0.03827543
38.11,15.6135223712522,-0.687558984358721,0.593167724677482,-0.03619515
38.12,14.2623127742947,-0.911257046315769,0.582565149622719,-0.03414044
38.13,13.1581620434035,-1.05634487335661,0.571150469612633,-0.03211509
38.14,12.4455529541642,-1.11530819364618,0.559602875232256,-0.03012286
38.15,12.0918926519216,-1.11902210367146,0.548223977106372,-0.02816744
38.16,11.9011222310956,-1.10675379189363,0.53710701371983,-0.02625245
38.17,11.7512927967016,-1.08589383642777,0.526251701187646,-0.02438143
38.18,11.6630455519154,-1.05618384018443,0.515629910067279,-0.02255785
38.19,11.5399488505702,-1.02006633453358,0.505215038987891,-0.02078509
38.2,11.3982588346349,-0.994471317762321,0.49499094643284,-0.01906643
38.21,11.3129671528277,-0.969021646328279,0.484950253373278,-0.01740505
38.22,11.1899700774462,-0.950008301599691,0.475089897224203,-0.01580403
38.23,11.044868667989,-0.932131712159271,0.465408160227428,-0.01426633
38.24,10.9568729716139,-0.917547913576605,0.455904088640106,-0.0127948
38.25,10.8239331884871,-0.905253808328621,0.446575947737588,-0.01139217
38.26,10.7286475371314,-0.89229988235396,0.437421664106742,-0.01006103
38.27,10.6109109726634,-0.885383898949245,0.428438941252123,-0.00880385
38.28,10.4969722348394,-0.874228038499984,0.419625408357276,-0.00762295
38.29,10.4168748901824,-0.855267115541771,0.410978719061509,-0.00652053
38.3,10.3530688933121,-0.830579535449446,0.402496601432122,-0.00549862
38.31,10.3024315708323,-0.814465057643605,0.394176690291921,-0.00455912
38.32,10.225784730585,-0.79817282493164,0.386016812619131,-0.00370376
38.33,10.1836603907079,-0.788738146666019,0.378014650925559,-0.00293413
38.34,10.1122096829693,-0.770284435663196,0.370168072582839,-0.00225166
38.35,9.99163835122557,-0.752736439267421,0.362474810712099,-0.00165761
38.36,9.87924758682667,-0.748356074973428,0.354932646040679,-0.00115308
38.37,9.78926612257184,-0.728661789605813,0.347539418815139,-0.00073899
38.38,9.73993316598889,-0.708815048613369,0.340292963872909,-0.00041613
38.39,9.63526074786792,-0.693614140077383,0.33319134811914,-0.00018509
38.4,9.51487558381572,-0.679939120868452,0.326232146357061,-0
38.41,9.42437964178295,-0.66775813278228,0.319413236086129,-0
38.42,9.38241551102066,-0.653687973905473,0.31273276631391,-0.00039426
38.43,9.31519078816016,-0.637210703492789,0.306189150299193,-0.00157084
38.44,9.27137243788673,-0.635616661307713,0.299780912847879,-0.00351118
38.45,9.17605037877487,-0.630078345544211,0.293506459759235,-0.00618467
38.46,9.16729860764761,-0.620673852432769,0.28736418068862,-0.00954915
38.47,9.10603832258716,-0.598254336830239,0.281352497808697,-0.01355157
38.48,9.0890018166001,-0.587748174985147,0.275469831477164,-0.0181288
38.49,9.07673035301657,-0.571784954408463,0.269714625956178,-0.02320866
38.5,9.07103798056034,-0.556864613236869,0.264085200183154,-0.02871104
38.51,9.01471283711002,-0.54237064471788,0.258579857279422,-0.03454915
38.52,8.97094527589238,-0.524858097638495,0.253196823148489,-0.04063093
38.53,8.90419479172347,-0.513445968005288,0.247934270672561,-0.04686047
38.54,8.87818361075743,-0.509762290568013,0.242790266318681,-0.05313953
38.55,8.85669796497796,-0.495965434456213,0.23776281988875,-0.05936907
38.56,8.81472785790657,-0.482505331043734,0.23284983352826,-0.06545085
38.57,8.71596184728786,-0.470159575635137,0.228049002794485,-0.07128896
38.58,8.66461970270347,-0.463874182736491,0.22335819972412,-0.07679134
38.59,8.63380518436361,-0.45172587411869,0.218775184901131,-0.0818712
38.6,8.56886209237924,-0.443038046491723,0.214297628366128,-0.08644843
38.61,8.51847981096913,-0.429021493193351,0.209922644071953,-0.09045085
38.62,8.44156261688032,-0.41592359772334,0.205647947632449,-0.09381533
38.63,8.3255182016211,-0.416258266116033,0.201470924044326,-0.09648882
38.64,8.31637708522014,-0.405619083750655,0.197388922303096,-0.09842916
38.65,8.28179083908575,-0.385813515231046,0.193399301945345,-0.09960574
38.66,8.18625634269995,-0.383826423485992,0.189499214155152,-0.09995241
38.67,8.21506027774122,-0.373840249370607,0.185686292596832,-0.1
38.68,8.19935319207739,-0.366614178284007,0.181958561372104,-0.09995241
38.69,8.15921273070931,-0.358240086353578,0.178313937928621,-0.09980973
38.7,8.14705159373984,-0.349133686353638,0.17475032343203,-0.09957224
38.71,8.16623682745209,-0.350430602417239,0.171265708372834,-0.09924039
38.72,8.12797667675367,-0.348998533197706,0.167858201804105,-0.0988148
38.73,8.13746156084303,-0.33681864936676,0.164525924564244,-0.09829629
38.74,8.06982281340069,-0.331247726586947,0.161267123779001,-0.09768585
38.75,8.04818109323798,-0.314957920283884,0.158080076216999,-0.09698463
38.76,8.03976265644114,-0.306598682125069,0.154963037656755,-0.09619398
38.77,8.05274646257956,-0.304550621198225,0.151914291672914,-0.09531539
38.78,7.99090967406235,-0.288935508762324,0.148932146032661,-0.09435054
38.79,8.03174512228756,-0.278161670763867,0.146014961478621,-0.09330127
38.8,8.0273041545179,-0.271517114903287,0.143161106636135,-0.09216957
38.81,8.02287937339929,-0.262872386950037,0.140368978412955,-0.0909576
38.82,8.00736579788368,-0.265198070312375,0.137637023465842,-0.08966767
38.83,8.01258557456137,-0.261939346094747,0.134963658023387,-0.08830222
38.84,7.96021546153433,-0.253313280476583,0.132347383505611,-0.08686387
38.85,7.9731642945479,-0.246722811750365,0.129786715402215,-0.08535534
38.86,7.968512615504,-0.24227510707081,0.127280198521674,-0.08377951
38.87,7.91687633500521,-0.242763965906812,0.12482640803209,-0.08213938
38.88,7.92615248574786,-0.238497391767399,0.122423949964105,-0.08043807
38.89,7.91788757896395,-0.233310384914756,0.120071461540967,-0.07867882
38.9,7.85475465537343,-0.231334046781544,0.117767611792445,-0.07686498
38.91,7.86860341061566,-0.217113179482034,0.115511101080983,-0.075
38.92,7.82925566450568,-0.218028745671981,0.113300661652296,-0.07308743
38.93,7.78720150310439,-0.21089243448794,0.111135057651013,-0.07113091
38.94,7.80262733452904,-0.201236993177774,0.10901308501041,-0.06913417
38.95,7.77445538367022,-0.202610380788793,0.106933571694552,-0.06710101
38.96,7.76255992300013,-0.20032873730466,0.104895377027005,-0.06503529
38.97,7.821901867466,-0.197583137919988,0.102897392987967,-0.06294095
38.98,7.80697015516392,-0.194554507004447,0.100938542241364,-0.06082198
38.99,7.83641645657265,-0.190852987772967,0.099017779405176,-0.05868241
39,7.82272908489901,-0.20155184485289,0.0971340901767311,-0.05652631
39.01,7.78278685714445,-0.197260419193071,0.0952865033370854,-0.05435779
39.02,7.81075878873145,-0.194623605962438,0.0934740384084574,-0.05218097
39.03,7.7833398985207,-0.191774527095352,0.0916957902533408,-0.05
39.04,7.738199048383,-0.186762367458039,0.0899508651134967,-0.04781903
39.05,7.75164139024105,-0.186999841873122,0.0882383998779049,-0.04564221
39.06,7.75319933087528,-0.178884254743947,0.0865575612140292,-0.04347369
39.07,7.72998725027289,-0.162381191311566,0.0849075443079171,-0.04131759
39.08,7.72160317517265,-0.157123368161693,0.0832875725326539,-0.03917802
39.09,7.6857738951016,-0.151781169581896,0.0816968967323594,-0.03705905
39.1,7.69585643582252,-0.152111635549359,0.0801347947259839,-0.03496471
39.11,7.662093235803,-0.144573607349766,0.0786005708557962,-0.03289899
39.12,7.7270126400913,-0.137678862091518,0.0770935553242864,-0.03086583
39.13,7.66933681820664,-0.134710661916855,0.0756131037665004,-0.02886909
39.14,7.67853804972263,-0.138626760831276,0.0741585960281489,-0.02691257
39.15,7.69247688239105,-0.143489537470092,0.0727294364584089,-0.025
39.16,7.69908764642437,-0.140778562047842,0.0713250525546663,-0.02313502
39.17,7.69068894471164,-0.134331959776357,0.0699448945676383,-0.02132118
39.18,7.75209152681776,-0.133847528497835,0.0685884345573782,-0.01956193
39.19,7.66741978935518,-0.138800931160542,0.0672551659611465,-0.01786062
39.2,7.68342526205258,-0.147728100262598,0.0659446028960342,-0.01622049
39.21,7.66922129527724,-0.135460615145689,0.0646562897329626,-0.01464466
39.22,7.66065691813859,-0.130840841714239,0.0633897593577802,-0.01313613
39.23,7.69693730837713,-0.12621794002525,0.0621445929096484,-0.01169778
39.24,7.65751447628587,-0.115999499861293,0.0609203800940361,-0.01033233
39.25,7.57095565139054,-0.119399346408134,0.0597167273958622,-0.0090424
39.26,7.5684405970312,-0.118423170244941,0.058533257558331,-0.00783043
39.27,7.56353903592025,-0.113748614241734,0.0573696231370265,-0.00669873
39.28,7.56797111358035,-0.119686596695131,0.0562254557301698,-0.00564946
39.29,7.6057495785874,-0.104038603751687,0.0551004291971623,-0.00468461
39.3,7.54910478486257,-0.100047615381416,0.0539975594104672,-0.00770719
39.31,7.57385176392158,-0.104347153585718,0.0529215713524666,-0.01471887
39.32,7.63955451763905,-0.0981611272453866,0.0518757106420993,-0.02572115
39.33,7.62479550315733,-0.0889553927466635,0.0508637282156796,-0.04071537
39.34,7.66045387058245,-0.0789844835589112,0.0498903017321076,-0.05970269
39.35,7.64990500513353,-0.0709218123478412,0.0489608212856052,-0.08268409
39.36,7.65102767166547,-0.0820249078647209,0.0480810214543193,-0.1096604
39.37,7.63157550679679,-0.0777824858393611,0.0472567211767138,-0.14063223
39.38,7.58134929820173,-0.0684544265855446,0.0464936380491999,-0.17555246
39.39,7.50349490850716,-0.0612563340066863,0.0457940259128907,-0.21066295
39.4,7.52939034935334,-0.0556048653330669,0.0451585676225002,-0.24616771
39.41,7.48525209574113,-0.0479772760298669,0.0445897204408519,-0.28245477
39.42,7.49954305754737,-0.0480488908455197,0.0440893362581828,-0.3195056
39.43,7.43988705728079,-0.0344174632469551,0.0436579962618748,-0.35728958
39.44,7.4425889521874,-0.0267957676793807,0.0432954843897472,-0.39576456
39.45,7.49144995084807,-0.0256484270846544,0.0430011636592546,-0.43487747
39.46,7.54978531451294,-0.0238067682775631,0.042774182466148,-0.47456519
39.47,7.54603752878742,-0.0248654148319233,0.0426135180420807,-0.51475554
39.48,7.53042215734061,-0.0112899782629838,0.0425179221674666,-0.55536841
39.49,7.47532836245235,-0.00104545531989781,0.0424857413509275,-0.59631702
39.5,7.45879715337661,0.00664244197281961,0.042513909466409,-0.63750929
39.51,7.42638738919839,0.00454946298392703,0.0425853371359015,-0.67884932
39.52,7.41305251435259,0.0105411168614897,0.0426742585003915,-0.72023887
39.53,7.37232193293527,0.0131668962279567,0.0427698919165953,-0.7615789
39.54,7.31650844106105,0.0238637657105473,0.0428682932765762,-0.80277117
39.55,7.33657162689739,0.0147507556423176,0.0429679073122869,-0.84371978
39.56,7.31136181506049,0.00741533961253185,0.0430679836592245,-0.88433265
39.57,7.30019595320978,0.000730501494430044,0.0431679630360639,-0.924523
39.58,7.24480163479562,0.0032703442333091,0.0432678126667234,-0.96421072
39.59,7.16909728010486,0.000194551775951645,0.0433672058848738,-1.00332363
39.6,7.08476368766672,-0.000341122190566586,0.0434659906192291,-1.04179861
39.61,7.0414409059126,0.000546509465526817,0.0435638068389687,-1.07958259
39.62,6.94313219537785,-0.00240502193492453,0.0436605072004794,-1.11663341
39.63,6.94456216174126,0.00990262577369336,0.0437559707946218,-1.15292048
39.64,6.89977964924272,0.00527297167833643,0.043850053545514,-1.18837028
39.65,6.9535814386907,0.0121756076882878,0.0439431467305011,-1.22353573
39.66,6.97257167152722,0.0156000330677139,0.0440360236554946,-1.25859127
39.67,6.99410944501687,0.0199569905933639,0.0441289286930653,-1.29353701
39.68,6.95839100695988,0.019620419316001,0.044222256468337,-1.32837333
39.69,6.94688230703665,0.019696781239713,0.0443160189486182,-1.36310082
39.7,6.92772546403542,0.0172622209242825,0.0444101996200699,-1.39772033
39.71,6.91353099719738,0.0243406477215881,0.044504788572628,-1.43223294
39.72,6.8064102415851,0.0167159260779475,0.0445997786598819,-1.46663996
39.73,6.76278496274894,0.0225666083224569,0.0446951642263755,-1.50094293
39.74,6.7120032119258,0.0202282746012539,0.0447909406794775,-1.53514363
39.75,6.71445580494673,0.020238979444969,0.0448871445213053,-1.56924407
39.76,6.69907272926283,0.0227578835171792,0.0449837139308992,-1.60324646
39.77,6.6499371736939,0.0112189014261413,0.0450806586605106,-1.63715323
39.78,6.62612223177261,0.00750849874146296,0.0451779820946586,-1.67096704
39.79,6.60577808454853,0.00594843635663311,0.0452756853309069,-1.70469074
39.8,6.56615503304009,0.00219711519020109,0.0453737691520788,-1.73832736
39.81,6.54789322722039,0.000910174330319068,0.0454722347264719,-1.77188016
39.82,6.50503338706769,0.00641255515033312,0.0455710838258807,-1.80535256
39.83,6.49016188582741,0.00532673404692778,0.0456703188529778,-1.83874815
39.84,6.45714612702637,0.0152728481911228,0.0457699428605922,-1.87207071
39.85,6.42672820263851,0.0224877347802497,0.0458699595611617,-1.90532417
39.86,6.40690808869821,0.0249941082499181,0.0459703732739743,-1.93851261
39.87,6.40721578757396,0.0225720854156521,0.0460711889060754,-1.97164025
39.88,6.41076782092962,0.0241906398727859,0.0461687450817861,-2.0008103
39.89,6.40538491676266,0.0239356356576157,0.0462584107928053,-2.02602722
39.9,6.34876606755129,0.0282977627856339,0.046338414988977,-2.04729562
39.91,6.34254569943572,0.0236796007775962,0.0464081295990228,-2.0646202
39.92,6.31397184289932,0.0196805200588395,0.0464673210760654,-2.07800575
39.93,6.31611157181886,0.0216134402194038,0.0465158884516527,-2.08745715
39.94,6.25302890665108,0.0124304191832849,0.0465537763727322,-2.09297936
39.95,6.20511577504459,0.00788627078465543,0.046576068861598,-2.08954921
39.96,6.2185463833827,-7.28568122961087e-05,0.0465767854104913,-2.07717177
39.97,6.25432019755784,-0.00866388364987548,0.0465573878588231,-2.05975331
39.98,6.27120701953317,-0.00790214938616466,0.0465218174627941,-2.03729895
39.99,6.30509252953537,-0.0153037553235964,0.0464713985005585,-2.00981385
40,6.40235900187097,-0.0247552750638714,0.0464065791777993,-1.97730315
40.01,6.43761228186141,-0.0156278080104925,0.0463274860697991,-1.93977201
40.02,6.45771964322359,-0.00833332171851415,0.0462341009905288,-1.89722555
40.03,6.47636060618793,-0.0133863494550767,0.0461264470296173,-1.84966889
40.04,6.52820843481574,-0.00917401265968322,0.0460091893554858,-1.80213524
40.05,6.56331108302684,-0.0155645137690745,0.0458885004040046,-1.75462962
40.06,6.60713447222153,-0.00815954802477977,0.0457663265003083,-1.70715699
40.07,6.57650430025311,-0.00253460818415653,0.0456434512690368,-1.65972222
40.08,6.5956937089102,-0.0039652870262903,0.0455201694017934,-1.6123301
40.09,6.65359434798015,-0.00727694935481189,0.0453965894167969,-1.56498534
40.1,6.6397867277117,-0.00145545230791176,0.0452727565049386,-1.51769253
40.11,6.68600697668662,-0.000577566658469852,0.0451485883683159,-1.47045616
40.12,6.72231188628697,0.00521553814694035,0.0450242061482935,-1.42328059
40.13,6.76315094404728,0.00156582919530303,0.0448996341658483,-1.37617003
40.14,6.8063686063394,0.00295411936128447,0.044774899999351,-1.32912858
40.15,6.93042997770458,0.00623958796134673,0.0446499880379259,-1.28216016
40.16,6.98785326521433,0.0104728804552204,0.0445249102875783,-1.23526854
40.17,7.11302189602501,0.00308736142982454,0.0443996717800579,-1.18845733
40.18,7.13924546308864,-0.00253506959126294,0.0442742805577076,-1.14172994
40.19,7.161169273626,-0.00785651922518115,0.0441487438821893,-1.09508962
40.2,7.24916786917474,-0.00554732301236695,0.0440230697289302,-1.04853941
40.21,7.32814551907672,-0.00122520280809954,0.0438972627505853,-1.00208218
40.22,7.32676559907439,-0.00672298564348043,0.0437713333433222,-0.95572055
40.23,7.35859516570115,-0.00414060835107367,0.043645244716779,-0.90945697
40.24,7.367238194891,-0.00913519880579033,0.0435160649271409,-0.86329366
40.25,7.43144383713241,-0.0070704689300529,0.04336897814476,-0.81723262
40.26,7.51142186245172,-0.00839374329948133,0.0431814642377857,-0.77127562
40.27,7.52849457644826,-0.0135886326443496,0.0429340295180405,-0.72542421
40.28,7.55893649487942,-0.025046782271508,0.0426145613620716,-0.67967971
40.29,7.60766876517533,-0.0288964356828019,0.0422179384938169,-0.63404319
40.3,7.62472814707226,-0.0383677760787692,0.0417439617781625,-0.58851549
40.31,7.65180426823864,-0.0452020216561188,0.0411952051209944,-0.54304227
40.32,7.63299986838856,-0.0583681699809875,0.0405756819622217,-0.49778875
40.33,7.61096398213284,-0.0612333075146889,0.0398900736661255,-0.45292949
40.34,7.58233361019386,-0.0667171058462982,0.0391430892020295,-0.40885254
40.35,7.49211133439712,-0.0724307925657245,0.0383393904138188,-0.36553936
40.36,7.46736785289082,-0.0902317381742395,0.0374830656416548,-0.32295932
40.37,7.49836839721673,-0.103784347313035,0.0365779521442785,-0.28107029
40.38,7.51694431626655,-0.10455817709918,0.0356276709329168,-0.23981918
40.39,7.50778579780576,-0.105573004484275,0.0346356003910136,-0.19914289
40.4,7.54060305794282,-0.112216367602331,0.0336048399243339,-0.15896923
40.41,7.56939656005425,-0.117001606287956,0.0325381869755515,-0.11921808
40.42,7.67725633033552,-0.113993847835754,0.0314381208359199,-0.07980267
40.43,7.6918682919555,-0.104060426422765,0.0303068276525619,-0.04063093
40.44,7.6588527964218,-0.105770524724423,0.0291845387713199,-0.04686047
40.45,7.68026988997644,-0.102142633562237,0.0280924021695881,-0.05313953
40.46,7.65835674562072,-0.10065815911433,0.0270143306491108,-0.05936907
40.47,7.66763839970632,-0.101853211723267,0.025956838920075,-0.06545085
40.48,7.65618576205963,-0.10537603243973,0.0249305045803217,-0.07128896
40.49,7.57697643818566,-0.112196741655685,0.0239434206091941,-0.07679134
40.5,7.57165509277808,-0.110011006608948,0.022999142351109,-0.0818712
40.51,7.58672540906875,-0.111575000911434,0.0220978220218007,-0.08644843
40.52,7.55909656784271,-0.106331274274732,0.0212376729073454,-0.09045085
40.53,7.60048918119306,-0.0992768079736658,0.0204160556473912,-0.09381533
40.54,7.5429283155199,-0.0987618250514608,0.0196300876733991,-0.09648882
40.55,7.49977684917492,-0.091190164287155,0.0188769780614554,-0.09842916
40.56,7.49645065933949,-0.0804970241164636,0.0181540600818724,-0.09960574
40.57,7.51494101757576,-0.0871802008539299,0.0174586983994724,-0.09995839
40.58,7.50985807263215,-0.0741008748134623,0.0167887925480637,-0.1
40.59,7.50136780186521,-0.0719752052425587,0.0161427427348822,-0.09995839
40.6,7.47235300380556,-0.063512527090436,0.0155189379870103,-0.09983363
40.61,7.45975503294679,-0.0543556122255267,0.0149158008989814,-0.09962593
40.62,7.47054669832202,-0.0557935342018354,0.014331930612487,-0.09933562
40.63,7.47882090779862,-0.0570168106141701,0.0137661629219474,-0.09896321
40.64,7.49098135277478,-0.0427937645623036,0.013217521581513,-0.0985093
40.65,7.494321103663,-0.0391865660261159,0.0126851176829014,-0.09797465
40.66,7.46632415056662,-0.0463445458769343,0.0121681246765823,-0.09736015
40.67,7.44753372748483,-0.0548235530363687,0.0116657570308941,-0.09666683
40.68,7.50014544431756,-0.0542953424901007,0.0111772614714626,-0.09589583
40.69,7.50832774276877,-0.0447192566199062,0.0107019146640722,-0.09504844
40.7,7.52750261478286,-0.047284031852844,0.0102390234415354,-0.09412608
40.71,7.47719129703199,-0.0516979938355032,0.00978792523266102,-0.09313027
40.72,7.47392863501937,-0.0480981873808511,0.00934798831557219,-0.09206268
40.73,7.51331714387876,-0.0434671749077983,0.00891861151335102,-0.09092507
40.74,7.52793551011123,-0.0437470873083323,0.00849922352590879,-0.08971935
40.75,7.55925357645814,-0.0426420498927233,0.00808928216015278,-0.08844753
40.76,7.52743227362287,-0.0463437656525537,0.00768827331596351,-0.08711171
40.77,7.47264839225086,-0.0425286087309872,0.00729571005841063,-0.08571412
40.78,7.49154982089691,-0.0395620641149191,0.00691113170394028,-0.08425709
40.79,7.47443528747751,-0.047707139196391,0.0065341029272351,-0.08274304
40.8,7.43164563000748,-0.0419028242109972,0.00616421279990389,-0.08117449
40.81,7.4275871367488,-0.0382286456729715,0.00580107397669277,-0.07955406
40.82,7.39949514440472,-0.0367271669725905,0.00544432184723495,-0.07788443
40.83,7.44637580656466,-0.0325743973327632,0.00509361366396135,-0.0761684
40.84,7.49417938664299,-0.0224222050746728,0.00474862778065074,-0.07440881
40.85,7.46854705197296,-0.0270108871916169,0.0044090628257888,-0.0726086
40.86,7.47054745185529,-0.0270342246999353,0.00407463693012776,-0.07077075
40.87,7.51503149237892,-0.029470638983912,0.00374508700975516,-0.06889834
40.88,7.53405596358894,-0.0263879904757912,0.00342016797204784,-0.06699447
40.89,7.5031586920181,-0.0261282379863846,0.00309965203487603,-0.06506231
40.9,7.48562540335592,-0.0321205942772786,0.00278332804040347,-0.06310508
40.91,7.51617167918009,-0.0406007509789557,0.00247100077056605,-0.06112605
40.92,7.55398626388177,-0.0353313401052983,0.00216249027260864,-0.05912849
40.93,7.57823074404384,-0.0287345656452857,0.00185763123547018,-0.05711574
40.94,7.52274204240616,-0.0238138704599625,0.00155627236998937,-0.05509115
40.95,7.5315274911084,-0.0328070947054917,0.00125827579972616,-0.05305808
40.96,7.50091052575991,-0.030707166584019,0.000963516473204907,-0.05101993
40.97,7.47815452872136,-0.0250150868044244,0.000671882993907802,-0.04898007
40.98,7.41443716199104,-0.0196239334122854,0.000383271535665707,-0.04694192
40.99,7.35269486022115,-0.0158071597180688,9.75935717048501e-05,-0.04490885
41,7.36825514290002,-0.0206717062010151,-0.000185215546476557,-0.04288426
41.01,7.35025558408724,-0.0272438048778694,-0.000465242077882247,-0.04087151
41.02,7.33903673769277,-0.0165135063004313,-0.000742539589672339,-0.03887395
41.03,7.34204091073816,-0.0229002210525062,-0.00101715708543261,-0.03689492
41.04,7.34466696663623,-0.0252584256284532,-0.0012891367180337,-0.03493769
41.05,7.40461083758493,-0.0349428619401024,-0.00155851281127615,-0.03300553
41.06,7.50067398815687,-0.0528584896823175,-0.00182531170361393,-0.03110166
41.07,7.47822942324278,-0.0542177260186351,-0.00208955209069598,-0.02922925
41.08,7.50930882257527,-0.0570372092814171,-0.00235124551235406,-0.0273914
41.09,7.47354799725465,-0.055718073937216,-0.00261039681025502,-0.02559119
41.1,7.53803920942584,-0.0456672308425856,-0.00286700462019718,-0.0238316
41.11,7.54837188498161,-0.0416814898454798,-0.00312106182370978,-0.02211557
41.12,7.54315090020418,-0.041998211415596,-0.00337255592980129,-0.02044594
41.13,7.50616722964099,-0.0229493310243378,-0.00362146945754717,-0.01882551
41.14,7.50778521775919,-0.0179118120826554,-0.00386778031439235,-0.01725696
41.15,7.53929945492624,-0.0115578125771011,-0.00411146215424583,-0.01574291
41.16,7.53569871881721,-0.0122665262607482,-0.00435248469832075,-0.01428588
41.17,7.49312052575173,-0.0069115431804917,-0.00459081411939763,-0.01288829
41.18,7.51774104046536,-0.00620929601264261,-0.00482641288303483,-0.01155247
41.19,7.46421773182146,0.00399729114118426,-0.00505924144816293,-0.01028065
41.2,7.43129398104097,0.0022740160627934,-0.00528925724402721,-0.00907493
41.21,7.43090558035465,0.00211814876772805,-0.00551641542632779,-0.00793732
41.22,7.37334444571234,0.013107968186199,-0.00574066915177451,-0.00686973
41.23,7.39919458433521,0.0123942441071048,-0.00596196991522518,-0.00587392
41.24,7.420870575334,-0.00201218297057414,-0.00618026783662565,-0.00495156
41.25,7.41911283555894,-0.00595162037648418,-0.00639551242637161,-0.00410417
41.26,7.44788191921514,-0.00688005512872287,-0.00660765140355273,-0.00333317
41.27,7.52502969981866,-0.0142396655759795,-0.00681663240846897,-0.00263985
41.28,7.50183129145097,-0.0196992217385113,-0.00702240281534096,-0.00202535
41.29,7.54723449216584,-0.0337363591015547,-0.00722490998013588,-0.0014907
41.3,7.56486932222906,-0.0419084585055531,-0.00742410147702974,-0.00103679
41.31,7.52436816342712,-0.036509362289191,-0.007619925351168,-0.00066438
41.32,7.516559165871,-0.0268396070826968,-0.00781233037571136,-0.00037407
41.33,7.46244407222777,-0.0245520331915143,-0.00800126625234903,-0.00016637
41.34,7.39250118486778,-0.0207649897757949,-0.00818672225559781,-0
41.35,7.40940878774021,-0.0146249045981686,-0.00836859030957049,-0
41.36,7.40726366874427,-0.007270664859739,-0.00854648452047902,-0.00039426
41.37,7.41220581682852,0.00755648197847291,-0.00871962484252348,-0.00157084
41.38,7.45992642302922,0.0103822485544755,-0.0088871762877395,-0.00351118
41.39,7.51116014173858,-0.00152320451326358,-0.00904843443046038,-0.00618467
41.4,7.59322065394622,0.000330351612906241,-0.00920259798053363,-0.00954915
41.41,7.61455045751889,-0.0048577718071918,-0.00934877491412403,-0.01355157
41.42,7.58619359992126,-0.00344168046149107,-0.00948606114816567,-0.0181288
41.43,7.53781313890568,-0.00944643938874832,-0.00961362447953496,-0.02320866
41.44,7.49801186012462,-0.0156366801564969,-0.00973076146930167,-0.02871104
41.45,7.46460211349514,-0.0125315240886319,-0.00983693123576879,-0.03454915
41.46,7.42363415016528,-0.00984324838957935,-0.00993181006950972,-0.04063093
41.47,7.39423723846767,-0.00789846800530215,-0.0100152128606401,-0.04686047
41.48,7.3445011222068,-0.00637592381354441,-0.0100872487292224,-0.05313953
41.49,7.34715701267547,-0.013614715640695,-0.0101481500914152,-0.05936907
41.5,7.39562825473332,-0.00998632546323424,-0.0101983677969844,-0.06545085
41.51,7.39085706262023,-0.00859804804026006,-0.0102385798813374,-0.07128896
41.52,7.36551136034722,-0.0139459146531531,-0.010269709569164,-0.07679134
41.53,7.32849469758468,-0.00619923067293297,-0.0102926596654469,-0.0818712
41.54,7.29896512745586,-0.0173631742467503,-0.0103086393289973,-0.08644843
41.55,7.33680113286654,-0.0121053279487888,-0.0103189486713126,-0.09045085
41.56,7.32784850639207,-0.00426116708954904,-0.0103249666989627,-0.09381533
41.57,7.34788962078244,-0.00572223575322361,-0.0103280898089803,-0.09648882
41.58,7.39752857923419,-0.000920926331353794,-0.0103296638167073,-0.09842916
41.59,7.43791034211049,-0.00305553034129764,-0.0103309119034557,-0.09960574
41.6,7.47569779062222,-0.0103169364911818,-0.0103329407753073,-0.09994504
41.61,7.48805016201297,-0.00644554997319968,-0.010336217540712,-0.1
41.62,7.44188195704882,-0.0029015854952457,-0.0103406787537197,-0.09994504
41.63,7.46986733900702,-0.00948522015117557,-0.01034641963491,-0.0997803
41.64,7.45918437081413,-0.00684108856558457,-0.0103536564015418,-0.09950613
41.65,7.42138317994332,-0.0199308146186873,-0.0103625731649968,-0.09912313
41.66,7.37557492636445,-0.0159775046437355,-0.0103733282212385,-0.09863215
41.67,7.35147277343391,-0.0132096432365388,-0.0103860569038005,-0.09803426
41.68,7.37212400610887,-0.014769028776217,-0.0104008754778812,-0.09733078
41.69,7.40085645534764,-0.0179249069970077,-0.0104178950200133,-0.09652326
41.7,7.39994374638354,-0.0111167670166225,-0.010437224150529,-0.09561348
41.71,7.3952869649943,-0.0122879379322268,-0.0104589554035206,-0.09460342
41.72,7.40263505225797,-0.00698494842380044,-0.0104831884389029,-0.09349532
41.73,7.44682806358825,0.00058554386442022,-0.0105100064338169,-0.0922916
41.74,7.53728068152873,-0.0047681048267375,-0.0105394889746428,-0.09099492
41.75,7.54578061180336,-0.0119139799435991,-0.0105717034482032,-0.08960812
41.76,7.55309175197407,-0.00305286287693326,-0.0106066999654968,-0.08813426
41.77,7.58345990859718,0.000322851485378051,-0.0106445422682779,-0.08657657
41.78,7.52297407278472,-0.00431545071628908,-0.0106852692514992,-0.08493847
41.79,7.54489790384075,-0.00108491915605751,-0.0107289135294369,-0.08322357
41.8,7.53561108848887,-0.00872533721738724,-0.0107755138371008,-0.08143564
41.81,7.44939500480143,-0.00616213749700827,-0.0108250725448698,-0.07957861
41.82,7.47002168304455,-0.00252093429053457,-0.0108776147481155,-0.07765656
41.83,7.49678405676872,-0.00749266007054141,-0.0109331223004831,-0.07567371
41.84,7.46815315329258,-0.00950178163432586,-0.010991597174607,-0.07363443
41.85,7.49526500352816,-0.0078670679579656,-0.0110530123968709,-0.07154319
41.86,7.45674216102482,-0.0163903271060759,-0.0111173476890994,-0.06940459
41.87,7.44035687003404,-0.0184422478499097,-0.0111845662484279,-0.06722334
41.88,7.45383088312939,-0.0165369132239186,-0.0112546247176694,-0.06500423
41.89,7.43324245135725,-0.0110451211338784,-0.0113274730080839,-0.06275214
41.9,7.39822176724843,-0.0200886553630849,-0.0114030541203085,-0.06047201
41.91,7.42137292579901,-0.0238016429464862,-0.0114813041086642,-0.05816887
41.92,7.41529776375237,-0.0163049441108238,-0.0115621521910055,-0.05584777
41.93,7.47196111966485,-0.0133271868490039,-0.0116455209459977,-0.05351381
41.94,7.49609261363699,-0.00794925270699584,-0.0117313265087416,-0.05117213
41.95,7.50171745657952,-0.0118412979166708,-0.0118194788292384,-0.04882787
41.96,7.45026483044014,-0.010272170058526,-0.0119098819315767,-0.04648619
41.97,7.47608549646855,-0.00437115058315234,-0.0120024341645052,-0.04415223
41.98,7.40774439727003,-0.00824096251247393,-0.012097028475195,-0.04183113
41.99,7.40894071680969,-0.014071367000317,-0.0121935528003479,-0.03952799
42,7.39549906075675,-0.00543482972555949,-0.0122918899474533,-0.03724786
42.01,7.42067178875752,-0.00654740753900231,-0.0123919182914642,-0.03499577
42.02,7.4166268123292,-0.00617711645973448,-0.0124935118966138,-0.03277666
42.03,7.46122789513105,-0.00850558986893814,-0.0125965408613773,-0.03059541
42.04,7.43520045930009,-0.012669792396958,-0.0127008715771006,-0.02845681
42.05,7.49653620909166,-0.00571741727116103,-0.0128063670418093,-0.02636557
42.06,7.51667167011841,-0.0110586202188397,-0.0129128871714099,-0.02432629
42.07,7.48462475626175,-0.0203248527018532,-0.0130202891327308,-0.02234344
42.08,7.4655411703601,-0.0251519590328566,-0.0131284276425706,-0.02042139
42.09,7.44984628028705,-0.0255256061105722,-0.0132265036614014,-0.03002318
42.1,7.38348555797438,-0.0201415971595238,-0.0132988028978331,-0.05115288
42.11,7.36531149954059,-0.0153345753263943,-0.0133346775465338,-0.08381444
42.12,7.32608254427237,-0.0142844605149971,-0.0133214691193089,-0.12801162
42.13,7.29586273635097,-0.00418926933033868,-0.0132445622567799,-0.18374803
42.14,7.25724630498938,0.0113403223627226,-0.0131028104930896,-0.25102707
42.15,7.14456429023657,0.0148232878867334,-0.0129146514001083,-0.32985201
42.16,7.12041116029131,0.0270148058367115,-0.0126887207463163,-0.42022588
42.17,7.07271369707891,0.0274868336109872,-0.0124279940632883,-0.52215153
42.18,7.01318035267205,0.0254212582188621,-0.0121438990913112,-0.6241728
42.19,6.9137663869081,0.0294060039272574,-0.0118503960420159,-0.72629212
42.2,6.79087684343666,0.0404089457816987,-0.0115525823155198,-0.8285117
42.21,6.69933033929117,0.0282957273614387,-0.0112523082782294,-0.93083355
42.22,6.62251613326951,0.0348209440883772,-0.0109502453674343,-1.03325945
42.23,6.45222882726859,0.0212417294276401,-0.0106466335203278,-1.13579093
42.24,6.34491676513251,0.023325136047067,-0.0103415580545332,-1.23842932
42.25,6.24154125571501,0.0331819127655412,-0.0100350486075286,-1.34117569
42.26,6.18540044097372,0.0285108445092947,-0.00972711499591961,-1.44403089
42.27,6.10193879901042,0.0219222503210722,-0.00941781017442821,-1.54694056
42.28,6.03377429089632,0.0251342716838644,-0.00910705138042231,-1.65006993
42.29,5.94412216932205,0.0294683238581001,-0.00879450642967265,-1.75359357
42.3,5.86980597399287,0.0441165627256906,-0.00847954891582603,-1.85789951
42.31,5.78636623751839,0.046927189911967,-0.00816162780129941,-1.96296922
42.32,5.69718048686826,0.0438520534013498,-0.00784058064704426,-2.06877208
42.33,5.56650660810456,0.0467080470072573,-0.00751640971058651,-2.17526593
42.34,5.49888569608745,0.0556947428017852,-0.00718919725155112,-2.28239772
42.35,5.50700715539069,0.0967480536165994,-0.00685907355861399,-2.39010433
42.36,5.70236999430178,0.154076452374805,-0.00652620380146097,-2.49831356
42.37,6.03858416408888,0.238342515507534,0,-2.6069453
42.38,6.55600203487004,0.33462477769704,0.00145138636715786,-2.71591279
42.39,7.18286284643855,0.456061932176176,0.0048443915981803,-2.82512394
42.4,7.96228096185522,0.583246615401875,0.0101845462206742,-2.93448285
42.41,8.81568050260273,0.714374994380429,0.0171715172294554,-3.04389127
42.42,9.74233551221165,0.830601310301326,0.0254973481241628,-3.15325018
42.43,10.6387284801298,0.945386990377541,0.0349265538815406,-3.26246134
42.44,11.5349874264876,1.04308204492963,0.045308728632701,-3.37142883
42.45,12.3823134840028,1.13004649878095,0.0565483423922244,-3.48006057
42.46,13.1605034995733,1.20363276810728,0.0685843618962924,-3.5882698
42.47,13.837727617719,1.26758890763144,0.0813696259412899,-3.6959764
42.48,14.420112408601,1.31656250948567,0.0947779495868886,-3.80310819
42.49,14.8523183640214,1.34542966499593,0.108538211456317,-3.90960205
42.5,15.1675075746475,1.35088168401359,0.122408671304956,-4.01540491
42.51,15.4231899725933,1.35420034845305,0.136248055002463,-4.12047461
42.52,15.5480887129069,1.3467965365436,0.149992642316599,-4.22478056
42.53,15.5861291853374,1.33853755595494,0.163623538296133,-4.32824924
42.54,15.6303907893533,1.33509989284257,0.177141350041535,-4.43143357
42.55,15.7125136655338,1.31996185179098,0.190551843731317,-4.53450798
42.56,15.8140615068753,1.32315859270473,0.203860468284995,-4.63747261
42.57,15.8713301803535,1.31819240135418,0.217070825056938,-4.7403278
42.58,15.891077233451,1.30601566166313,0.230185030351783,-4.84307418
42.59,15.9539670450699,1.29800396294745,0.243204383604439,-4.94571257
42.6,16.0606900555566,1.29311234977609,0.256129858391195,-5.04824405
42.61,16.1316522670733,1.26903140558902,0.268957751439718,-5.13921113
42.62,16.2291399258403,1.26988871379087,0.281679917191172,-5.21861534
42.63,16.228105252198,1.2496694460066,0.294290074841888,-5.28645847
42.64,16.3584568792025,1.23086237423044,0.306782696537881,-5.34274251
42.65,16.5246640190979,1.21789635566862,0.319152297394182,-5.38746968
42.66,16.657773553981,1.20428257629062,0.331384795282992,-5.40009557
42.67,16.7690042656863,1.17918128456726,0.343457481120735,-5.38062283
42.68,16.9070109826866,1.17508428301199,0.355351049320606,-5.32905431
42.69,17.0043259747635,1.1492722413385,0.367047334705497,-5.24539305
42.7,17.1990444289875,1.1289737322839,0.378532879941375,-5.14110112
42.71,17.340594953742,1.10313975964046,0.389798280500083,-5.01618194
42.72,17.5053971310485,1.0755863074322,0.400831474809612,-4.87063911
42.73,17.6244280359909,1.05657656966078,0.411619269500941,-4.7044764
42.74,17.7870655107547,1.03154864794474,0.422147765146462,-4.51769773
42.75,17.9719127107303,1.00640957246908,0.432412558506693,-4.33085405
42.76,18.1464204049063,0.975400256923444,0.442417589809263,-4.14394957
42.77,18.3029818836796,0.953397354342901,0.45216240327534,-3.95698866
42.78,18.4780179579456,0.938624212772408,0.461645479585496,-3.76997579
42.79,18.6162845719484,0.914879150907772,0.470865192391242,-3.58291556
42.8,18.7673766839396,0.87946914721714,0.479820293806761,-3.39581268
42.81,18.9112449929525,0.859226114258818,0.48850988643047,-3.20867194
42.82,19.0701995805081,0.827205123849191,0.496933250747885,-3.02149822
42.83,19.2324628794183,0.80143531994341,0.505089747925365,-2.83429646
42.84,19.4224396406875,0.769901940524691,0.512978722007839,-2.64707169
42.85,19.5603172591887,0.745538593793048,0.520599450813498,-2.45982896
42.86,19.7036419499985,0.716859667892975,0.527950996564592,-2.27257337
42.87,19.8845276515422,0.698625379067652,0.53503273073312,-2.08531006
42.88,20.0378628299045,0.667901748759564,0.541843745904598,-1.89804417
42.89,20.1459949691104,0.638248796563414,0.548383083623083,-1.71078086
42.9,20.3302069556045,0.619806634638292,0.554649793046147,-1.52352527
42.91,20.3846092262752,0.597498912816599,0.560642859893475,-1.33628254
42.92,20.4967885752088,0.560151488750027,0.566361240767869,-1.14905777
42.93,20.5759441400627,0.534141158291763,0.571803781306178,-0.96185601
42.94,20.6960241632788,0.501283165182439,0.576969314422637,-0.77468229
42.95,20.8022033046245,0.470990712526992,0.581869984587297,-0.6080884
42.96,20.9263572893657,0.446218788187006,0.586528042013212,-0.46207921
42.97,20.9183968947051,0.422880335236458,0.590959927188619,-0.33665953
42.98,21.0472556716885,0.398358330800061,0.595182244231568,-0.23183405
42.99,21.101584416999,0.380150947119827,0.599214400655791,-0.14760738
43,21.1379955811539,0.360677360553958,0.603078598030671,-0.08398399
43.01,20.8210949667874,0.273802188720149,0.606799202973409,-0.04096824
43.02,20.0988099887433,0.108256336987066,0.610401880431936,-0.01856436
43.03,19.0973094985649,-0.0947729337709917,0.613912994044289,-0.01677643
43.04,17.9547583766141,-0.319170305835202,0.615185477382563,-0.01506153
43.05,16.6461046124201,-0.536032906291721,0.609876633568722,-0.01342343
43.06,15.3276307848052,-0.744588667501146,0.600751592650134,-0.01186574
43.07,13.9673835452839,-0.966156497631719,0.589841998817643,-0.01039188
43.08,12.9755707940421,-1.09032104228085,0.578292487337314,-0.00900508
43.09,12.4000588666845,-1.13023009741821,0.566691679873186,-0.0077084
43.1,12.0495531741136,-1.12390116974547,0.555288732334097,-0.00650468
43.11,11.871499906806,-1.11045915155835,0.544152263363323,-0.00539658
43.12,11.8147689984822,-1.09442088291173,0.533273094143593,-0.00438652
43.13,11.7368881360737,-1.07074110618161,0.522623024684973,-0.00347674
43.14,11.6687446208963,-1.03880523015118,0.512177421522262,-0.00266922
43.15,11.5526621146781,-1.02097177180352,0.5019222093643,-0.00196574
43.16,11.4231061610869,-1.00632386579741,0.491851186594486,-0.00136785
43.17,11.2703309795656,-1.00072161170989,0.481961779338243,-0.00087687
43.18,11.1132712076624,-0.974291685266393,0.472252413615708,-0.00049387
43.19,10.9380662325848,-0.957274176337458,0.462721962306028,-0.0002197
43.2,10.8296579372869,-0.944827436151748,0.453368682217718,-0
43.21,10.7257489966181,-0.931984705535394,0.44419049844158,-0
43.22,10.6676683277263,-0.910262431187925,0.435185316383963,-0.00039426
43.23,10.5503915941195,-0.896541336107872,0.426351222974181,-0.00157084
43.24,10.4729268969311,-0.879083715710831,0.417686457541706,-0.00351118
43.25,10.4169246300613,-0.862223169641639,0.409189226358258,-0.00618467
43.26,10.3488055226392,-0.837898329006023,0.400857627690624,-0.00954915
43.27,10.2544945013445,-0.817086555619693,0.392689812139458,-0.01355157
43.28,10.1767606108457,-0.792267455266412,0.384683893499562,-0.0181288
43.29,10.0060232556025,-0.777358873183014,0.376838063789199,-0.02320866
43.3,9.89697667102995,-0.757880825150822,0.369150424123592,-0.02871104
43.31,9.79625985573885,-0.735638712586262,0.361619009763785,-0.03454915
43.32,9.69723565495753,-0.721063446557483,0.354241824934671,-0.04063093
43.33,9.60096675079817,-0.704553159722829,0.347016808591079,-0.04686047
43.34,9.5349713643812,-0.688091203075772,0.339942070243545,-0.05313953
43.35,9.48927485359603,-0.674569616467348,0.333015111187884,-0.05936907
43.36,9.44981635761711,-0.660445711011122,0.326233674464415,-0.06545085
43.37,9.43431314569894,-0.645156836154648,0.31959545922358,-0.07128896
43.38,9.39227302647919,-0.627095421905449,0.31309806403596,-0.07679134
43.39,9.34888452953698,-0.614002666294583,0.306739003969023,-0.0818712
43.4,9.30783940995411,-0.605679287149858,0.300515722874592,-0.08644843
43.41,9.23524067663194,-0.589201453457135,0.29442559963543,-0.09045085
43.42,9.13112262906082,-0.572538548161952,0.28846596912224,-0.09381533
43.43,9.06262898311311,-0.567456870319067,0.282634137473295,-0.09648882
43.44,8.99461340645069,-0.552070706521933,0.276927314449143,-0.09842916
43.45,8.9923601859386,-0.543185517114445,0.271342706910559,-0.09960574
43.46,8.91565088287757,-0.535016158726456,0.265877468798349,-0.09994818
43.47,8.857893692923,-0.51986685841018,0.260529046777676,-0.1
43.48,8.82946257134981,-0.523017039267361,0.255295293725319,-0.09994818
43.49,8.78516380909535,-0.522838969876949,0.250173960141131,-0.09979284
43.5,8.75476727127351,-0.508968068115449,0.245162774980853,-0.0995343
43.51,8.71892248641842,-0.501997991450429,0.240259499441376,-0.09917309
43.52,8.6236604629396,-0.50136410198743,0.235461859502184,-0.09870995
43.53,8.58162093403317,-0.487473515125612,0.230767820987007,-0.09814586
43.54,8.52791832692088,-0.47910540447813,0.226175549194099,-0.09748198
43.55,8.44754334667434,-0.456331088759203,0.221682549297689,-0.09671969
43.56,8.44076983866835,-0.433297889880161,0.21728705393511,-0.09586057
43.57,8.41795866027989,-0.425945978947597,0.212987029199184,-0.09490639
43.58,8.39384767058432,-0.409980528755266,0.208780475683393,-0.09385913
43.59,8.37363936261094,-0.38858477610523,0.204665461954355,-0.09272097
43.6,8.32800461988023,-0.380765208884718,0.200639904998124,-0.09149426
43.61,8.30750185528818,-0.370566157961392,0.19670189959097,-0.09018156
43.62,8.31054511951681,-0.368558648688739,0.19284954103021,-0.08878556
43.63,8.27674475746881,-0.365269435012309,0.189080917688588,-0.08730918
43.64,8.25110275574079,-0.362188290244679,0.185394144345205,-0.08575548
43.65,8.17475875512512,-0.356485551281741,0.181787390511614,-0.08412766
43.66,8.1320838151896,-0.349402126271973,0.178258858173801,-0.0824291
43.67,8.1607738229574,-0.334811117471605,0.174806690661325,-0.08066334
43.68,8.12145231045074,-0.322405706542785,0.171429146122649,-0.07883402
43.69,8.11167560197667,-0.317029699727161,0.168124505035296,-0.07694493
43.7,8.12594011019576,-0.310960888700089,0.164891003882601,-0.075
43.71,8.09516653928887,-0.29881627238098,0.161726979411855,-0.07300325
43.72,8.08649469457833,-0.296959936276989,0.158630800535495,-0.07095883
43.73,8.09084275370182,-0.292231055202379,0.1556008112085,-0.06887096
43.74,8.04381860953552,-0.301137318879833,0.152635386272981,-0.06674398
43.75,8.04814839801333,-0.305629237439726,0.149732984140232,-0.0645823
43.76,8.04292408787203,-0.290709172669754,0.146892087325171,-0.06239039
43.77,8.0108824887096,-0.279158812147539,0.144111164897396,-0.0601728
43.78,7.92817430238212,-0.274234652730489,0.141388736362471,-0.05793413
43.79,7.97694216312635,-0.26680631151621,0.13872337004067,-0.05567901
43.8,7.95848174291651,-0.253996355054672,0.136113656443073,-0.05341212
43.81,7.96867375261703,-0.233916219848541,0.133558217592253,-0.05113816
43.82,7.96080072497686,-0.219839476600722,0.131055707665994,-0.04886184
43.83,7.94229357664175,-0.220580043155757,0.128604813331082,-0.04658788
43.84,7.87678310619275,-0.222530573795577,0.126204253773852,-0.04432099
43.85,7.95945543522639,-0.219120758951809,0.123852781066015,-0.04206587
43.86,7.93941052980032,-0.214142196982437,0.121549179567858,-0.0398272
43.87,7.89568169228213,-0.214621541486704,0.119292265984878,-0.03760961
43.88,7.85946017988103,-0.212875941463261,0.117080889266445,-0.0354177
43.89,7.84027060455383,-0.214948689064378,0.114913930227324,-0.03325602
43.9,7.81552613618084,-0.213327809645891,0.112790301484331,-0.03112904
43.91,7.81637963137081,-0.201587298796321,0.110708946586116,-0.02904117
43.92,7.79816177140959,-0.187073871653598,0.108668840811863,-0.02699675
43.93,7.77664817810516,-0.179899206982027,0.106668989901706,-0.025
43.94,7.80639907422015,-0.173105843946982,0.104708429547861,-0.02305507
43.95,7.81178978398517,-0.170288958317221,0.102786232395186,-0.02116598
43.96,7.81356335956978,-0.166250183838302,0.100901482376918,-0.01933666
43.97,7.82907422876985,-0.153925264156871,0.0990533013147263,-0.0175709
43.98,7.84132804098931,-0.162099057814272,0.0972408479657907,-0.01587234
43.99,7.84721017026828,-0.161619348594939,0.0954633006435774,-0.01424452
44,7.77915024596085,-0.161525993617484,0.093719865828469,-0.01269082
44.01,7.75493994469641,-0.166686676999958,0.0920097766068726,-0.01121444
44.02,7.75266947300942,-0.15908136601455,0.0903322916728398,-0.00981844
44.03,7.72519340048985,-0.154256867801509,0.0886866946582639,-0.00850574
44.04,7.71188701496716,-0.156573333563939,0.0870722997081426,-0.00727903
44.05,7.68887287469469,-0.149807600695422,0.085488425195678,-0.00614087
44.06,7.67095692724446,-0.153782955220915,0.0839344315034292,-0.00509361
44.07,7.70812888551408,-0.147158673623578,0.0824096948658074,-0.00413943
44.08,7.70571236293075,-0.137854162850904,0.0809136123840658,-0.00328031
44.09,7.706985335459,-0.152096898720724,0.0794456020881376,-0.00251802
44.1,7.72581275645249,-0.151549666156432,0.0780051016961181,-0.00185414
44.11,7.72179322406473,-0.14929335059886,0.0765915678669658,-0.00129005
44.12,7.71542740871037,-0.143660240408483,0.0752044755053669,-0.00082691
44.13,7.70840881595052,-0.137329966983845,0.0738433169131123,-0.0004657
44.14,7.72721809484533,-0.135666763194776,0.0725076012325431,-0.00020716
44.15,7.7273934789988,-0.131462888247136,0.0711968222369401,-0
44.16,7.69562533427392,-0.119176764053369,0.0699105583068868,-0
44.17,7.6889511236805,-0.114709212248089,0.0686486822602295,-0.00039426
44.18,7.65460374578064,-0.110252346514797,0.0674114409007608,-0.00157084
44.19,7.65223467282627,-0.105835362353615,0.0661991350807728,-0.00351118
44.2,7.61796416983391,-0.104118566981591,0.0650119799081708,-0.00618467
44.21,7.60558746096662,-0.111986881647338,0.0638502673469683,-0.00954915
44.22,7.57782427352202,-0.121287332651866,0.0627143570989985,-0.01355157
44.23,7.60267081954301,-0.112411072534286,0.0616046497011959,-0.0181288
44.24,7.62458280301214,-0.108643571214177,0.0605215019531332,-0.02320866
44.25,7.63207711964357,-0.115750905848615,0.0594651735843254,-0.02871104
44.26,7.6558818483477,-0.114654118712481,0.0584357834023521,-0.03454915
44.27,7.67466234548536,-0.107617515035998,0.0574333329671154,-0.04063093
44.28,7.64276904891265,-0.0952236602648234,0.0564576582354587,-0.04686047
44.29,7.64395350174937,-0.0844782375041422,0.0555084397026434,-0.05313953
44.3,7.63360395834369,-0.0789066227965105,0.0545852015883753,-0.05936907
44.31,7.61584276672437,-0.0693470233247854,0.0536873131048959,-0.06545085
44.32,7.59708397025127,-0.0568070243385957,0.0528139918477369,-0.07128896
44.33,7.53368295390994,-0.0549724980151028,0.0519643121419054,-0.07679134
44.34,7.52437583655659,-0.0592799691870794,0.051137203941638,-0.0818712
44.35,7.51175614630284,-0.0620096871285247,0.050331474257032,-0.08644843
44.36,7.50199540531863,-0.0635892736216431,0.0495458163136195,-0.09045085
44.37,7.49928991661856,-0.0668991685145572,0.0487788240709853,-0.09381533
44.38,7.52930574333962,-0.0739396362958539,0.048029010331402,-0.09648882
44.39,7.56623053646882,-0.0721965544578717,0.0472948258006523,-0.09842916
44.4,7.60386170629366,-0.0734957790062106,0.0465746788372796,-0.09960574
44.41,7.61688869875126,-0.0715169502294515,0.0458669192587532,-0.09995614
44.42,7.61566795235385,-0.0624575691509522,0.0451703460337171,-0.1
44.43,7.63665773716581,-0.0592013988009954,0.0444842094352047,-0.09995614
44.44,7.64435423506866,-0.0627296306544209,0.0438076634568673,-0.09982464
44.45,7.59026591409603,-0.0660934659255841,0.0431398933222094,-0.09960574
44.46,7.52869094552059,-0.071222923830185,0.0424802719657818,-0.0992998
44.47,7.58685367230873,-0.0704961362217567,0.0418283667167227,-0.09890738
44.48,7.59918180460564,-0.0594235965509235,0.0411838769113221,-0.09842916
44.49,7.60103727584863,-0.066204576649381,0.0405465729632509,-0.09786597
44.5,7.55957802559252,-0.071115142467464,0.0399162573396531,-0.09721882
44.51,7.54833315577535,-0.0686324514862546,0.0392927430250572,-0.09648882
44.52,7.56315784552101,-0.0600643374788204,0.0386758458271406,-0.09567727
44.53,7.63496208417137,-0.0520620527876573,0.038065383202975,-0.09478559
44.54,7.56964204821682,-0.052443583263211,0.0374611754593536,-0.09381533
44.55,7.55043518108264,-0.0587434848167593,0.0368630473712863,-0.09276821
44.56,7.5702613245723,-0.0543549071349145,0.0362708281966952,-0.09164606
44.57,7.60234325558388,-0.0472821034603299,0.0356843558582366,-0.09045085
44.58,7.58317015557682,-0.0530462942074108,0.0351034745341574,-0.08918467
44.59,7.59918154171153,-0.0560634635407309,0.0345280339874938,-0.08784975
44.6,7.59603822529542,-0.0663495249904103,0.0339578914095743,-0.08644843
44.61,7.57539639319038,-0.0605334032348229,0.0333929110074201,-0.08498317
44.62,7.57956335061184,-0.0679239225575609,0.0328329637585408,-0.08345653
44.63,7.58254289872407,-0.0693231107298758,0.032277927378233,-0.0818712
44.64,7.58321780834626,-0.0714552202684684,0.0317276862506229,-0.08022996
44.65,7.58550148310522,-0.066829296795719,0.0311821314230347,-0.07853568
44.66,7.58910185580989,-0.0601717511151247,0.0306411605805769,-0.07679134
44.67,7.55205196162247,-0.0566898824602036,0.030104667199278,-0.075
44.68,7.56785523415325,-0.0510622691807142,0.0295725627286973,-0.0731648
44.69,7.54549914188988,-0.0451967586272552,0.0290447802384067,-0.07128896
44.7,7.5345711035352,-0.0509667068150184,0.0285212376982585,-0.06937578
44.71,7.51692567983699,-0.0475397828372534,0.0280018623974787,-0.0674286
44.72,7.51292016218872,-0.0413584709739888,0.0274865914911645,-0.06545085
44.73,7.45256387947968,-0.0392843073281978,0.026975369206132,-0.06344599
44.74,7.42205733061347,-0.0310207089021978,0.0264681456242369,-0.06141754
44.75,7.43112635060713,-0.0366690711181549,0.0259648763009029,-0.05936907
44.76,7.4019901252221,-0.0348444642536831,0.0254655222466829,-0.05730415
44.77,7.37276692073523,-0.0311698074092698,0.0249700499855593,-0.05522642
44.78,7.41129009751672,-0.0329197306658912,0.0244784315545724,-0.05313953
44.79,7.42866481536934,-0.0466174624126665,0.0239906444483119,-0.05104712
44.8,7.41392391476799,-0.0505787291738925,0.0235066715168446,-0.04895288
44.81,7.46122803726596,-0.0555614521162436,0.0230265008493007,-0.04686047
44.82,7.4572252110221,-0.0483805089041583,0.0225501256131249,-0.04477358
44.83,7.51132886455564,-0.0459395817133812,0.0220775443243477,-0.04269585
44.84,7.51048863595625,-0.0425044530788119,0.0216087589603529,-0.04063093
44.85,7.50459991192352,-0.0362967147594412,0.0211437773593382,-0.03858246
44.86,7.52641708723221,-0.026480578241277,0.0206826113444435,-0.03655401
44.87,7.59388210521049,-0.0295627606865733,0.0202252769375834,-0.03454915
44.88,7.58986972136697,-0.0285105159331507,0.0197717942089454,-0.0325714
44.89,7.60684876962571,-0.0330146793032273,0.0193221870760115,-0.03062422
44.9,7.56233030225518,-0.0371165450899808,0.0188764831070471,-0.02871104
44.91,7.56129475004405,-0.0395174610529155,0.0184347133240343,-0.0268352
44.92,7.51327806949285,-0.048625015504221,0.0179969120039286,-0.025
44.93,7.51928909452411,-0.0521770209262815,0.0175631164944413,-0.02320866
44.94,7.49850129495535,-0.0504434454990265,0.0171333684894767,-0.02146432
44.95,7.50596678726963,-0.048728031931298,0.0167077093487389,-0.01977004
44.96,7.48442040440093,-0.0620196498674852,0.016286184329249,-0.0181288
44.97,7.50443505718926,-0.0641474355069335,0.0158688408618165,-0.01654347
44.98,7.54924248961799,-0.0563399995017038,0.0154557283635345,-0.01501683
44.99,7.54036834835993,-0.0554330624011611,0.0150468980636646,-0.01355157
45,7.50768676338556,-0.0587817005157327,0.014642402722189,-0.01215025
45.01,7.51201921346305,-0.0641454315086137,0.014242296429371,-0.01081533
45.02,7.48049258862651,-0.0686754513092074,0.0138466344018561,-0.00954915
45.03,7.49494917610336,-0.0507237634180962,0.0134554727471942,-0.00835394
45.04,7.52121780171149,-0.0393177196766963,0.0130688682570425,-0.00723179
45.05,7.54614678175594,-0.0466123994448595,0.0126868781559781,-0.00618467
45.06,7.60227322246875,-0.0538753326565951,0.0123095599131443,-0.00521441
45.07,7.57383325442949,-0.0482595248747267,0.0119369710473749,-0.00432273
45.08,7.53704196788888,-0.041827352261472,0.0115691688355465,-0.00351118
45.09,7.55811262964203,-0.034842555491271,0.0112062101493063,-0.00278118
45.1,7.54348383005921,-0.0454160242802833,0.0108481512414697,-0.00213403
45.11,7.47591907964406,-0.0553811669590625,0.0104950475370711,-0.00157084
45.12,7.41122047792427,-0.0496767169317527,0.0101469533825287,-0.00109262
45.13,7.39798475923396,-0.0388227905193841,0.00980392190350342,-0.0007002
45.14,7.40852082343586,-0.0397754679314495,0.00946600474946948,-0.00039426
45.15,7.40556932695826,-0.0421859625107065,0.0091332519475363,-0.00017536
45.16,7.41488373551228,-0.0418471189353761,0.00880566935874429,-0
45.17,7.42010283900572,-0.0281755714602946,0.0084833685126147,-0
45.18,7.46962433392683,-0.028711868882668,0.00816672780103901,-0.00039426
45.19,7.47668379333461,-0.0259787565174461,0.00785650992374793,-0.00157084
45.2,7.46545060779023,-0.0352998109942027,0.00755354087119832,-0.00351118
45.21,7.48440401499414,-0.0351471096490069,0.00725851599359801,-0.00618467
45.22,7.50606792235857,-0.0402346874379172,0.00697222618991431,-0.00954915
45.23,7.48278776194701,-0.0387179675237723,0.00669555771015492,-0.01355157
45.24,7.49740817208045,-0.0472847788299062,0.00642942177448335,-0.0181288
45.25,7.46095983127032,-0.0443295027484537,0.00617464060736738,-0.02320866
45.26,7.45420432289885,-0.0420079650424434,0.0059319296224035,-0.02871104
45.27,7.46967332076669,-0.0315155906355053,0.00570184259880246,-0.03454915
45.28,7.4850157589213,-0.0264768400475596,0.00548475152589297,-0.04063093
45.29,7.53211850707015,-0.0156569995920868,0.00528084004102195,-0.04686047
45.3,7.52374486025003,-0.0159754768220221,0.00509010115153999,-0.05313953
45.31,7.50405563264824,-0.0108038003072058,0.00491233842177231,-0.05936907
45.32,7.5452100400969,-0.007183493191209,0.00474717005090706,-0.06545085
45.33,7.5374373069403,-0.0190863174380613,0.00459403602434243,-0.07128896
45.34,7.50006381708782,-0.011996398539472,0.00445220674066718,-0.07679134
45.35,7.45610836792554,-0.0132434400109175,0.00432079676855271,-0.0818712
45.36,7.42693227739776,-0.0098171734776445,0.00419878034442582,-0.08644843
45.37,7.45264817371841,-0.0117334554889713,0.00408500969023365,-0.09045085
45.38,7.42468984647759,-0.0109220576982535,0.0039782360900185,-0.09381533
45.39,7.43148397031705,-0.00546744960275214,0.00387713260552763,-0.09648882
45.4,7.4646235008364,0.00258550142294652,0.00378031818503432,-0.09842916
45.41,7.51474293833716,-0.00661993535739896,0.00368638200671326,-0.09960574
45.42,7.51217415216889,-0.00091939183764725,0.00359386257049542,-0.09995241
45.43,7.50531538412204,-0.00674332087988776,0.0035017998976159,-0.1
45.44,7.52157749143292,-0.0115360438082308,0.00340968923158862,-0.09995241
45.45,7.54230019612472,-0.00737326353381051,0.00331691336976278,-0.09980973
45.46,7.5206686994297,-0.0235004718238957,0.00322288469723341,-0.09957224
45.47,7.55094786365793,-0.0238427244792375,0.00312721391352743,-0.09924039
45.48,7.50445044105597,-0.0159329293799197,0.00302969771800476,-0.0988148
45.49,7.55752472859106,-0.0162918264938836,0.00293025231868875,-0.09829629
45.5,7.58132620929412,-0.00902001643515684,0.00282885448695078,-0.09768585
45.51,7.52945505420012,-0.00743785676599537,0.00272550484496088,-0.09698463
45.52,7.5705747596581,-0.018708958060436,0.0026202095237552,-0.09619398
45.53,7.52952075148508,-0.00685540848948104,0.00251297322376547,-0.09531539
45.54,7.51680901881679,-0.0040693337570904,0.00240379793737002,-0.09435054
45.55,7.53437536183724,-0.012721875136184,0.00229268385092641,-0.09330127
45.56,7.47898322004583,-0.0161835360621527,0.00217963063260456,-0.09216957
45.57,7.4595452714223,-0.02405493412217,0.00206463855667889,-0.0909576
45.58,7.44158532577023,-0.0190961145238654,0.00194770936765628,-0.08966767
45.59,7.41108745294377,-0.0132587015607631,0.00182884653033603,-0.08830222
45.6,7.46619350296955,-0.0161429944864317,0.00170805585258557,-0.08686387
45.61,7.44044733043837,-0.022231110789786,0.00158534571211704,-0.08535534
45.62,7.39414153844041,-0.0146220149701409,0.00146072705942128,-0.08377951
45.63,7.41910551791213,-0.008126229854944,0.00133421383798038,-0.08213938
45.64,7.40074416002418,-0.00260033943123567,0.00120582306827336,-0.08043807
45.65,7.4162856933949,-0.00761692018780386,0.00107557501303883,-0.07867882
45.66,7.38184431527964,-0.0112655613535324,0.000943493328242628,-0.07686498
45.67,7.35419341512704,-0.00574767844779357,0.000809605179307143,-0.075
45.68,7.37655325363255,-0.000122590542539254,0.00067394135179848,-0.07308743
45.69,7.43571102388367,-0.00561670784674496,0.000536536438715788,-0.07113091
45.7,7.44894465703491,-0.00825477602644391,0.000397428635041301,-0.06913417
45.71,7.43738884674898,-0.0110173671283248,0.000256660090851698,-0.06710101
45.72,7.44398461316798,-0.00724484801913951,0.000114276820979213,-0.06503529
45.73,7.43696007470685,-0.006907744353824,-2.96712428340066e-05,-0.06294095
45.74,7.48094256790677,-0.0119366600373537,-0.000175130332262163,-0.06082198
45.75,7.44109714884169,-0.0146078026463593,-0.000322042606911504,-0.05868241
45.76,7.42145693536305,-0.0122221651585958,-0.000470346350363308,-0.05652631
45.77,7.38759507217351,-0.0152477115312028,-0.000619976100512712,-0.05435779
45.78,7.40728443555689,-0.017016587747757,-0.000770862548193798,-0.05218097
45.79,7.40229572807468,-0.0247068039718829,-0.000922932646470951,-0.05
45.8,7.45035059603431,-0.0221369288691856,-0.00107610967466696,-0.04781903
45.81,7.4218380825591,-0.0171137834673485,-0.00123031338052909,-0.04564221
45.82,7.45719830993809,-0.015731861185656,-0.00138546002134763,-0.04347369
45.83,7.46669803661699,-0.0181175098455638,-0.00154146249508564,-0.04131759
45.84,7.47192240259039,-0.0176046579894855,-0.00169823047882033,-0.03917802
45.85,7.41886202761348,-0.0186379560156171,-0.00185567052839408,-0.03705905
45.86,7.43456629368118,-0.0198710280188775,-0.00201368627846322,-0.03496471
45.87,7.40206410178509,-0.0159668841553395,-0.00217217854484993,-0.03289899
45.88,7.36850865086834,-0.0222296507759675,-0.00233104549693029,-0.03086583
45.89,7.33938113675835,-0.0265089404591869,-0.00249018285125577,-0.02886909
45.9,7.35078333739555,-0.0294180879643481,-0.0026494840404958,-0.02691257
45.91,7.37173558052083,-0.0263503405928128,-0.00280884039215831,-0.025
45.92,7.4121005114741,-0.0280925694196372,-0.00296814130768264,-0.02313502
45.93,7.41465177581382,-0.0217930857908016,-0.0031272745056086,-0.02132118
45.94,7.42366350549241,-0.0235017734000315,-0.00328612619359124,-0.01956193
45.95,7.44446953295445,-0.028722239068217,-0.00344458124702883,-0.01786062
45.96,7.45560908134587,-0.0319100358663611,-0.00360252346824938,-0.01622049
45.97,7.43539183514998,-0.0320891458587724,-0.00375983580648979,-0.01464466
45.98,7.42575219435465,-0.0409250931894796,-0.00391640056409029,-0.01313613
45.99,7.42911638081338,-0.0420948515350796,-0.00407209961949932,-0.01169778
46,7.446293476774,-0.039743811028735,-0.0042268146781259,-0.01033233
46.01,7.43827118232366,-0.0378420178520213,-0.00438042747466903,-0.0090424
46.02,7.43940090634194,-0.0345594616289841,-0.00453282001642596,-0.00783043
46.03,7.44577746781592,-0.0208801900328971,-0.00468387498282911,-0.00669873
46.04,7.45479756253404,-0.0151946516597155,-0.0048334754856777,-0.00564946
46.05,7.46733169603731,-0.0125002634339299,-0.00498150576446293,-0.00468461
46.06,7.44259364286841,-0.0112877534214898,-0.00512785127074542,-0.00380602
46.07,7.43108527371535,-0.00410918982774384,-0.00527239889674902,-0.00301537
46.08,7.42950630016426,-0.00921604993042605,-0.0054150372210898,-0.00231415
46.09,7.42953593321119,-0.00977491025869883,-0.00555565673168835,-0.00170371
46.1,7.4275703833525,-0.0159368130285837,-0.00569415004965933,-0.0011852
46.11,7.41554034733121,-0.0115125852118423,-0.0058304121773698,-0.00075961
46.12,7.3994629405204,-0.0101721745202334,-0.00596434069573957,-0.00042776
46.13,7.4282623187056,0.000432357722170346,-0.00609583600447598,-0.00019027
46.14,7.47546311185669,-0.0122794219556574,-0.00622484614560462,-0
46.15,7.53980946553199,-0.0161368156807823,-0.00635120794354086,-0
46.16,7.55210301018127,-0.00463423359647388,-0.00647449419242416,-0.00039426
46.17,7.52872731203386,-0.0033974067715604,-0.0065939026129906,-0.00157084
46.18,7.51479383606097,-0.00478279848126157,-0.00670856905728659,-0.00351118
46.19,7.51974347968841,-0.00528551466466254,-0.00681776531068687,-0.00618467
46.2,7.53464986529269,-0.0103651932098018,-0.00692067162105897,-0.00954915
46.21,7.48645810575638,-0.000808352694811651,-0.00701637189840048,-0.01355157
46.22,7.45238563952852,-0.00199931538159499,-0.00710400954298755,-0.0181288
46.23,7.40286167539344,-0.00790929243061143,-0.00718270846495954,-0.02320866
46.24,7.41206433329099,-0.0112689173949985,-0.00725186664364383,-0.02871104
46.25,7.44280163374692,-0.011522565015458,-0.00731095250183797,-0.03454915
46.26,7.44392960298616,-0.0123556075058537,-0.0073596738416011,-0.04063093
46.27,7.43562393243317,-0.00938434683362374,-0.00739804655762937,-0.04686047
46.28,7.43989435485912,-0.0155545244067032,-0.00742611767952412,-0.05313953
46.29,7.39945015468215,-0.0138945043914455,-0.00744432679186074,-0.05936907
46.3,7.43424384719698,-0.0137947888799062,-0.00745333386569772,-0.06545085
46.31,7.45821365906874,-0.0132475076503932,-0.00745408511386712,-0.07128896
46.32,7.38907432918208,-0.018999326569201,-0.00744781479632301,-0.07679134
46.33,7.38898607540046,-0.0186206232198231,-0.00743624268447392,-0.0818712
46.34,7.37571990396855,-0.0221915547190742,-0.00742130984142648,-0.08644843
46.35,7.35357085564537,-0.0163428283736451,-0.00740497394238708,-0.09045085
46.36,7.37126864436733,-0.0106366294804888,-0.0073886932896531,-0.09381533
46.37,7.37294494107741,-0.00699699371648843,-0.00737334255069954,-0.09648882
46.38,7.37371732847047,-0.00406750991716642,-0.0073594383169221,-0.09842916
46.39,7.43786261310824,-0.00122118412988314,-0.00734729410281515,-0.09960574
46.4,7.42095128684428,0.000565699893124259,-0.00733715115325112,-0.09994965
46.41,7.43193193971921,0.00252586099800159,-0.00732870866597157,-0.1
46.42,7.45916311652453,0.000824528777848142,-0.00732121063925086,-0.09994965
46.43,7.49527983982186,0.00360140960480478,-0.0073142293732374,-0.09979871
46.44,7.51510275698303,-0.000101513375004671,-0.00730763347738474,-0.09954749
46.45,7.51198956369192,-0.00205530097937819,-0.00730139649152923,-0.09919648
46.46,7.50169563779904,-0.00097479800364434,-0.00729553162901656,-0.0987464
46.47,7.54217576931283,-0.00277271940645781,-0.00729007157026725,-0.09819814
46.48,7.57021996886455,-0.00666904470733003,-0.00728506348612945,-0.09755283
46.49,7.55072658192425,-0.00103532408342895,-0.00728056930626416,-0.09681174
46.5,7.54183008806161,0.00625313497212914,-0.00727666763892711,-0.09597639
46.51,7.53414993681239,0.00785724278190492,-0.00727345588407415,-0.09504844
46.52,7.49664714655639,0.0103519648045371,-0.00727105173042736,-0.09402978
46.53,7.49686757732504,0.00735217397780972,-0.00726959339916547,-0.09292244
46.54,7.47199525064611,0.00884950887522905,-0.00726923828360858,-0.09172866
46.55,7.43130353710038,0.0111881156005942,-0.00727015982384754,-0.09045085
46.56,7.43924935510555,0.00405692554210308,-0.00727254294520889,-0.08909157
46.57,7.4504293353445,-0.00226521498193578,-0.00727660470967448,-0.08765357
46.58,7.40911337445648,-0.0115488912742816,-0.00728250237380188,-0.08613974
46.59,7.46626060402299,-0.0113167487187656,-0.00729045155275588,-0.08455313
46.6,7.43840435764618,-0.0121552323312502,-0.00730062008890008,-0.08289694
46.61,7.43668951254944,-0.00903758320475348,-0.00731315733708242,-0.08117449
46.62,7.43629063909986,-0.00654197810333112,-0.00732821344833272,-0.07938926
46.63,7.42353539684821,-0.0065091394081823,-0.00734591865191969,-0.07754485
46.64,7.39346763886581,-0.0107866717141331,-0.00736637191112175,-0.07564496
46.65,7.4252249729445,0.000954691744961303,-0.00738965383836555,-0.07369343
46.66,7.39359515970345,0.00526149223512382,-0.00741583142106909,-0.07169419
46.67,7.4311410817401,0.0103419231393489,-0.00744493908830707,-0.06965125
46.68,7.44389158116984,0.00606523844474767,-0.00747701177191709,-0.06756874
46.69,7.43351518888861,0.0029015528610263,-0.00751205678017364,-0.06545085
46.7,7.46089148359377,0.00956734240973337,-0.00755007183262867,-0.06330184
46.71,7.45708247475016,0.00968878632616748,-0.00759102470644073,-0.06112605
46.72,7.5151313331789,0.0138151269242945,-0.00763489785524804,-0.05892784
46.73,7.51708639693437,0.00420987791778446,-0.00768165679753082,-0.05671166
46.74,7.52193253839388,0.00095068434200133,-0.00773123483340976,-0.05448197
46.75,7.50099448721237,0.00874983211158526,-0.00778357350821395,-0.05224324
46.76,7.51595498974038,0.0145554298971258,-0.00783861283701631,-0.05
46.77,7.48023147949062,0.00481944616478669,-0.00789626160159031,-0.04775676
46.78,7.47494829184252,0.00846557451726411,-0.0079564308322945,-0.04551803
46.79,7.36549749080087,-0.00450972821494085,-0.00801903114260428,-0.04328834
46.8,7.32959828561799,-0.000704488934567647,-0.00808394247747283,-0.04107216
46.81,7.31851376882269,0.0016168483983757,-0.00814176827794662,-0.04877795
46.82,7.36534269631284,-0.0066576499653921,-0.00817914662230548,-0.06641015
46.83,7.3322457884455,-0.0112061349147207,-0.0081868116947219,-0.09397313
46.84,7.33803317961552,-0.00245933511912648,-0.00815414480097902,-0.13147122
46.85,7.35440157173432,0.00448554243809925,-0.00807025756576409,-0.17890869
46.86,7.37548769145135,0.0139756243387991,-0.00794003008037187,-0.23628973
46.87,7.38662029880633,0.0164204916681421,-0.00777473562836032,-0.30361846
46.88,7.33469728252573,0.0174137406739214,-0.00757863762584821,-0.38089889
46.89,7.18936599644938,0.0188571423752453,-0.00735317650578295,-0.46813497
46.9,7.12623362956119,0.027724864258236,-0.00710785939145218,-0.55542652
46.91,7.00944621884652,0.0313145138051433,-0.00685462387289223,-0.64277726
46.92,6.88452804937358,0.0321703595476394,-0.0065978087180418,-0.73019078
46.93,6.7820195410515,0.0300366893203255,-0.00633897845504187,-0.81767054
46.94,6.64778266515771,0.0310296572015129,-0.00607869455154372,-0.9052199
46.95,6.54622456028137,0.0353061904424391,-0.0058171533119057,-0.99284203
46.96,6.48877789021023,0.0405272214913483,-0.00555442059516285,-1.08054
46.97,6.41250306426664,0.0374821979756313,-0.00529051581249887,-1.16831668
46.98,6.29849295454346,0.0265791616178104,-0.00502544138144072,-1.25617484
46.99,6.25756104711634,0.0153097302953717,-0.00475919405875103,-1.34411702
47,6.17446554817957,0.018256664567647,-0.00449176878753431,-1.43214565
47.01,6.11797546056083,0.00988064123667574,-0.00422316011331362,-1.52026295
47.02,6.03196186311265,0.0101643535856834,-0.00395336273108913,-1.60847097
47.03,5.96695946814407,0.00978783272895964,-0.00368237166955445,-1.69677158
47.04,5.85886404833229,0.00767220296295896,-0.00341018237994367,-1.78516646
47.05,5.82873421329831,0.0223229927984142,-0.00313679077021147,-1.8736571
47.06,5.71831527598513,0.0366452234819847,-0.00286219320484743,-1.96224482
47.07,5.65212657276732,0.036008313693603,-0.00258638656103364,-2.0509307
47.08,5.5562026454875,0.0447951776815319,-0.00230936823153254,-2.13971565
47.09,5.50147798700358,0.038073185363732,-0.00203113609637436,-2.22860039
47.1,5.45062871339564,0.0508179324199207,-0.00175173445857438,-2.31753507
47.11,5.50340643817998,0.0816129604244367,-0.00147108518622198,-2.40667103
47.12,5.69950865558758,0.127429284383908,-0.00118885197165742,-2.49620126
47.13,6.04839100558747,0.206088311734382,0,-2.5865138
47.14,6.55797074309311,0.306689278953106,0.00164200518280259,-2.6775901
47.15,7.20353110129151,0.429977981716233,0.00525904061645158,-2.76939955
47.16,7.95118736662264,0.568401605984517,0.0107829820066709,-2.8619
47.17,8.82563223306888,0.703551303859452,0.0179012961506852,-2.95503839
47.18,9.78608878450287,0.839331975508933,0.0263140779167408,-3.04875158
47.19,10.6788028015749,0.952058819231146,0.0357992885738585,-3.14296741
47.2,11.6106396272523,1.04739739615288,0.0462171512931612,-3.23760574
47.21,12.4492658920017,1.12988724195453,0.0574797033637767,-3.33257982
47.22,13.2248499748138,1.19232584359337,0.0695286558061819,-3.42779757
47.23,13.9202873161951,1.25439683511874,0.0823159959048081,-3.52316308
47.24,14.4509968440895,1.3067245083943,0.0956925597637915,-3.61857809
47.25,14.9413153075831,1.33473290915088,0.109378829959035,-3.7139436
47.26,15.333901847821,1.35412699453988,0.123145337083933,-3.80916134
47.27,15.5069586164787,1.35890469354706,0.136863121661548,-3.90413542
47.28,15.6057553124525,1.35954231663976,0.150476407226921,-3.99877376
47.29,15.6988792994901,1.36398372400048,0.163970513517656,-4.09298959
47.3,15.7625342101406,1.36072609414713,0.177347516668841,-4.18670278
47.31,15.8807103435914,1.34738617035417,0.190613186706108,-4.27984116
47.32,15.9184975837159,1.33452696545214,0.203772483951846,-4.37234161
47.33,15.9630802512102,1.32388629710632,0.216828480739392,-4.46415107
47.34,16.0662753173174,1.31436971542347,0.229782811398311,-4.55522737
47.35,16.2036645025323,1.30026845004629,0.242636344213288,-4.64553991
47.36,16.2819554044465,1.28207226641967,0.255385634596148,-4.72512109
47.37,16.3555666121865,1.26434317706547,0.268023514456546,-4.79449411
47.38,16.4918646388005,1.24866750764793,0.280544757492346,-4.85387304
47.39,16.5545787390401,1.2325555022887,0.292936790586511,-4.88380366
47.4,16.6580944118516,1.21922044580589,0.305179301966227,-4.88428624
47.41,16.8046557464432,1.19985888089284,0.317254765893026,-4.85532117
47.42,16.8854848738492,1.1849195032693,0.329146982497971,-4.79690901
47.43,17.0171803261915,1.16182287970509,0.340839599079886,-4.70905051
47.44,17.2272834844123,1.13572083600933,0.352315504031312,-4.59174653
47.45,17.2976529534616,1.11254915084782,0.36356135283603,-4.45490212
47.46,17.4808485109665,1.08246121528241,0.374567328869239,-4.29851848
47.47,17.6380041778969,1.06097717034824,0.385321451031102,-4.12259695
47.48,17.7583631410963,1.03460538819351,0.395819333027739,-3.94659331
47.49,17.969292701342,1.01158402917969,0.406064973794357,-3.77050923
47.5,18.1830079866926,0.991410331567534,0.416057832737699,-3.59434648
47.51,18.2812708020486,0.965493052853815,0.425796377496851,-3.418107
47.52,18.4935105213574,0.936690577095227,0.435279249711769,-3.24179287
47.53,18.7193119419485,0.914574925225754,0.444505438094274,-3.0654063
47.54,18.8571949338566,0.887154244683162,0.453474255212082,-2.88894963
47.55,18.9887753002725,0.855254062282336,0.462185190035838,-2.71242532
47.56,19.1361565178925,0.828595033312205,0.470637750615613,-2.53583596
47.57,19.245949465162,0.80190050073586,0.478831461193099,-2.35918425
47.58,19.441610318141,0.77954294251576,0.48676561101569,-2.18247301
47.59,19.5460789740349,0.756564116145902,0.494439875333445,-2.00570517
47.6,19.63977349408,0.735058760475514,0.501853590239354,-1.82888375
47.61,19.8286583685194,0.71261098936132,0.509006060008472,-1.65201187
47.62,19.9951561356324,0.695798136905919,0.515896607707207,-1.47509276
47.63,20.1391802073664,0.670540775555481,0.522524494017431,-1.29812969
47.64,20.2634471878967,0.636655613534142,0.528888979612059,-1.12112607
47.65,20.3891377659423,0.606066435496058,0.534989244676894,-0.94408533
47.66,20.5556923495073,0.578622189955437,0.540824458567568,-0.76701099
47.67,20.6455231872115,0.549461810984879,0.54640563545055,-0.60936092
47.68,20.7018136427418,0.522720929638916,0.551753698821131,-0.47113874
47.69,20.726350211682,0.502876750445248,0.556883732352915,-0.35234813
47.7,20.4727191967635,0.397315694850774,0.561811045667296,-0.25299282
47.71,19.7679181070211,0.213996540935688,0.566553005654876,-0.17307656
47.72,18.680102173348,-0.00801320894324525,0.571129336061839,-0.11260313
47.73,17.4861787075488,-0.235041867567514,0.573316262672154,-0.07157634
47.74,16.2149850992556,-0.46146830587974,0.568445495872584,-0.05
47.75,14.9604904898272,-0.682281885984264,0.559688391806571,-0.04787794
47.76,13.6828082757616,-0.905824595636416,0.549168704872222,-0.0457597
47.77,12.6644623260834,-1.03634459151577,0.538033831726397,-0.04364911
47.78,12.0547657355933,-1.07074633971245,0.526867940740672,-0.04154996
47.79,11.7779349500413,-1.06559709202053,0.515913708059877,-0.03946604
47.8,11.6085174201694,-1.04711161717293,0.505232992582405,-0.0374011
47.81,11.4680415925137,-1.02206920847184,0.494810715823259,-0.03535886
47.82,11.3467422644616,-1.00204445355698,0.484615562814031,-0.03334301
47.83,11.2672491264695,-0.981222032779435,0.474621338096811,-0.03135718
47.84,11.1684745785295,-0.955120270327699,0.464813565505096,-0.02940494
47.85,11.053245199723,-0.942620247845848,0.455186123377632,-0.02748981
47.86,10.9589815381449,-0.920272456477169,0.445736969826174,-0.02561525
47.87,10.8311053987351,-0.909703455032324,0.436464950892873,-0.02378464
47.88,10.7245825599582,-0.898839717809207,0.427368742746661,-0.02200126
47.89,10.5742489176211,-0.880063129614687,0.418446536544513,-0.02026834
47.9,10.4583031442929,-0.862930458019629,0.40969616254027,-0.018589
47.91,10.3217130817653,-0.855139753174261,0.401115258020708,-0.01696626
47.92,10.2709899938344,-0.837269593616571,0.392701408094715,-0.01540306
47.93,10.1869485374965,-0.820745470949205,0.384452236587358,-0.0139022
47.94,10.0948834952326,-0.795259175318542,0.37636534691508,-0.01246638
47.95,10.0423386661078,-0.776793497810141,0.368438433602998,-0.01109821
47.96,9.99272517018924,-0.769682475988032,0.360669242179941,-0.00980014
47.97,9.93217825084395,-0.752413062534945,0.353055470922146,-0.00857452
47.98,9.87408825724985,-0.732148662492384,0.345594813638479,-0.00742354
47.99,9.77660997247451,-0.7127607483965,0.338285049575122,-0.00634929
48,9.73037744303874,-0.706110648064363,0.331124025469575,-0.00535371
48.01,9.6268741310519,-0.69550241776756,0.324109481587564,-0.00443858
48.02,9.52427100907,-0.68783482423249,0.317239084800632,-0.00360555
48.03,9.42459221726967,-0.671534694584545,0.31051066024557,-0.00285613
48.04,9.33514885272965,-0.650946514927717,0.303922047492419,-0.00219166
48.05,9.23403074058504,-0.639340129341132,0.297471077954323,-0.00161335
48.06,9.20390255643231,-0.625791766347529,0.291155588528069,-0.00112224
48.07,9.17882668927811,-0.608480204723877,0.284973423853073,-0.0007192
48.08,9.1592108232337,-0.593465000341266,0.278922456678306,-0.00040498
48.09,9.1573549678707,-0.570024259824421,0.27300056585625,-0.00018013
48.1,9.18049956945559,-0.568124790220094,0.267205620654973,-0
48.11,9.14045095904019,-0.564619848195603,0.261535562553558,-0
48.12,9.1184983541686,-0.558113069774507,0.255988551380784,-0.00039426
48.13,9.0460070130522,-0.557269434405124,0.250563059424909,-0.00157084
48.14,8.91292797864051,-0.544379986615623,0.245257676362547,-0.00351118
48.15,8.86423780209876,-0.53593859109499,0.240070929455314,-0.00618467
48.16,8.83378343871111,-0.525615715765472,0.235001258992703,-0.00954915
48.17,8.71023660837203,-0.501727588863566,0.230047168997976,-0.01355157
48.18,8.65493024385942,-0.484743088095762,0.225207105066929,-0.0181288
48.19,8.62446064856218,-0.460141080500117,0.22047957896695,-0.02320866
48.2,8.57328053321426,-0.446522739895914,0.215863157398554,-0.02871104
48.21,8.50797786041255,-0.444457910351958,0.211356200533661,-0.03454915
48.22,8.46050298133914,-0.431805128846736,0.206957021655196,-0.04063093
48.23,8.37022585448215,-0.429814355053442,0.202663809849373,-0.04686047
48.24,8.38603349895562,-0.4287789443592,0.198474756375008,-0.05313953
48.25,8.37837023530282,-0.426713037212416,0.194387965625458,-0.05936907
48.26,8.30233021912409,-0.415845843575819,0.190401478146473,-0.06545085
48.27,8.27413575878224,-0.405061084600893,0.186512903076864,-0.07128896
48.28,8.31319888464336,-0.396069301712815,0.182720209354617,-0.07679134
48.29,8.2997203834812,-0.381865962774909,0.179021075663426,-0.0818712
48.3,8.27527776697775,-0.371919645032729,0.175413113630272,-0.08644843
48.31,8.2356846703244,-0.362653337593335,0.171893884097494,-0.09045085
48.32,8.22412236802315,-0.345687978702981,0.168460786036112,-0.09381533
48.33,8.24355296281592,-0.344564025916089,0.165111251670578,-0.09648882
48.34,8.2288325021283,-0.334878777440185,0.161842654667918,-0.09842916
48.35,8.15787468081093,-0.319575071582893,0.158652311261122,-0.09960574
48.36,8.08193689011879,-0.321187296356911,0.155537498065953,-0.09994161
48.37,8.03681202336726,-0.311451657666615,0.152495863568905,-0.1
48.38,8.00570945248557,-0.293252737458627,0.149525503215317,-0.09994161
48.39,7.95137006411636,-0.295788159102249,0.146624325537805,-0.09976658
48.4,7.8956675199011,-0.28263662527532,0.143790299283093,-0.09947532
48.41,7.8576789971761,-0.277860782133774,0.141021501511459,-0.09906851
48.42,7.8979263862482,-0.263614457926839,0.138316091811118,-0.09854709
48.43,7.91934086559802,-0.250437494483216,0.135672317537127,-0.09791229
48.44,7.91519580427644,-0.241735214311079,0.13308853902465,-0.09716559
48.45,7.92790989602863,-0.233329134393748,0.130563127940354,-0.09630873
48.46,7.90807905710457,-0.222742386305573,0.128094482460824,-0.09534372
48.47,7.92335601102666,-0.223879516230426,0.125681026284603,-0.0942728
48.48,7.91086514118771,-0.211905547533606,0.123321228262988,-0.09309848
48.49,7.85359368625545,-0.220326643484327,0.121013534818051,-0.09182351
48.5,7.87810515876424,-0.225229486245343,0.118756475053934,-0.09045085
48.51,7.89011851228096,-0.221774112388086,0.116548595779596,-0.08898372
48.52,7.86339302151308,-0.216935495794121,0.114388477404622,-0.08742554
48.53,7.85943725852381,-0.213462595854356,0.112274734710363,-0.08577995
48.54,7.80757348051553,-0.212010525651204,0.110206016949771,-0.08405079
48.55,7.7839916877791,-0.210903578057849,0.108181008360741,-0.08224211
48.56,7.76550606174156,-0.201716205268215,0.106198428300974,-0.08035813
48.57,7.75258458738949,-0.195690067828217,0.104257031239776,-0.07840324
48.58,7.75837296782759,-0.193250158605791,0.102355606982319,-0.07638201
48.59,7.71769624690609,-0.193111985921256,0.1004929806011,-0.07429917
48.6,7.74098457040146,-0.194326395384635,0.0986680126229503,-0.07215958
48.61,7.80470874821375,-0.189266759169455,0.0968795988539439,-0.06996823
48.62,7.82054401214564,-0.176881336092958,0.0951266699793014,-0.06773024
48.63,7.85076539695879,-0.174962004559677,0.0934081923486865,-0.06545085
48.64,7.81814056678352,-0.169936011723788,0.0917231663303653,-0.06313537
48.65,7.80545231784535,-0.172466083810106,0.0900706271628124,-0.06078921
48.66,7.80658121426195,-0.17260737702374,0.0884496441925143,-0.05841785
48.67,7.77358856304295,-0.164342964900984,0.0868593332538583,-0.05602683
48.68,7.73403765877976,-0.154741821861137,0.0852988033788484,-0.05362174
48.69,7.7481560598911,-0.160893619586422,0.0837672393070742,-0.05120819
48.7,7.71893113519626,-0.158261797430722,0.0822638422036744,-0.04879181
48.71,7.71642299421691,-0.160627987234858,0.0807878452258388,-0.04637826
48.72,7.72434336432464,-0.155560526782649,0.0793385131472928,-0.04397317
48.73,7.7314937214273,-0.149191391413085,0.0779151413480019,-0.04158215
48.74,7.71361185533268,-0.139262400843789,0.076517055139152,-0.03921079
48.75,7.6996577944461,-0.138327003184617,0.0751436089249532,-0.03686463
48.76,7.66045493061742,-0.13558281526369,0.073794185540287,-0.03454915
48.77,7.65250853642597,-0.138407980573509,0.0724681955190575,-0.03226976
48.78,7.64726041360735,-0.129086263651223,0.0711650763498822,-0.03003177
48.79,7.62142187411885,-0.120743670331118,0.069884291718362,-0.02784042
48.8,7.61098948375156,-0.124590543234641,0.0686253304986482,-0.02570083
48.81,7.56382063531049,-0.127238112650958,0.0673877062646873,-0.02361799
48.82,7.5474515821863,-0.121361973299487,0.0661709561815689,-0.02159676
48.83,7.56286100614717,-0.115893761572909,0.0649746402358842,-0.01964187
48.84,7.57152109254036,-0.104420703665147,0.0637983403718299,-0.01775789
48.85,7.5588526724388,-0.103257081238081,0.0626416595826128,-0.01594921
48.86,7.55769758549664,-0.104818677061589,0.0615042210919987,-0.01422005
48.87,7.55181911103299,-0.0924715790558522,0.0603856761595433,-0.01257446
48.88,7.61395769552011,-0.0981917222932766,0.0592856688304074,-0.01101628
48.89,7.58054406503685,-0.109407052898169,0.0582038857830892,-0.00954915
48.9,7.60594807584186,-0.108037790286032,0.0571400225008112,-0.00817649
48.91,7.59766555184446,-0.106562112471209,0.0560937900813497,-0.00690152
48.92,7.55666050502716,-0.108280190560729,0.0550649145500937,-0.0057272
48.93,7.54161875642181,-0.100277864453412,0.0540531465074252,-0.00465628
48.94,7.53639346447205,-0.103256995956432,0.0530582226602567,-0.00369127
48.95,7.51647986714827,-0.0928879149693406,0.0520799141051449,-0.00283441
48.96,7.55865869365203,-0.0905620223490712,0.0511179995494166,-0.00208771
48.97,7.51462015458011,-0.0920192696914011,0.0501722670799326,-0.00145291
48.98,7.47524929599372,-0.0885924199027978,0.0492425146142221,-0.00093149
48.99,7.50836003550014,-0.082399202661804,0.0483285487340965,-0.00052468
49,7.48000702280194,-0.0858736438426021,0.0474301845437119,-0.00023342
49.01,7.50216234785418,-0.0888061313801207,0.0465471956635099,-0
49.02,7.47962523183923,-0.0855076270672372,0.0456794834459401,-0
49.03,7.46687471858128,-0.0770317447362564,0.0448272136232912,-0.00039426
49.04,7.46239412597364,-0.0748008352753392,0.0439908593098731,-0.00157084
49.05,7.51401832336446,-0.0723192713416301,0.0431710181868729,-0.00351118
49.06,7.49657887676718,-0.0742744671254739,0.0423681562519727,-0.00618467
49.07,7.49605941887054,-0.0690865233996684,0.0415828197280973,-0.00954915
49.08,7.48914382887377,-0.0644832791081201,0.0408156403693469,-0.01355157
49.09,7.54557783631255,-0.0733124760470027,0.0400672679591087,-0.0181288
49.1,7.59731029444129,-0.0716285370040138,0.0393383005885194,-0.02320866
49.11,7.58768843397099,-0.0701809551300035,0.0386292226485905,-0.02871104
49.12,7.59726543078394,-0.0747763258038021,0.0379403803842343,-0.03454915
49.13,7.64557099137935,-0.0656304841343078,0.0372719525942781,-0.04063093
49.14,7.68061260327902,-0.0614425856916642,0.036623969179971,-0.04686047
49.15,7.66926605198152,-0.0574482301155701,0.0359962795296889,-0.05313953
49.16,7.60058992594344,-0.0509737263148617,0.0353885627841779,-0.05936907
49.17,7.55116609243972,-0.0497503808155377,0.0348003292326087,-0.06545085
49.18,7.55721000261177,-0.0405938715769575,0.0342309271053718,-0.07128896
49.19,7.55658404346287,-0.0323052955004877,0.0336795430133324,-0.07679134
49.2,7.51413516196879,-0.036617530151752,0.0331452194435724,-0.0818712
49.21,7.46819994568419,-0.0373646087383333,0.0326268628707359,-0.08644843
49.22,7.49882391306594,-0.0347975287749674,0.0321232587246428,-0.09045085
49.23,7.50290256624615,-0.0372003768772976,0.0316330881584637,-0.09381533
49.24,7.49220287072489,-0.0360994830875572,0.0311549458390304,-0.09648882
49.25,7.50190690157847,-0.0408133468503802,0.0306873611984978,-0.09842916
49.26,7.47239293118284,-0.0450814691153565,0.0302288207326289,-0.09960574
49.27,7.46640500772546,-0.0402784084559979,0.0297777330067211,-0.09993785
49.28,7.48849481793554,-0.0389584003786257,0.0293330095218697,-0.1
49.29,7.4709981120703,-0.0380063596553544,0.0288939796375315,-0.09993785
49.3,7.46270628587398,-0.0350227418085193,0.0284598191209339,-0.09975154
49.31,7.43812803014966,-0.0388516733702906,0.0280297616750205,-0.09944154
49.32,7.46504354537044,-0.0346654200983668,0.0276032489847595,-0.09900862
49.33,7.45800578503399,-0.0395416025932345,0.0271799132475834,-0.09845386
49.34,7.47246007099822,-0.0405639633589342,0.0267595127448642,-0.09777864
49.35,7.46950782535283,-0.0422034973884809,0.026341874020567,-0.09698463
49.36,7.42675585388365,-0.045889625232532,0.0259268404429983,-0.09607381
49.37,7.4385780076019,-0.0448485963938787,0.025514296573607,-0.09504844
49.38,7.48804123630397,-0.040606775116795,0.0251041099876368,-0.09391108
49.39,7.4351103694474,-0.044416505986268,0.0246961540449614,-0.09266454
49.4,7.46896757512195,-0.0466048870768001,0.024290306229351,-0.09131194
49.41,7.47033764018734,-0.0546787948935686,0.0238864510491693,-0.08985663
49.42,7.47369765936139,-0.054878265981708,0.0234844799924845,-0.08830222
49.43,7.50796975851817,-0.0560717417879992,0.0230842919673975,-0.08665259
49.44,7.52860530116483,-0.055762139845915,0.0226857937272843,-0.08491184
49.45,7.51200688519445,-0.0551842198986548,0.0222889002049545,-0.08308429
49.46,7.53051153654998,-0.0532072380641158,0.0218935347428749,-0.08117449
49.47,7.47235520392018,-0.0474171856539462,0.021499629279619,-0.07918718
49.48,7.4883905208774,-0.0431385806275051,0.0211071244675868,-0.07712731
49.49,7.52607666382208,-0.0449688759703457,0.0207159697381983,-0.075
49.5,7.52608201762716,-0.042882728643526,0.0203261233277823,-0.07281053
49.51,7.52914237237325,-0.0411509949193726,0.0199375524232369,-0.07056436
49.52,7.5000540347391,-0.0441678216219773,0.0195502329157868,-0.06826705
49.53,7.53515786911536,-0.0440677340933496,0.0191641493205184,-0.06592433
49.54,7.55089584724737,-0.04096994506572,0.0187792949993367,-0.06354202
49.55,7.50612566509689,-0.036197220392214,0.0183956720071115,-0.06112605
49.56,7.52864137027978,-0.0395130713581704,0.018013290572911,-0.05868241
49.57,7.56559558250393,-0.0416348008948859,0.0176321700077293,-0.05621719
49.58,7.58493804929778,-0.0419628163506339,0.017252338613735,-0.0537365
49.59,7.63019720422088,-0.0359886450254066,0.0168738304747057,-0.05124653
49.6,7.57128586543375,-0.0374458001770419,0.0164966887954412,-0.04875347
49.61,7.54275867719145,-0.038223304669825,0.0161209644639654,-0.0462635
49.62,7.60877886711193,-0.040636061959824,0.0157467157637488,-0.04378281
49.63,7.520505708436,-0.0380555924331218,0.0153740082507742,-0.04131759
49.64,7.50189905964592,-0.0342516541867137,0.0150029141677333,-0.03887395
49.65,7.47249731064796,-0.0396504156615126,0.0146335129772207,-0.03645798
49.66,7.39887348950129,-0.0460323036849453,0.0142658900861934,-0.03407567
49.67,7.4461142262853,-0.04545189329977,0.0139001369460378,-0.03173295
49.68,7.44291685062479,-0.0511507057722829,0.0135363506832053,-0.02943564
49.69,7.37620918356806,-0.0562957691388576,0.0131746337704358,-0.02718947
49.7,7.40028264153967,-0.0570023663371455,0.0128150936571463,-0.025
49.71,7.35843556601468,-0.0541755090619505,0.0124578421495437,-0.02287269
49.72,7.33695033929414,-0.0401395123021171,0.0121029956949458,-0.02081282
49.73,7.37230500702447,-0.0344698857021366,0.0117506743646739,-0.01882551
49.74,7.37815515027362,-0.0359286181038782,0.0114010016953154,-0.01691571
49.75,7.42866801618357,-0.033043652545681,0.0110541041940033,-0.01508816
49.76,7.43327446405879,-0.0282441655405918,0.0107101109804169,-0.01334741
49.77,7.43268986161551,-0.0276826987526389,0.0103691533376975,-0.01169778
49.78,7.45048092507398,-0.0323247817596516,0.0100313642695128,-0.01014337
49.79,7.46476429599035,-0.0389164467479304,0.00969687811020314,-0.00868806
49.8,7.47796036191919,-0.0432693587418439,0.00936583006973845,-0.00733546
49.81,7.43157036940888,-0.0377231694986509,0.00903835572987336,-0.00608892
49.82,7.40867214196855,-0.0292941735057255,0.00871459070253665,-0.00495156
49.83,7.40581220917802,-0.0340085102821171,0.00839467014759334,-0.00392619
49.84,7.45689034003302,-0.0312027838239235,0.00807872829935983,-0.00301537
49.85,7.46881804366968,-0.0325368388755283,0.00776689809044368,-0.00222136
49.86,7.49843981028956,-0.0414588254337498,0.0074593106644742,-0.00154614
49.87,7.52306574116376,-0.0396355064865734,0.00715609496697319,-0.00099138
49.88,7.60370023934185,-0.0493037392087213,0.00685737731247681,-0.00055846
49.89,7.60456723655171,-0.0569220060639806,0.00656328096655675,-0.00024846
49.9,7.64101882763024,-0.0572805469073985,0.00627386935852021,-0
49.91,7.58352633405955,-0.0500922892930897,0.00598934516781478,-0
49.92,7.55607406509393,-0.0487867747596385,0.00571014668890749,-0.00039426
49.93,7.58809653039541,-0.0458546013627502,0.00543703711317401,-0.00157084
49.94,7.55526566316286,-0.0424887203169326,0.00517087397841291,-0.00351118
49.95,7.50202428081893,-0.0363458294467069,0.00491238075490582,-0.00618467
49.96,7.53038111504631,-0.0280318147643184,0.00466236399724626,-0.00954915
49.97,7.52038493081601,-0.0247399843573684,0.00442171397121175,-0.01355157
49.98,7.52482144212402,-0.0268390944082894,0.00419133631610783,-0.0181288
49.99,7.56568574433634,-0.0251342644283273,0.00397204704969666,-0.02320866
50,7.47468232033588,-0.0142943734807114,0.00376455041706111,-0.02871104
50.01,7.47378718123377,-0.00724169489856555,0.00356938853548392,-0.03454915
50.02,7.4224351710998,-0.00664127156606302,0.00338692113529434,-0.04063093
50.03,7.34087913491754,-0.0076424694355213,0.00321731879502082,-0.04686047
50.04,7.30382725722025,-0.00120630572274821,0.00306056040539888,-0.05313953
50.05,7.30062666006745,0.00172432724265579,0.00291643424812247,-0.05936907
50.06,7.29222666503658,0.0100319898827349,0.00278454207391955,-0.06545085
50.07,7.33011483425012,0.00562198287694169,0.00266430646591368,-0.07128896
50.08,7.37394594044693,0.00235131216486897,0.0025549797690056,-0.07679134
50.09,7.41925476637562,-0.000699997868707717,0.00245565879634127,-0.0818712
50.1,7.47534486947663,-0.00805304540689911,0.00236530097243855,-0.08644843
50.11,7.49747946409115,-0.00407921240812107,0.00228274427843761,-0.09045085
50.12,7.5196256835415,-0.00756014683900202,0.0022067300333922,-0.09381533
50.13,7.46001112781056,-0.0123167155864338,0.00213592767427223,-0.09648882
50.14,7.4487471357276,-0.0166468761378739,0.00206896093031871,-0.09842916
50.15,7.42940438925423,-0.0239087376005455,0.00200443379744438,-0.09960574
50.16,7.41958900397369,-0.0191283513601982,0.00194090889024561,-0.09995106
50.17,7.40417676101366,-0.0072516623334054,0.00187746471509352,-0.1
50.18,7.38745092925675,-0.00700910263522201,0.00181363893189018,-0.09995106
50.19,7.35808660288032,-0.00587060282146456,0.00174885275394673,-0.09980434
50.2,7.43565391561336,-0.0113678808171623,0.00168255247499807,-0.09956013
50.21,7.42900953330582,-0.00953438515756851,0.00161437142785188,-0.0992189
50.22,7.41310316736204,0.00285638302671966,0.00154411579387279,-0.09878132
50.23,7.41948267967731,0.00285462401399056,0.00147170075695509,-0.09824825
50.24,7.39728670019114,-0.00333981660502599,0.00139709594264175,-0.09762073
50.25,7.45567248178794,-0.00290944947149948,0.00132029196748526,-0.09689999
50.26,7.44223018280009,-0.012766111663678,0.00124128446735459,-0.09608744
50.27,7.47390722911588,-0.00852903785212394,0.00116006834412007,-0.09518467
50.28,7.49598714898428,-0.00540571190564316,0.00107663695079289,-0.09419346
50.29,7.48542550608259,-0.0126190914276543,0.000990982981473373,-0.09311573
50.3,7.50164995658946,-0.014220671791744,0.000903099777577562,-0.0919536
50.31,7.5461694002211,-0.0163591155645821,0.000812982119089126,-0.09070934
50.32,7.5109972624047,-0.0265715630930375,0.000720626930408332,-0.0893854
50.33,7.5527215924318,-0.024628308263689,0.000626033839611507,-0.08798435
50.34,7.52448326493682,-0.0193199429017961,0.000529205414494619,-0.08650895
50.35,7.49400710641553,-0.0172033805991362,0.000430147411003843,-0.08496209
50.36,7.47193970048768,-0.0198410484300743,0.000328868918521482,-0.08334678
50.37,7.45951897079812,-0.0194549481761121,0.000225382556235512,-0.08166619
50.38,7.4641328200321,-0.0200107046870851,0.00011970464869414,-0.07992362
50.39,7.45082488291291,-0.00966739990335775,1.1855326853832e-05,-0.07812246
50.4,7.4575967296211,-0.00338096101976617,-9.8141198018405e-05,-0.07626626
50.41,7.44891098086749,-0.0125320097289913,-0.0002102569008897,-0.07435864
50.42,7.4355434019045,-0.0214816213660925,-0.000324459490850446,-0.07240334
50.43,7.46071496501525,-0.0158763320144138,-0.000440712460055802,-0.07040418
50.44,7.46358982842677,-0.0211006431994499,-0.000558975020907649,-0.06836508
50.45,7.43386392135293,-0.0251794418618117,-0.000679202072014924,-0.06629003
50.46,7.4531019986748,-0.0340136820569142,-0.000801343921683595,-0.06418309
50.47,7.44108474511222,-0.0363998943292334,-0.000925347093231818,-0.06204839
50.48,7.41367087150556,-0.0346838638506934,-0.00105115351404054,-0.0598901
50.49,7.43830042149706,-0.0247212760848791,-0.00117870101409021,-0.05771245
50.5,7.47620190735602,-0.0293633492166466,-0.00130792285433956,-0.0555197
50.51,7.48153533584509,-0.0217075295445162,-0.00143874811965023,-0.05331615
50.52,7.47310434175619,-0.00922946937922452,-0.00157110188987095,-0.0511061
50.53,7.50234991540433,-0.0101050490639338,-0.00170490521250279,-0.0488939
50.54,7.46279870674297,0.00113042771872744,-0.00184007520249097,-0.04668385
50.55,7.50199632368071,-3.14042506987383e-05,-0.00197652514285399,-0.0444803
50.56,7.52691916461288,-0.00308515240760764,-0.0021141646528336,-0.04228755
50.57,7.47464196945464,-0.00658156690793213,-0.0022528997753466,-0.0401099
50.58,7.47218914000699,-0.0150488239842902,-0.00239263314010558,-0.03795161
50.59,7.50107254774622,-0.0227535538257736,-0.00253326411803243,-0.03581691
50.6,7.48625217773975,-0.0195487071850281,-0.00267468898694018,-0.03370997
50.61,7.47893143574485,-0.0311114291589724,-0.00281680113535359,-0.03163492
50.62,7.44408555970583,-0.0247704909460346,-0.00295949120067052,-0.02959582
50.63,7.42186229744313,-0.0237110213525299,-0.0031026472924928,-0.02759666
50.64,7.4116226997184,-0.0174303969166847,-0.00324615518392049,-0.02564136
50.65,7.40439702761166,-0.0105545839455171,-0.0033898985264076,-0.02373374
50.66,7.42584212955947,-0.0146356663852575,-0.00353375905935642,-0.02187754
50.67,7.42911431013498,-0.0143354804241127,-0.00367761685188846,-0.02007638
50.68,7.46399617893775,-0.0065095831965148,-0.00382135048440641,-0.01833381
50.69,7.43769860694008,-0.00916392674268555,-0.00396483732198346,-0.01665322
50.7,7.41247326403678,-0.0153549863890361,-0.00410795369159418,-0.01503791
50.71,7.39553124645196,-0.0278163313019013,-0.00425057517007909,-0.01349105
50.72,7.39225281633553,-0.0237355853568672,-0.00439257683760468,-0.01201565
50.73,7.37321895341191,-0.0178631441344856,-0.00453383350909677,-0.0106146
50.74,7.37873117380993,-0.0192396237912915,-0.0046742199524025,-0.00929066
50.75,7.3527214723958,-0.0269329272260057,-0.00481361118054001,-0.0080464
50.76,7.37114819881087,-0.0260787090863204,-0.00495188268280569,-0.00688427
50.77,7.38684266198423,-0.0154847869040241,-0.00508891067460167,-0.00580654
50.78,7.46482975082168,-0.0126546333998926,-0.00522457250586696,-0.00481533
50.79,7.43885382131171,-0.0241569985757847,-0.00535874647551198,-0.00391256
50.8,7.42089355698831,-0.0272351037153621,-0.00549131251617324,-0.00310001
50.81,7.43009773274588,-0.0236881249489576,-0.00562215228580856,-0.00237927
50.82,7.48588049608898,-0.0297640547366776,-0.00575114944187908,-0.00175175
50.83,7.5104211355484,-0.0292395697612815,-0.0058781898778582,-0.00121868
50.84,7.51769026590899,-0.0332269841454693,-0.00600316196686576,-0.0007811
50.85,7.49052909704836,-0.0220831696557404,-0.00612595680702463,-0.00043987
50.86,7.53628482425063,-0.0184665091075281,-0.00624646845336055,-0.00019566
50.87,7.56488502805577,-0.0156375352857063,-0.00636464005547564,-0
50.88,7.58085044335799,-0.0190940041551198,-0.00648030004358837,-0
50.89,7.55294587232112,-0.00981264706608012,-0.00659301671862586,-0.00039426
50.9,7.4652091724541,-0.003611997414507,-0.00670198644103464,-0.00157084
50.91,7.48671944990314,-0.00315179717710757,-0.00680634228663506,-0.00351118
50.92,7.50112277202034,-0.0063405815327658,-0.00690535411673583,-0.00618467
50.93,7.46680579541035,-0.00162901028957763,-0.00699820660391805,-0.00954915
50.94,7.43942775146042,0.00430787955515282,-0.00708399595596809,-0.01355157
50.95,7.40348486925586,0.00821861582357136,-0.00716181966373216,-0.0181288
50.96,7.43270081444543,0.0105790458855128,-0.00723089915846458,-0.02320866
50.97,7.47999770979752,-0.000386679691469898,-0.00729059820053616,-0.02871104
50.98,7.42593210301298,0.00740855497631149,-0.0073403797760092,-0.03454915
50.99,7.43345606000427,0.0073459707152266,-0.00738002277222213,-0.04063093
51,7.43477892619347,0.00513570899538481,-0.00740954582930525,-0.04686047
51.01,7.42668231999595,-0.00584842406713254,-0.0074290546888379,-0.05313953
51.02,7.43171671663709,0.00447747184322827,-0.00743904952250404,-0.05936907
51.03,7.41269368821021,0.00286229844415215,-0.00744030609054892,-0.06545085
51.04,7.4474875514409,0.00751263099676597,-0.00743390152062196,-0.07128896
51.05,7.45935185381941,-0.00119653007618711,-0.00742151756273081,-0.07679134
51.06,7.4302772199985,-4.62321212040644e-05,-0.00739482659622874,-0.09270501
51.07,7.41093631497911,0.0100767127823662,-0.00734279174104879,-0.11894986
51.08,7.3747722742724,0.00979753561395465,-0.00726251084211831,-0.1554537
51.09,7.27756102062798,0.00108366919491208,-0.00715348440253719,-0.20215343
51.1,7.19017546263139,0.0086311539967389,-0.00701562005424486,-0.25899596
51.11,7.11186639278768,0.0154099958224162,-0.00684890380980064,-0.32593915
51.12,7.08771289166342,0.0186084051942184,-0.00665332847464436,-0.40295239
51.13,6.96904839741379,0.0321061504489963,-0.00642892100395244,-0.48997084
51.14,6.91887517602711,0.0333562899136751,-0.0061751840697004,-0.58752141
51.15,6.87125903288081,0.0547308199377526,-0.0059011367627754,-0.6849794
51.16,6.82661770621324,0.0542347349065041,-0.00561916456030287,-0.78234489
51.17,6.80469436252365,0.0499440665214427,-0.00533379645965604,-0.87961813
51.18,6.72042990832745,0.0516008121408563,-0.00504668010569725,-0.97679955
51.19,6.58580688092443,0.0555498895157832,-0.00475841317720333,-1.07388975
51.2,6.57361173169076,0.048876064828569,-0.00446921307755241,-1.1708895
51.21,6.48622595248318,0.0450448322809593,-0.00417915918103963,-1.26779973
51.22,6.38191546071917,0.0379623907013815,-0.00388828054474285,-1.36462154
51.23,6.29854424835513,0.0363492556393624,-0.00359658765246695,-1.4613562
51.24,6.1909010112879,0.0447948752274903,-0.0033040839447042,-1.55800512
51.25,6.11012198760577,0.0449972331303259,-0.00301076998313504,-1.6545699
51.26,6.04137468238484,0.0452125947686533,-0.00271664569055283,-1.75105228
51.27,5.93956676585316,0.0469708928969376,-0.00242170795941331,-1.84745414
51.28,5.85278399377823,0.0469005082745436,-0.00212595533582925,-1.94377752
51.29,5.7601368414069,0.0416322738890039,-0.00182938506932547,-2.04002462
51.3,5.59378124071459,0.0359643829118462,-0.00153199391461512,-2.13619777
51.31,5.46802007396045,0.0224495005595457,-0.00123377818300929,-2.23229942
51.32,5.37711246453821,0.034206332998626,-0.000934733737852297,-2.32833217
51.33,5.45819822881045,0.0780944890601507,-0.00063485598399856,-2.42429876
51.34,5.70459111064319,0.142740055684686,-0.000334139917265405,-2.52020202
51.35,6.12083787011235,0.234051591255253,0,-2.61604492
51.36,6.67509103554918,0.346445198133945,0.0022378366991875,-2.71183054
51.37,7.444479423379,0.488078346792963,0.00648291071951624,-2.80756206
51.38,8.3100462024849,0.633567014778049,0.0125473827958124,-2.90324277
51.39,9.27531559615721,0.765491820087272,0.020110536566377,-2.99887604
51.4,10.2213122333117,0.890066760039357,0.0288894146054967,-3.09446533
51.41,11.105743673069,0.997257491427539,0.0386902025282417,-3.19001419
51.42,11.9336810907299,1.089535517603,0.0493916827738302,-3.28552624
51.43,12.7244768846879,1.17160235972482,0.0609163197696203,-3.38100518
51.44,13.4397743154317,1.23357793996099,0.0732123189210861,-3.47645474
51.45,14.0596613568821,1.28770395578766,0.0862197616815602,-3.57187875
51.46,14.5601900087716,1.33196800475625,0.0997350414335737,-3.66728104
51.47,14.9968182235054,1.3519297451751,0.113478712904451,-3.76266551
51.48,15.30530434737,1.36908812041634,0.127252267801767,-3.85803609
51.49,15.5131452045557,1.37570612278149,0.140953758072856,-3.95339673
51.5,15.6392013640322,1.37124993449881,0.154543620538711,-4.0487514
51.51,15.6969699269755,1.35964033208464,0.168014639836547,-4.14410407
51.52,15.7589040810172,1.35045236460478,0.181371079528336,-4.23945873
51.53,15.856910316667,1.3404434405182,0.194619125229122,-4.33481937
51.54,15.9339497725215,1.33068444010377,0.207763528352975,-4.43018995
51.55,16.0002195344384,1.31634563010468,0.220807251381879,-4.52557443
51.56,16.0918166243308,1.30619282048463,0.233752064406875,-4.62097672
51.57,16.1706636452462,1.29277561382512,0.24659916343689,-4.71640072
51.58,16.2671922582916,1.27843694073251,0.259349554473159,-4.81185029
51.59,16.371847607956,1.26580339581106,0.272004227554802,-4.90732922
51.6,16.4219386669509,1.25283968001122,0.28456419324279,-5.00284128
51.61,16.4627971043786,1.24052460724399,0.297026081115006,-5.08755633
51.62,16.535232044467,1.22732243381313,0.309382255446916,-5.161478
51.63,16.5823555403393,1.20684563175405,0.321626853108409,-5.22460984
51.64,16.708563856119,1.1918358237868,0.333754713964463,-5.27695531
51.65,16.7923921029092,1.17585445068749,0.345760657167433,-5.31851779
51.66,16.9066425000646,1.16382280565321,0.357639180171494,-5.34930055
51.67,17.0470917047599,1.1494036409298,0.369385037106277,-5.36930679
51.68,17.1953057730512,1.1354252990231,0.380992552864551,-5.37853958
51.69,17.3303484622289,1.12053976948444,0.39244843184151,-5.3594766
51.7,17.4566399785671,1.11041171318744,0.403736711035156,-5.32295451
51.71,17.5414466152326,1.09497592786546,0.414848990843675,-5.26897604
51.72,17.6548945749213,1.08292633821779,0.425775828460832,-5.19754379
51.73,17.7751867504096,1.05735153012439,0.436506918458129,-5.10866021
51.74,17.908339929209,1.03649613477824,0.447031593517445,-5.00232763
51.75,18.0285667946603,1.01038114662443,0.457338550529858,-4.87854825
51.76,18.1241136896297,0.992456290974129,0.467416348354,-4.73732411
51.77,18.3021245857266,0.965586029719092,0.477253613142156,-4.57865709
51.78,18.4564683261319,0.943411286694261,0.486846125296733,-4.42007421
51.79,18.6219190010306,0.911017479905436,0.496197769931932,-4.26157707
51.8,18.7491746999042,0.89454987905037,0.505308561197901,-4.10316708
51.81,18.8641041895934,0.87127104955044,0.514177150411389,-3.94484551
51.82,18.9993561598659,0.847871115751123,0.522802264545342,-3.78661346
51.83,19.1232132312506,0.814420488680572,0.53118294336893,-3.62847187
51.84,19.2278948092286,0.79511267761755,0.539319089872621,-3.47042149
51.85,19.3777706513043,0.768385828292292,0.54721053170295,-3.31246293
51.86,19.5172056975246,0.747214296603961,0.55485693230064,-3.15455032
51.87,19.6799590507237,0.720366544515135,0.562258264641944,-2.99682281
51.88,19.8152856463942,0.69107763352736,0.569414571492853,-2.83948956
51.89,19.9213542891567,0.66592100702066,0.576326148371876,-2.68293862
51.9,20.066609807995,0.639532459016622,0.582993385528504,-2.52715143
51.91,20.1948816865755,0.611496459931045,0.589416535313907,-2.37209741
51.92,20.3100048196642,0.590095251831285,0.595595813195886,-2.21773438
51.93,20.4296141429451,0.572013618069805,0.60153143148917,-2.06400928
51.94,20.5124752801708,0.547714399629599,0.607223600040852,-1.91085899
51.95,20.5975962407947,0.533101388368817,0.612672495772423,-1.75821134
51.96,20.7212119383045,0.511659968816678,0.617878270803869,-1.6059862
51.97,20.7427906374766,0.459095061295225,0.622840927206456,-1.4540968
51.98,20.3099497412591,0.305474353264817,0.627560431030872,-1.30245106
51.99,19.4497544431884,0.101506105214737,0.632036651221396,-1.15095309
52,18.3897618681717,-0.129951494722754,0.635971483880244,-0.99950462
52.01,17.2029214982295,-0.367074173655796,0.634060238423908,-0.84800665
52.02,15.9219720784764,-0.606305799031661,0.626526287251671,-0.69636091
52.03,14.6568735627916,-0.836524278942589,0.616271049123965,-0.56199679
52.04,13.474112936856,-1.02380031835117,0.60485545086261,-0.44482221
52.05,12.6950393303243,-1.1030301059363,0.593114368218142,-0.34475039
52.06,12.2998653743151,-1.13841486634899,0.581442325162848,-0.26170123
52.07,12.0587393001886,-1.12862158268721,0.569983761542999,-0.19560253
52.08,11.9778949911144,-1.10984732550449,0.558764486493634,-0.14639117
52.09,11.937527626742,-1.08518566186935,0.547769476373952,-0.1140141
52.1,11.8584040864999,-1.0620278854025,0.536980850323005,-0.09842916
52.11,11.7481317797134,-1.04830706790686,0.526390665634439,-0.09960574
52.12,11.6322048949787,-1.03767713444293,0.515992493749952,-0.09995614
52.13,11.5185735323066,-1.01495324801697,0.505778180427648,-0.1
52.14,11.4773055958003,-0.996148207589679,0.495745846541027,-0.09995614
52.15,11.3127704858595,-0.984400321821435,0.485895079852444,-0.09982464
52.16,11.1788931146444,-0.97809726658499,0.476224763352967,-0.09960574
52.17,11.0087118762029,-0.955206867832198,0.466733644549349,-0.0992998
52.18,10.8618813126194,-0.935358310163351,0.457419501791697,-0.09890738
52.19,10.7647313768249,-0.918327000667779,0.448279876510603,-0.09842916
52.2,10.6747778917775,-0.894199830068659,0.439312243011559,-0.09786597
52.21,10.5517584010398,-0.892307398877682,0.430514047820668,-0.09721882
52.22,10.4689604055291,-0.871106128309013,0.421882834710646,-0.09648882
52.23,10.3588897435215,-0.844142016903126,0.413416149522825,-0.09567727
52.24,10.2378735853232,-0.838626181894155,0.40511168679161,-0.09478559
52.25,10.1444517754644,-0.820929606960035,0.396967019073797,-0.09381533
52.26,10.0094480612078,-0.800799488535868,0.388979769228533,-0.09276821
52.27,9.93139975026599,-0.786991294734847,0.381147624112795,-0.09164606
52.28,9.82770783346163,-0.766222633263157,0.373468227125836,-0.09045085
52.29,9.76924869748581,-0.754293329021428,0.365939267070724,-0.08918467
52.3,9.71888103206186,-0.746183480152441,0.358558410446475,-0.08784975
52.31,9.65246761300901,-0.723487659984065,0.351323358483743,-0.08644843
52.32,9.61794443149937,-0.705865601203339,0.344232041590048,-0.08498317
52.33,9.58313193598929,-0.690093841736397,0.337281930001213,-0.08345653
52.34,9.481912885706,-0.680119726092575,0.33047073777182,-0.0818712
52.35,9.41260955665435,-0.65754876109058,0.323796259091926,-0.08022996
52.36,9.27699857559762,-0.637196081143574,0.317256272213293,-0.07853568
52.37,9.17797513434916,-0.618987589439011,0.310848554514478,-0.07679134
52.38,9.19131363624182,-0.610498053793599,0.304570894135665,-0.075
52.39,9.1603335044903,-0.606878039732518,0.298421090720726,-0.0731648
52.4,9.10238817367288,-0.595561246033145,0.292397009410097,-0.07128896
52.41,9.06033702356256,-0.583167817112033,0.286496450965237,-0.06937578
52.42,9.0106668307838,-0.568678116722131,0.280717271222305,-0.0674286
52.43,9.00702749276466,-0.565000974718787,0.275057342933251,-0.06545085
52.44,9.0426150041786,-0.553938816643031,0.2695145559953,-0.06344599
52.45,8.96647382519179,-0.544289385440143,0.264086817188692,-0.06141754
52.46,8.87411728214827,-0.530391406095566,0.258772034250332,-0.05936907
52.47,8.83547555919812,-0.514007065270492,0.253568170319631,-0.05730415
52.48,8.77333410216229,-0.500736177606753,0.248473180784747,-0.05522642
52.49,8.79370167985712,-0.487528617004445,0.243485014130638,-0.05313953
52.5,8.70312690579206,-0.474608908255272,0.238601736074043,-0.05104712
52.51,8.63074889382094,-0.466488040612457,0.233821347332555,-0.04895288
52.52,8.60358442878902,-0.456497610665467,0.229141678381518,-0.04686047
52.53,8.57526787465949,-0.442983945076043,0.22456109106447,-0.04477358
52.54,8.56385971013012,-0.445209917061075,0.220077519234079,-0.04269585
52.55,8.56691655055401,-0.438224762786315,0.215689137234346,-0.04063093
52.56,8.46002265486519,-0.435003322468209,0.211394123800652,-0.03858246
52.57,8.46950524959558,-0.432052549388598,0.207190489449161,-0.03655401
52.58,8.44925701176197,-0.426735309984976,0.20307644579168,-0.03454915
52.59,8.36280378030647,-0.414492907591738,0.199050206294546,-0.0325714
52.6,8.29320105716937,-0.407874609248379,0.195109981365393,-0.03062422
52.61,8.24626205644699,-0.40164660126949,0.191253984540592,-0.02871104
52.62,8.21725351778307,-0.391596501693839,0.187480509984383,-0.0268352
52.63,8.17992223775392,-0.387292948472737,0.183787843346486,-0.025
52.64,8.12938989425198,-0.369198649979477,0.180174319736551,-0.02320866
52.65,8.09571174718654,-0.354093315648856,0.176638268257901,-0.02146432
52.66,8.10204288709337,-0.347697319999559,0.173178042361362,-0.01977004
52.67,8.12798096426789,-0.334966896784973,0.169792013962789,-0.0181288
52.68,8.11667577975016,-0.322326933532047,0.166478627202138,-0.01654347
52.69,8.09909510698706,-0.314105418493877,0.163236327167079,-0.01501683
52.7,8.14314876377898,-0.303608166850483,0.160063613850928,-0.01355157
52.71,8.13618759003725,-0.294241849028142,0.156958949744262,-0.01215025
52.72,8.15468494511397,-0.295548181024898,0.153920844299652,-0.01081533
52.73,8.17078111354154,-0.285633195442545,0.150947870666838,-0.00954915
52.74,8.12707506229639,-0.272603598937816,0.148038627665795,-0.00835394
52.75,8.09821426546285,-0.267164668217418,0.145191694236853,-0.00723179
52.76,8.08334002435272,-0.262865497299067,0.142405694987931,-0.00618467
52.77,8.08788621798052,-0.257550007508796,0.13967929994867,-0.00521441
52.78,8.05288731640957,-0.255967092299159,0.137011195075072,-0.00432273
52.79,8.01116039246975,-0.246108171642332,0.134400092079797,-0.00351118
52.8,7.99349876958084,-0.23746982245861,0.131844728800214,-0.00278118
52.81,7.9722413534174,-0.242568823989069,0.129343869309433,-0.00213403
52.82,7.90281429868189,-0.240396752229483,0.126896303604104,-0.00157084
52.83,7.84907555504493,-0.238104028726201,0.124500848042526,-0.00109262
52.84,7.77693955850846,-0.225198467305263,0.122156344226308,-0.0007002
52.85,7.80309907208115,-0.222393969739954,0.119861659174718,-0.00039426
52.86,7.81173672722897,-0.207457282594859,0.11761568484784,-0.00017536
52.87,7.7615576207225,-0.211725180653739,0.115417304793305,-0
52.88,7.81716175749787,-0.205134149133037,0.113265504595943,-0
52.89,7.8619191865867,-0.197144894961016,0.11115954245285,-0.00039426
52.9,7.8444024812017,-0.183491612397415,0.109099051918396,-0.00157084
52.91,7.87895294321718,-0.187600940364019,0.107083787701584,-0.00351118
52.92,7.84392691952395,-0.180742158157089,0.105113416499785,-0.00618467
52.93,7.82403971272833,-0.18172835405212,0.103187602175913,-0.00954915
52.94,7.8221331795529,-0.168787880579436,0.101306111019991,-0.01355157
52.95,7.77906675883734,-0.156228347177103,0.0994687981755943,-0.0181288
52.96,7.77720777595156,-0.14834843002368,0.0976754597434317,-0.02320866
52.97,7.83975167281189,-0.154091450590062,0.0959258192711987,-0.02871104
52.98,7.80531168386465,-0.152785937579557,0.094219499436906,-0.03454915
52.99,7.8053389703867,-0.154001804377043,0.0925560061158154,-0.04063093
53,7.79343287686988,-0.150395754710449,0.0909347200573898,-0.04686047
53.01,7.84113310334362,-0.151282299643981,0.0893548932427088,-0.05313953
53.02,7.82190135494987,-0.153625857156075,0.0878156468407722,-0.05936907
53.03,7.80687861273379,-0.152978891524449,0.0863159714931165,-0.06545085
53.04,7.75076465692763,-0.148219563190342,0.0848547289693274,-0.07128896
53.05,7.73539300427754,-0.141558321210797,0.0834306557693989,-0.07679134
53.06,7.75290987127941,-0.137330713067773,0.0820423700445804,-0.0818712
53.07,7.73752555853925,-0.137594578087273,0.0806883855850909,-0.08644843
53.08,7.71172951445628,-0.131540326414634,0.0793671038057821,-0.09045085
53.09,7.69991204404063,-0.134067878667637,0.0780768474919674,-0.09381533
53.1,7.71704409984923,-0.132860886735238,0.0768158683152825,-0.09648882
53.11,7.68584969586448,-0.121935613547672,0.0755823654415044,-0.09842916
53.12,7.66409387460074,-0.121775312884045,0.07437450246084,-0.09960574
53.13,7.59358832495266,-0.111413762834028,0.0731903841281264,-0.09994965
53.14,7.61353454095127,-0.103588214418825,0.0720285578934432,-0.1
53.15,7.55064054956587,-0.0998860738304194,0.0708880062172148,-0.09994965
53.16,7.53057981842953,-0.088142623825032,0.0697676349835423,-0.09979871
53.17,7.50228693708558,-0.0805526744755478,0.0686663658475459,-0.09954749
53.18,7.56452925473233,-0.0847334828056925,0.0675832671878817,-0.09919648
53.19,7.53916107133421,-0.0828504427926238,0.0665176121914719,-0.0987464
53.2,7.55600152853558,-0.0875277548310034,0.0654687993591606,-0.09819814
53.21,7.52718482187703,-0.0899597887492562,0.0644362957285673,-0.09755283
53.22,7.54041297513922,-0.0853045587606113,0.063419602849144,-0.09681174
53.23,7.58294730059838,-0.0925582911105979,0.0624182402549264,-0.09597639
53.24,7.58933782485195,-0.0969994746283354,0.0614317390667229,-0.09504844
53.25,7.58151179634903,-0.0978060779332352,0.0604596421500625,-0.09402978
53.26,7.61731203494076,-0.087810861418514,0.0595015058172825,-0.09292244
53.27,7.65676028827883,-0.0855500890200838,0.0585569012103556,-0.09172866
53.28,7.70823886896304,-0.0756523355057747,0.0576254151513756,-0.09045085
53.29,7.71734067047543,-0.0783235286047904,0.0567066504398318,-0.08909157
53.3,7.65242438100968,-0.0756925696854155,0.0558002258961973,-0.08765357
53.31,7.62838307281621,-0.0652983658518193,0.0549057761220216,-0.08613974
53.32,7.62719597401075,-0.0680551539104061,0.054022951330799,-0.08455313
53.33,7.56713990250041,-0.0679753573525079,0.0531514170708093,-0.08289694
53.34,7.56578837774632,-0.0657599729734692,0.0522908538805275,-0.08117449
53.35,7.49813302367335,-0.0759435927725798,0.0514409571336538,-0.07938926
53.36,7.50075224731283,-0.0758958927500411,0.050601436785418,-0.07754485
53.37,7.49195214144505,-0.0743119767127243,0.0497720171039877,-0.07564496
53.38,7.49763068198029,-0.080673097930812,0.0489524363623887,-0.07369343
53.39,7.47581566671052,-0.0728462569924641,0.0481424467058809,-0.07169419
53.4,7.53681035825162,-0.0814193925697369,0.0473418136941227,-0.06965125
53.41,7.52925506644579,-0.0855657990143235,0.0465503162121354,-0.06756874
53.42,7.5196127005109,-0.0824992262586245,0.0457677461096972,-0.06545085
53.43,7.46568303982698,-0.0834837128885936,0.0449939078947486,-0.06330184
53.44,7.50257565079742,-0.0825952542371283,0.0442286182207945,-0.06112605
53.45,7.50777355269362,-0.0779553078065644,0.0434717064967334,-0.05892784
53.46,7.49400262494479,-0.0833337205603104,0.0427230131654025,-0.05671166
53.47,7.473158130037,-0.0729999042482856,0.0419823904337319,-0.05448197
53.48,7.47172556871334,-0.0695564910402186,0.0412497016591905,-0.05224324
53.49,7.52065312475462,-0.0602936095988142,0.0405248210573524,-0.05
53.5,7.57269470825399,-0.0587571282615166,0.0398076333085032,-0.04775676
53.51,7.56647388284988,-0.0625102422746104,0.0390980331854853,-0.04551803
53.52,7.56492905084758,-0.0643139308267348,0.0383959253376305,-0.04328834
53.53,7.57357645471135,-0.0571357072499292,0.0377012237919451,-0.04107216
53.54,7.55548483692953,-0.0650271448360527,0.0370138517005327,-0.03887395
53.55,7.5574088555501,-0.0602863618855134,0.0363337410723745,-0.03669816
53.56,7.51041149241958,-0.0664988873486987,0.0356608322290659,-0.03454915
53.57,7.531978820478,-0.0688097381336079,0.0349950736163141,-0.03243126
53.58,7.52177869796449,-0.0675297294131255,0.0343364198489073,-0.03034875
53.59,7.49842055256399,-0.0688875686686149,0.0336848358189642,-0.02830581
53.6,7.50277614877132,-0.0680856936472525,0.0330402926182331,-0.02630657
53.61,7.51532832804731,-0.0610989396902118,0.0324027664182665,-0.02435504
53.62,7.52021224021904,-0.0611911503744509,0.0317722403770267,-0.02245515
53.63,7.5159741488453,-0.0578538491787525,0.0311487038560167,-0.02061074
53.64,7.52705704243554,-0.055906641157765,0.0305321516551034,-0.01882551
53.65,7.56745009966433,-0.0474171648572169,0.0299225837046239,-0.01710306
53.66,7.58974697084053,-0.0490771528858491,0.0293200046600729,-0.01544687
53.67,7.5950435218132,-0.0480485945732924,0.0287244234990285,-0.01386026
53.68,7.63653973704103,-0.0495192648352866,0.0281358531907158,-0.01234643
53.69,7.66772404926911,-0.0512186272049046,0.0275543071592185,-0.01090843
53.7,7.64205297448617,-0.0541557034661414,0.0269797846583605,-0.00954915
53.71,7.60427344632001,-0.0551156971105214,0.0264123447692393,-0.00827134
53.72,7.58851680748144,-0.0522966162255223,0.025852001346892,-0.00707756
53.73,7.54837039768752,-0.0380071201111678,0.0252987777006457,-0.00597022
53.74,7.57497691252934,-0.0352815105383544,0.0247527038541475,-0.00495156
53.75,7.55556784997556,-0.0298702319503719,0.0242138126537782,-0.00402361
53.76,7.49549597225048,-0.0214505619213952,0.0236821378708051,-0.00318826
53.77,7.52384659653566,-0.0292920900246769,0.0231577135045037,-0.00244717
53.78,7.47264846914039,-0.0213032101397664,0.0226405734575829,-0.00180186
53.79,7.46938264800349,-0.0272540509746309,0.0221307514374414,-0.0012536
53.8,7.53752927724692,-0.0380235993308853,0.0216282807807705,-0.00080352
53.81,7.4677448852406,-0.0347047466654379,0.0211331942686975,-0.00045251
53.82,7.46548756398556,-0.042445523411091,0.0206455238487323,-0.00020129
53.83,7.47146625661836,-0.0553325403093513,0.0201652520125484,-0
53.84,7.49159805172835,-0.0476283531940986,0.0196924839894554,-0
53.85,7.52655810751827,-0.0525388684113877,0.0192275695472292,-0.00039426
53.86,7.55098014507357,-0.0505214020387117,0.0187712300799124,-0.00157084
53.87,7.54348910991296,-0.0527518908750779,0.0183242593120118,-0.00351118
53.88,7.56281449273526,-0.0592993478239993,0.0178873212670243,-0.00618467
53.89,7.55732791395474,-0.0595191853164355,0.0174611688419513,-0.00954915
53.9,7.56411674696819,-0.0563557324532099,0.0170466464174249,-0.01355157
53.91,7.57008376460946,-0.0513935542958804,0.0166446123299455,-0.0181288
53.92,7.62394857174851,-0.0504118033528996,0.01625586203982,-0.02320866
53.93,7.54917169493148,-0.0456145977343092,0.0158810699873872,-0.02871104
53.94,7.50094004032133,-0.0351497064249293,0.0155207578388312,-0.03454915
53.95,7.51046567766502,-0.0303395118494697,0.0151752732464794,-0.04063093
53.96,7.4677580740457,-0.0225340138653583,0.0148447729877879,-0.04686047
53.97,7.45664574862956,-0.0221713156979286,0.0145292419462216,-0.05313953
53.98,7.46515755724439,-0.0263176989575826,0.0142284738514323,-0.05936907
53.99,7.44088210073673,-0.0267751680299844,0.0139420825760666,-0.06545085
54,7.49833559423321,-0.0262927862356552,0.0136695026809205,-0.07128896
54.01,7.5347464884063,-0.0323511180562687,0.0134100051088114,-0.07679134
54.02,7.51060031584739,-0.0266858514413122,0.0131627050983574,-0.0818712
54.03,7.52483993098605,-0.0270329944043394,0.0129265765313845,-0.08644843
54.04,7.5248922234987,-0.0203098928764651,0.0127004679805455,-0.09045085
54.05,7.47022124749624,-0.0156638511870527,0.0124831219747517,-0.09381533
54.06,7.467722468477,-0.0120187700214378,0.0122731947801862,-0.09648882
54.07,7.42330036389778,-0.00892310066243141,0.0120692786242668,-0.09842916
54.08,7.40809308468491,-0.00329512098580952,0.01186992463496,-0.09960574
54.09,7.42537327898446,-0.0145946571143498,0.0116736207840819,-0.09995106
54.1,7.41754167384959,-0.0165284884926154,0.011479344580308,-0.1
54.11,7.40912010105625,-0.0174831921144518,0.0112865198499378,-0.09995106
54.12,7.46114859841354,-0.00764358439434101,0.0110944525815401,-0.09980434
54.13,7.50914767708093,-0.0140906187651875,0.0109024894591276,-0.09956013
54.14,7.51617204815632,-0.0180580569419531,0.0107101860222262,-0.0992189
54.15,7.50894644547205,-0.0167363641780665,0.010517297445037,-0.09878132
54.16,7.47087822567013,-0.00846791783576274,0.0103237089949515,-0.09824825
54.17,7.48369065969566,-0.0140500868022936,0.0101293744853553,-0.09762073
54.18,7.48876624863355,-0.00772229634430387,0.0099342755713356,-0.09689999
54.19,7.45744646869074,-0.0215749562311003,0.00973840110188775,-0.09608744
54.2,7.34086207046109,-0.0171364678714644,0.00954173901964394,-0.09518467
54.21,7.40928753930417,-0.0188408338644011,0.00934427432220848,-0.09419346
54.22,7.4087505860925,-0.020639694981284,0.0091460005396833,-0.09311573
54.23,7.41217394078119,-0.0244765664579923,0.0089468882785965,-0.0919536
54.24,7.40747228568433,-0.017297732499187,0.008746925600138,-0.09070934
54.25,7.41867151469775,-0.0323658286534777,0.00854609881964002,-0.0893854
54.26,7.44079358280918,-0.0247373109428031,0.00834439531535335,-0.08798435
54.27,7.43684441670179,-0.0252482334569222,0.00814180466717524,-0.08650895
54.28,7.40035598292856,-0.0237202015828739,0.00793831969442265,-0.08496209
54.29,7.36787163976555,-0.0278377662305228,0.007733936609034,-0.08334678
54.3,7.41355478196162,-0.0351048973769241,0.00752865518320763,-0.08166619
54.31,7.44082635149997,-0.0347080209680531,0.00732247886572448,-0.07992362
54.32,7.45473279870854,-0.0203600606459828,0.00711541485868814,-0.07812246
54.33,7.42522720549077,-0.0237609733376674,0.00690747424018061,-0.07626626
54.34,7.42551819073555,-0.0230999288509406,0.00669867206633504,-0.07435864
54.35,7.40649809903161,-0.0190015971698018,0.00648902745534152,-0.07240334
54.36,7.43643721229929,-0.010956158887364,0.0062785638953415,-0.07040418
54.37,7.44895699935995,-0.00149565778459244,0.00606730865182766,-0.06836508
54.38,7.4337921619013,-0.00914442357509408,0.00585529348327262,-0.06629003
54.39,7.36853060897999,-0.0121513507634524,0.00564255445495667,-0.06418309
54.4,7.34924969433637,-0.0202890814631754,0.00542913194278679,-0.06204839
54.41,7.38748402551974,-0.0224128277820835,0.00521507062146853,-0.0598901
54.42,7.43330747003967,-0.0264652929616409,0.00500041946590364,-0.05771245
54.43,7.42152117518761,-0.0320299079736575,0.00478523169959386,-0.0555197
54.44,7.40811333709965,-0.032901618513875,0.00456956467869186,-0.05331615
54.45,7.38811500566069,-0.0289435361080078,0.00435348008180451,-0.0511061
54.46,7.44635597619684,-0.0260935938613426,0.00413704357499675,-0.0488939
54.47,7.47725463384738,-0.0245307899384922,0.00392032478636553,-0.04668385
54.48,7.49688566872341,-0.0284231949921322,0.00370339721365312,-0.0444803
54.49,7.45108274974594,-0.0347371079826712,0.00348633812655179,-0.04228755
54.5,7.45165911040646,-0.0334453539101028,0.00326922839999619,-0.0401099
54.51,7.46375274347675,-0.0352923069031636,0.00305215241125278,-0.03795161
54.52,7.49892776854162,-0.0319323557293928,0.00283519789835852,-0.03581691
54.53,7.49596759789546,-0.0350659446946461,0.00261845575849012,-0.03370997
54.54,7.46823059789249,-0.029036795570571,0.00240201992698436,-0.03163492
54.55,7.45065233281367,-0.022749727134108,0.00218598717831486,-0.02959582
54.56,7.45173896772367,-0.0185812816679815,0.00197045693358822,-0.02759666
54.57,7.48741507460475,-0.0187649012389914,0.00175553107167083,-0.02564136
54.58,7.44008462368194,-0.0235615210988594,0.0015413137279307,-0.02373374
54.59,7.37676957929142,-0.0261004016276632,0.00132791109092947,-0.02187754
54.6,7.38020880500242,-0.0335509336999009,0.00111543116707772,-0.02007638
54.61,7.36914845879598,-0.0366633763219478,0.000903983595114691,-0.01833381
54.62,7.38102941159852,-0.0362722246503456,0.000693679397166158,-0.01665322
54.63,7.35430869743553,-0.0391507882496819,0.00048463060286311,-0.01503791
54.64,7.34832340444059,-0.0423463504202456,0.000276950454045551,-0.01349105
54.65,7.33407462167136,-0.0371970084964418,7.07527243388305e-05,-0.01201565
54.66,7.37414150831088,-0.0360308495469753,-0.000133848372302544,-0.0106146
54.67,7.33432144421786,-0.0243695767674384,-0.000336738403249088,-0.00929066
54.68,7.33529953192788,-0.027405383093637,-0.000537803000319265,-0.0080464
54.69,7.33524134345236,-0.0261846304266846,-0.000736928093075228,-0.00688427
54.7,7.3326106502028,-0.0208242670332507,-0.000934000144820236,-0.00580654
54.71,7.3150780833363,-0.0188500861742348,-0.00112890642044647,-0.00481533
54.72,7.34241659905839,-0.022897865832165,-0.00132153523416767,-0.00391256
54.73,7.32883368672357,-0.0279039434424924,-0.00151177618728537,-0.00310001
54.74,7.3576187948283,-0.0350050452613065,-0.00169952042122886,-0.00237927
54.75,7.37295721440295,-0.0324395634655202,-0.00188466085811657,-0.00175175
54.76,7.37305202402535,-0.0329379241107002,-0.00206709245500662,-0.00121868
54.77,7.45307453852248,-0.0337767258338128,-0.00224671244026678,-0.0007811
54.78,7.46827142174962,-0.0340402223405203,-0.00242342055962934,-0.00043987
54.79,7.49291133833954,-0.0273087971521723,-0.00259711928639139,-0.00019566
54.8,7.53563272879411,-0.0225981502832053,-0.00276775982074027,-0
54.81,7.56018736831255,-0.0248488352945976,-0.00293517933340327,-0
54.82,7.63398816708943,-0.0238611449314547,-0.00309895441300747,-0.00039426
54.83,7.72021029512356,-0.022426227536395,-0.00325829126510346,-0.00157084
54.84,7.69599116952817,-0.0192316558675467,-0.00341232971080164,-0.00351118
54.85,7.67793660209891,-0.0177740756601708,-0.00356034290130764,-0.00618467
54.86,7.70447215642422,-0.0233924707167396,-0.00370151365880433,-0.00954915
54.87,7.68136704125663,-0.026273781928839,-0.0038349403305124,-0.01355157
54.88,7.68008238888422,-0.0268843746379456,-0.00395971390834592,-0.0181288
54.89,7.61191911677239,-0.0299120386445968,-0.00407500048504722,-0.02320866
54.9,7.51237183259937,-0.022458948363908,-0.00418009928340602,-0.02871104
54.91,7.47173689787826,-0.0238281468056834,-0.00427447951046333,-0.03454915
54.92,7.50324833987381,-0.023321452707688,-0.00435778202178469,-0.04063093
54.93,7.46536423442018,-0.0205791640504977,-0.00442990912745286,-0.04686047
54.94,7.46955410587411,-0.0183461453169584,-0.00449091968486595,-0.05313953
54.95,7.42396159062645,-0.0158794750990172,-0.00454106462424667,-0.05936907
54.96,7.37693987503457,-0.00558113726365492,-0.00458082661250652,-0.06545085
54.97,7.41192238460725,-0.0180553667311275,-0.00461092229739575,-0.07128896
54.98,7.44563759577132,-0.0162716980476165,-0.00463233336368854,-0.07679134
54.99,7.39291213937076,-0.0141858057760549,-0.00464597991003817,-0.0818712
55,7.37553861355895,-0.0178740655822624,-0.00465315388755685,-0.08644843
55.01,7.34291555005525,-0.0175941037943522,-0.00465524008189455,-0.09045085
55.02,7.36999236883817,-0.0155404329992851,-0.00465370249842727,-0.09381533
55.03,7.38074633694476,-0.0231731333080623,-0.00464999456078859,-0.09648882
55.04,7.31673477710916,-0.0141429678143946,-0.00464545139130988,-0.09842916
55.05,7.30447051159279,-0.0105773672313704,-0.00464119061946895,-0.09960574
55.06,7.31821215520785,-0.00762499919538475,-0.00463812692989432,-0.09995241
55.07,7.28455963838487,-0.00927186511033036,-0.00463651675532729,-0.1
55.08,7.32751493684358,-0.0109284432672399,-0.00463607339254576,-0.09995241
55.09,7.28950862563513,-0.00541161998627064,-0.00463670382320578,-0.09980973
55.1,7.29011294152818,0.00053768313132647,-0.00463851529992006,-0.09957224
55.11,7.33288508291115,-0.00439302723613306,-0.00464164209645731,-0.09924039
55.12,7.38759834058043,-0.0168731371186961,-0.00464622205214891,-0.0988148
55.13,7.39534086491112,-0.0170043031489821,-0.00465238972658316,-0.09829629
55.14,7.42501614927988,-0.00967693299211698,-0.00466026917614126,-0.09768585
55.15,7.40671767833705,-0.00869561546114083,-0.00466998191916699,-0.09698463
55.16,7.49189466331349,-0.0237576831738577,-0.00468164716155933,-0.09619398
55.17,7.52007149419551,-0.0211639743485046,-0.00469537126249833,-0.09531539
55.18,7.52693286592009,-0.0180348028226727,-0.00471126434831148,-0.09435054
55.19,7.50507270008552,-0.00509319604173166,-0.00472941994395422,-0.09330127
55.2,7.51996061731271,-0.00958689191317415,-0.0047499258887392,-0.09216957
55.21,7.53174020611813,-0.011889796624602,-0.00477286366507378,-0.0909576
55.22,7.55481261809463,-0.00120373168604853,-0.00479829436368508,-0.08966767
55.23,7.50376494315323,0.00796010134823371,-0.00482628828747165,-0.08830222
55.24,7.51606540017103,0.0067413625012224,-0.0048568945866331,-0.08686387
55.25,7.46366717200339,0.00133822942174214,-0.00489015556661378,-0.08535534
55.26,7.39585348744729,-0.00205739178659547,-0.00492610546593985,-0.08377951
55.27,7.40988414978709,-0.002195496148731,-0.0049647700216874,-0.08213938
55.28,7.41374886539527,0.00154657547575819,-0.00500617918195403,-0.08043807
55.29,7.39444718285392,-0.00425510742320253,-0.00505032692179283,-0.07867882
55.3,7.38435704864798,-0.00755575017944001,-0.00509721933058664,-0.07686498
55.31,7.38772327249387,-0.0113583101581085,-0.00514685424952968,-0.075
55.32,7.42227390013303,-0.00814818125396534,-0.00519922991281109,-0.07308743
55.33,7.46542176358163,-0.0180647078068646,-0.00525430712502182,-0.07113091
55.34,7.47162445106636,-0.0153223398595242,-0.00531206958836612,-0.06913417
55.35,7.49099318170307,-0.00993466625966352,-0.00537247511295337,-0.06710101
55.36,7.49033448849095,-0.0149687606581863,-0.00543548930324814,-0.06503529
55.37,7.49950246700182,-0.0181253681489118,-0.00550106331149785,-0.06294095
55.38,7.51123864116826,-0.0146523620840687,-0.00556914343754963,-0.06082198
55.39,7.5007033169785,-0.014006310547561,-0.00563967102249354,-0.05868241
55.4,7.50031634657619,-0.00652061128225749,-0.00571258232973249,-0.05652631
55.41,7.50221128827692,-0.00834343791867405,-0.0057878085352035,-0.05435779
55.42,7.43975027377572,-0.0137419538159185,-0.00586527583499175,-0.05218097
55.43,7.42471711470101,-0.00872184922411599,-0.00594490561529728,-0.05
55.44,7.43183062400226,-0.000627738448314946,-0.0060266146489206,-0.04781903
55.45,7.44739848473504,-0.00463920440463261,-0.0061103153073482,-0.04564221
55.46,7.42336140279184,0.00220930305650979,-0.00618678636423047,-0.05327068
55.47,7.44544852339358,0.00311576760630331,-0.00624263356104693,-0.07070855
55.48,7.41882037972227,0.00833314993086924,-0.00626884289812497,-0.09795994
55.49,7.4337927612796,0.0104592003013857,-0.00625468505546359,-0.13502892
55.5,7.43172569703919,0.0104203094001127,-0.00618789351634822,-0.18191952
55.51,7.38390305059967,0.00936176956770557,-0.00606691716361004,-0.23863573
55.52,7.32740646139829,0.00986879220017778,-0.00590672137873383,-0.30518148
55.53,7.25872733650051,0.0132006551550037,-0.00571447019368549,-0.38156064
55.54,7.15444107267219,0.0167518900613374,-0.0054926227329872,-0.46777701
55.55,7.01743238548999,0.0210640413960856,-0.00525094537973535,-0.55403733
55.56,6.96991381889946,0.0258642693401799,-0.00500139780022339,-0.64034524
55.57,6.89315113695094,0.0267401745375498,-0.00474830725040427,-0.72670428
55.58,6.81419882594836,0.0338181565787063,-0.00449323761925247,-0.81311792
55.59,6.69261376598619,0.0367175896158017,-0.00423674668796493,-0.8995895
55.6,6.64357513039777,0.0265351658028543,-0.00397903169920806,-0.98612226
55.61,6.59177644255323,0.0154309092578535,-0.00372015855476403,-1.07271932
55.62,6.58198069688582,0.00968809919411552,-0.00346014644127469,-1.15938368
55.63,6.51369553762406,0.00318210584273807,-0.00319899787293882,-1.24611821
55.64,6.41965632267716,0.00480421235385447,-0.00293670955604082,-1.33292565
55.65,6.33465928958922,0.00271617774007197,-0.0026732762708902,-1.41980861
55.66,6.27071859173082,0.0081421452309035,-0.00240869224887473,-1.50676953
55.67,6.21993749003095,0.00452119662592738,-0.00214295206783476,-1.59381072
55.68,6.10283006335595,0.0226944406543355,-0.00187605025829889,-1.68093433
55.69,6.02174836346155,0.0255852451327935,-0.00160798175862206,-1.76814237
55.7,5.95313129003691,0.0330383505389679,-0.00133874188555538,-1.85543667
55.71,5.87921518107981,0.0313123831978538,-0.00106832634076615,-1.94281891
55.72,5.7700780718732,0.0272271864389113,-0.000796731108111839,-2.03029058
55.73,5.64060113819186,0.017852602250343,-0.00052395297974478,-2.11785302
55.74,5.54761602088699,0.025573646435288,-0.000249988777061415,-2.2055074
55.75,5.51445538045746,0.0202508798490056,2.51641199351168e-05,-2.2932547
55.76,5.49535266641073,0.0330590078812858,0.0003015078768492,-2.38109574
55.77,5.59043880950397,0.0779250420208872,0.000579044189898837,-2.46903113
55.78,5.88418135639441,0.153079394388208,0,-2.55701376
55.79,6.33884246079886,0.240633946911335,0.00082245005303899,-2.64518664
55.8,7.01007717099139,0.361633421978057,0.00338339070910671,-2.7337538
55.81,7.76360851468471,0.492874154202696,0.00794288660073712,-2.82310326
55.82,8.5981360267117,0.633931331010584,0.014265604791883,-2.91321648
55.83,9.53600136414119,0.771495387007301,0.0220307423003928,-3.00406286
55.84,10.470735066867,0.893865390729351,0.0309704623200955,-3.09560023
55.85,11.358709095156,1.00113271125615,0.0409061376401231,-3.18777554
55.86,12.2367994470936,1.10528227498479,0.0517264880903983,-3.28052566
55.87,12.9794291323345,1.17664155328852,0.0633600230463828,-3.37377841
55.88,13.6541790674962,1.2396121102283,0.0757577757664982,-3.46745367
55.89,14.2838794990309,1.29252750010048,0.0888457367905416,-3.56146468
55.9,14.7750471153826,1.33895083122218,0.102392147416712,-3.65571935
55.91,15.1523863657012,1.35185717913958,0.116124977321275,-3.75012178
55.92,15.439784652819,1.36057113602385,0.129863790125494,-3.84457372
55.93,15.6580183118383,1.35649862932386,0.143519594705942,-3.93897614
55.94,15.7871381129413,1.35512555425677,0.157060381586194,-4.03323082
55.95,15.8757068265899,1.34342629417052,0.170481956005938,-4.12724182
55.96,15.9188326642895,1.32027639871588,0.183789205969219,-4.22091708
55.97,15.9674501097823,1.29791553510708,0.196987975544573,-4.31416983
55.98,16.038644126721,1.2922377470891,0.210082410103925,-4.40691995
55.99,16.0567819238746,1.28290704876367,0.223074884802943,-4.49909526
56,16.1152336487522,1.27746221593712,0.235966654694918,-4.59063263
56.01,16.1806644277588,1.25980620312282,0.248758449430108,-4.68147901
56.02,16.2816727922871,1.24792003455423,0.261450824142344,-4.77159223
56.03,16.3755850301032,1.23900504762646,0.274044302082901,-4.86094169
56.04,16.4564142875127,1.23514571949613,0.28653542078221,-4.939668
56.05,16.5410744747599,1.21780496821719,0.298917084813961,-5.00829077
56.06,16.6559953130614,1.20475663827634,0.311174737227803,-5.04429983
56.07,16.7139942842761,1.18282014002443,0.323285336310509,-5.04769525
56.08,16.846880732986,1.17044702596689,0.335229294080377,-5.01847725
56.09,16.9708321817215,1.15126829900511,0.346988557031387,-4.95664624
56.1,17.1069401333507,1.14093098977736,0.358544937517873,-4.86220274
56.11,17.2442422249185,1.11557769420767,0.369879183002938,-4.73514744
56.12,17.4317612078915,1.0980428356631,0.380971462490791,-4.57548117
56.13,17.6047061491739,1.06459414572938,0.391805563959114,-4.39300193
56.14,17.7719059625339,1.03952009548682,0.402368743210995,-4.18771083
56.15,17.9494179644903,1.02066050920246,0.412656740295849,-3.98233818
56.16,18.0807410353982,0.991717508727053,0.422673184347119,-3.7768854
56.17,18.2580126390705,0.960552734865179,0.432417231786216,-3.57135404
56.18,18.4346154541916,0.93117014175275,0.441886688506566,-3.36574582
56.19,18.5349333183419,0.899098614949386,0.451079397270044,-3.16006257
56.2,18.6724703665837,0.878461300185772,0.459993713325228,-2.95430626
56.21,18.8452772490234,0.85444894434684,0.468628353789413,-2.74847898
56.22,19.0138700952415,0.822198070511825,0.47698230583366,-2.54258296
56.23,19.1820554700492,0.797356014410101,0.485054384365644,-2.33662054
56.24,19.3125713871697,0.764025824509078,0.492843832108343,-2.13059417
56.25,19.4590034040051,0.733547295423333,0.500349479897118,-1.92450643
56.26,19.6234675550439,0.709284584760572,0.507570061899518,-1.71836
56.27,19.8064227331969,0.673740654654046,0.514504322711923,-1.51215766
56.28,19.9888687665027,0.643606041361923,0.521150859696962,-1.30590228
56.29,20.1076345093886,0.607699591405522,0.527508269099688,-1.09959684
56.3,20.2323767999064,0.5775919914859,0.533574995638231,-0.8932444
56.31,20.4090428640228,0.559587335839981,0.539363296811082,-0.70957711
56.32,20.5549792377755,0.531085526629206,0.544896562629903,-0.5485982
56.33,20.6506240414132,0.509509118536325,0.550191890698635,-0.41031095
56.34,20.7485614589502,0.487845418976856,0.555266433902051,-0.29471871
56.35,20.8019551989408,0.462382152644551,0.56013965786543,-0.20182492
56.36,20.9012066534909,0.450299210216646,0.564833757287228,-0.13163302
56.37,20.9969077478573,0.442044067578415,0.569372897972133,-0.08414655
56.38,21.0328890322908,0.423516993843483,0.573782597576047,-0.05936907
56.39,21.033826324618,0.419368120677062,0.578089159686828,-0.05730415
56.4,21.0286031871115,0.38896572371056,0.58230380237546,-0.05522642
56.41,20.5673540493367,0.259393263970892,0.586427286796238,-0.05313953
56.42,19.6878502187133,0.0899881118680804,0.590467579761116,-0.05104712
56.43,18.5671482624915,-0.125771017687528,0.594295295390533,-0.04895288
56.44,17.2903743737284,-0.341959530931865,0.593191847403768,-0.04686047
56.45,15.9902541104767,-0.55469970885322,0.586247230339467,-0.04477358
56.46,14.6612511239766,-0.781737639705583,0.576429264745535,-0.04269585
56.47,13.3654113996705,-0.971293018818389,0.565381602290693,-0.04063093
56.48,12.4932060854234,-1.05650145369228,0.553994403574285,-0.03858246
56.49,12.0069624359431,-1.09025975971572,0.542695395616114,-0.03655401
56.5,11.7169800397708,-1.08222920458339,0.531641432509245,-0.03454915
56.51,11.6032246371991,-1.06473194043983,0.520857497391526,-0.0325714
56.52,11.4636851817264,-1.05013595385957,0.510319175467309,-0.03062422
56.53,11.3955394423265,-1.01716687995592,0.499996278562229,-0.02871104
56.54,11.3017243884981,-0.998638679808863,0.489868073656244,-0.0268352
56.55,11.2088322177038,-0.979201014037085,0.479924308465995,-0.025
56.56,11.132349373331,-0.965774742711834,0.470160376225988,-0.02320866
56.57,11.0191046724786,-0.945815905641486,0.460574813421648,-0.02146432
56.58,10.9150951195212,-0.942676206389116,0.451166467924996,-0.01977004
56.59,10.7794993091571,-0.929944956567796,0.441933821969309,-0.0181288
56.6,10.6974838517775,-0.917067515043956,0.432874908738415,-0.01654347
56.61,10.6129706448084,-0.909051117557226,0.4239874693474,-0.01501683
56.62,10.5486654789653,-0.891721469782366,0.415269140644945,-0.01355157
56.63,10.4329647370352,-0.873173499392425,0.406717543073574,-0.01215025
56.64,10.3748359696396,-0.858950126284381,0.398330362980645,-0.01081533
56.65,10.2792771319705,-0.827309307959578,0.390105241613669,-0.00954915
56.66,10.2144563231041,-0.802546194834343,0.382039858095923,-0.00835394
56.67,10.1011461845264,-0.789479519413539,0.374132021241466,-0.00723179
56.68,10.0652329805424,-0.762896908306631,0.366379414640945,-0.00618467
56.69,9.88400136551313,-0.745418014392424,0.358779841866179,-0.00521441
56.7,9.77415497788884,-0.730087326537738,0.351331063093821,-0.00432273
56.71,9.66300205577215,-0.705937823150466,0.344030874600094,-0.00351118
56.72,9.57450634857786,-0.701309182071109,0.336877220728082,-0.00278118
56.73,9.49726677410178,-0.695956674544541,0.329867835684696,-0.00213403
56.74,9.43398515937463,-0.677577126999038,0.323000461297314,-0.00157084
56.75,9.28820496936899,-0.668061697380523,0.316272942452711,-0.00109262
56.76,9.26449373502934,-0.654263114848413,0.309683167638464,-0.0007002
56.77,9.23278005090634,-0.641690251053484,0.303229015596787,-0.00039426
56.78,9.19215819724142,-0.635934883275727,0.296908368941229,-0.00017536
56.79,9.184521125889,-0.628504272266846,0.290719097163362,-0
56.8,9.12964855043967,-0.617845309303345,0.284659173934737,-0
56.81,9.10063983029252,-0.604768378625648,0.278726725535671,-0.00039426
56.82,9.07397444012672,-0.584489297633235,0.272920220430773,-0.00157084
56.83,8.99752672007854,-0.56984258163913,0.267238246955557,-0.00351118
56.84,8.9219784096668,-0.557895404074075,0.261679277359525,-0.00618467
56.85,8.88017449042218,-0.541448914857573,0.25624178151099,-0.00954915
56.86,8.80185383807587,-0.523926845359205,0.25092423775701,-0.01355157
56.87,8.76268106629016,-0.504787746029647,0.245725165190378,-0.0181288
56.88,8.66432311371881,-0.490190121403339,0.240643070837936,-0.02320866
56.89,8.65518093576837,-0.488919576030512,0.235676342421852,-0.02871104
56.9,8.6463480577241,-0.472684126452061,0.230823398624967,-0.03454915
56.91,8.62237780330321,-0.463077519490728,0.226082625446923,-0.04063093
56.92,8.59047484951505,-0.459531279298853,0.221451970469662,-0.04686047
56.93,8.51690509761472,-0.443996071946413,0.216929837611029,-0.05313953
56.94,8.51432264107887,-0.428751210145323,0.212514247475276,-0.05936907
56.95,8.5085536985742,-0.419780321136585,0.208203164764948,-0.06545085
56.96,8.44546559638351,-0.40418834281907,0.203994526378521,-0.07128896
56.97,8.42949429428056,-0.401349887063468,0.199885994797656,-0.07679134
56.98,8.42119334570529,-0.394613597348914,0.195875318211026,-0.0818712
56.99,8.36569336571052,-0.382516960726693,0.191960136782999,-0.08644843
57,8.34239251240183,-0.37295932627249,0.188137978288408,-0.09045085
57.01,8.28728193229131,-0.364545236333203,0.184406330604729,-0.09381533
57.02,8.27794274059883,-0.364191926099332,0.180762623254831,-0.09648882
57.03,8.2730132528998,-0.360519135227608,0.17720425136971,-0.09842916
57.04,8.25720227659624,-0.352585999476073,0.173728516702231,-0.09960574
57.05,8.22495437589621,-0.334527279247597,0.170332735872144,-0.09995495
57.06,8.26030712122054,-0.325501788305871,0.167014567473407,-0.1
57.07,8.25182997079452,-0.314616142627593,0.163772034343954,-0.09995495
57.08,8.27071959445503,-0.308888167458682,0.160603168557462,-0.09981987
57.09,8.22475265227084,-0.296222528189006,0.157505930144961,-0.09959502
57.1,8.16660985259385,-0.29597623775232,0.154478380349155,-0.0992808
57.11,8.10081845918853,-0.281086961959235,0.15151872694182,-0.09887776
57.12,8.09421854210213,-0.275200080486266,0.14862519549715,-0.09838665
57.13,8.0148992469956,-0.264373691943108,0.145796171122665,-0.09780834
57.14,7.99320316197104,-0.263870810395087,0.143029973979171,-0.09714387
57.15,7.91986613709615,-0.259793600718532,0.140325017723318,-0.09639445
57.16,7.87469948942066,-0.257669758859899,0.137679718270774,-0.09556142
57.17,7.86503492476493,-0.240374898411575,0.135092514482017,-0.09464629
57.18,7.89841151431496,-0.238991397827758,0.132561871345218,-0.09365071
57.19,7.90953259112351,-0.244741769126062,0.130086282333609,-0.09257646
57.2,7.90547477163954,-0.238531765491743,0.127664270675803,-0.09142548
57.21,7.89865696044768,-0.235211320870869,0.125294390056159,-0.09019986
57.22,7.89541977504555,-0.23648950964925,0.122975225121405,-0.08890179
57.23,7.87749820529686,-0.227150073104354,0.12070539128917,-0.08753362
57.24,7.86681942386138,-0.233997709246943,0.118483534957345,-0.0860978
57.25,7.82648291818014,-0.232326990654926,0.116308333983149,-0.08459694
57.26,7.79383611047069,-0.224584157569628,0.114178497459617,-0.08303374
57.27,7.75849668724236,-0.226057745197646,0.112092765671636,-0.081411
57.28,7.76056725138256,-0.223628074873736,0.110049911384906,-0.07973166
57.29,7.78410490613159,-0.209838129343707,0.108048738063749,-0.07799874
57.3,7.83863329335058,-0.210211442042637,0.106088081453616,-0.07621536
57.31,7.80793735153648,-0.198267873788441,0.104166808681811,-0.07438475
57.32,7.82849911554985,-0.19871176006401,0.102283832305546,-0.07251019
57.33,7.81453103977716,-0.189222726937316,0.100438051034387,-0.07059506
57.34,7.84481558654037,-0.183634210126758,0.0986284452601028,-0.06864282
57.35,7.81335034741879,-0.172171608332595,0.0968540064296381,-0.06665699
57.36,7.73428498133757,-0.179417622183999,0.0951137573568781,-0.06464114
57.37,7.70648796494759,-0.172742497204038,0.0934067520192515,-0.0625989
57.38,7.68906010778066,-0.17422735584357,0.0917320747165635,-0.06053396
57.39,7.63624914242314,-0.169044139995281,0.0900888396656769,-0.05845004
57.4,7.63142838621587,-0.172206229887917,0.0884761903210244,-0.05635089
57.41,7.63262364879994,-0.17270585330156,0.0868932992099477,-0.0542403
57.42,7.6709302293864,-0.175219015812969,0.0853393672673659,-0.05212206
57.43,7.72654406211067,-0.157508893120601,0.0838136237664778,-0.05
57.44,7.69256288754994,-0.157903856399134,0.0823153256452344,-0.04787794
57.45,7.70825809650352,-0.156962314140702,0.0808437566115215,-0.0457597
57.46,7.75000281016045,-0.153615644433541,0.0793982273085671,-0.04364911
57.47,7.69323048355746,-0.144646199733538,0.0779780743657311,-0.04154996
57.48,7.65713105450696,-0.136243749040433,0.0765826597138001,-0.03946604
57.49,7.56862200814486,-0.137460421127471,0.0752113701223091,-0.0374011
57.5,7.58729760595357,-0.140669937898857,0.0738636166571338,-0.03535886
57.51,7.59052421287606,-0.131837023920208,0.072538833912339,-0.03334301
57.52,7.60898087456555,-0.126305459421233,0.0712364899008229,-0.03135718
57.53,7.57011923710339,-0.126716658864876,0.0699560443958896,-0.02940494
57.54,7.58412591917481,-0.127896199848952,0.0686970084241291,-0.02748981
57.55,7.58416820736857,-0.127134475173033,0.0674589048525943,-0.02561525
57.56,7.61708799688759,-0.122354945138328,0.0662412765751289,-0.02378464
57.57,7.5872872613653,-0.127144892334398,0.0650436860161532,-0.02200126
57.58,7.55813450963426,-0.12900073521894,0.063865730421867,-0.02026834
57.59,7.56399946635458,-0.123863636593392,0.0627069853427514,-0.018589
57.6,7.55320307333449,-0.124735840305903,0.0615670747673767,-0.01696626
57.61,7.55193387931765,-0.111781014211697,0.0604456355846186,-0.01540306
57.62,7.54498812127634,-0.112927177819443,0.05934231866623,-0.0139022
57.63,7.56613003130603,-0.105427988252446,0.0582567896651731,-0.01246638
57.64,7.56156152267871,-0.10000460728766,0.0571887295356649,-0.01109821
57.65,7.59462716237642,-0.0976041208504447,0.0561378331406673,-0.00980014
57.66,7.57034180269314,-0.0970437530039292,0.0551038091777518,-0.00857452
57.67,7.59647375640741,-0.0836576562702901,0.0540863797082262,-0.00742354
57.68,7.61980380395763,-0.0874433188556196,0.0530852793420363,-0.00634929
57.69,7.66111076596592,-0.0897090088673233,0.0521002544591835,-0.00535371
57.7,7.65366343868631,-0.0909455340217284,0.0511310625604049,-0.00443858
57.71,7.63024302220849,-0.0837563645765267,0.0501774716305244,-0.00360555
57.72,7.61598207654862,-0.0880218380978741,0.0492392595371862,-0.00285613
57.73,7.62308088480904,-0.0904028425428837,0.0483162135301783,-0.00219166
57.74,7.60041775039663,-0.0939247949897329,0.0474081295943515,-0.00161335
57.75,7.56989540107062,-0.093471908214733,0.0465148119314272,-0.00112224
57.76,7.52151025810684,-0.0871668740302372,0.045636072391521,-0.0007192
57.77,7.50071525167933,-0.0951251524291314,0.0447717299359546,-0.00040498
57.78,7.47579341257646,-0.0973257796896998,0.0439216101611661,-0.00018013
57.79,7.4351948070575,-0.0959454281703331,0.043085506365325,-0
57.8,7.40782480386273,-0.0915956181705868,0.0422633112433061,-0
57.81,7.41435148102864,-0.0845454932525324,0.0414552016020241,-0.00039426
57.82,7.37512109526709,-0.0787675939326485,0.0406617065117185,-0.00157084
57.83,7.37426728545233,-0.0712027822493905,0.0398834529884583,-0.00351118
57.84,7.34934462975451,-0.0651010361021871,0.0391209368233057,-0.00618467
57.85,7.36241421171807,-0.0746064841324816,0.0383747410286639,-0.00954915
57.86,7.45268125528734,-0.0603128051221335,0.037645541033191,-0.01355157
57.87,7.45539059828937,-0.0579851429393821,0.0369340335052879,-0.0181288
57.88,7.45145651026638,-0.0685134477556493,0.0362408634467265,-0.02320866
57.89,7.50260043946383,-0.0682153695986043,0.0355665608446228,-0.02871104
57.9,7.52656351844262,-0.0777434750883438,0.0349115147343952,-0.03454915
57.91,7.61341423936394,-0.0755265327136687,0.0342759444668069,-0.04063093
57.92,7.62949815903741,-0.064917437327105,0.0336599150209801,-0.04686047
57.93,7.59015688410101,-0.0636927702545198,0.0330633114717084,-0.05313953
57.94,7.57628488182022,-0.0675355659864016,0.0324858449843827,-0.05936907
57.95,7.59125125819511,-0.0602257980664829,0.0319270549803153,-0.06545085
57.96,7.62106360166122,-0.0652816787125031,0.0313863166545632,-0.07128896
57.97,7.60673842515069,-0.0562770042151366,0.0308628432740572,-0.07679134
57.98,7.5626936466575,-0.0494216437340599,0.0303557016120405,-0.0818712
57.99,7.55097295468799,-0.0452446250526102,0.0298638120311426,-0.08644843
58,7.52397039256652,-0.0444698212397897,0.0293859850349951,-0.09045085
58.01,7.54342291313856,-0.0389292948354805,0.0289209313781116,-0.09381533
58.02,7.54063729973921,-0.035212763071412,0.0284672617727072,-0.09648882
58.03,7.49440452375439,-0.0274228929315714,0.0280235229828509,-0.09842916
58.04,7.49556215607039,-0.0343615864435489,0.0275882197539437,-0.09960574
58.05,7.49557929091306,-0.0382031887225773,0.0271597841256411,-0.09994337
58.06,7.4762949522233,-0.032744753968747,0.0267371398207845,-0.1
58.07,7.4812742647121,-0.0328116857485329,0.0263196378241408,-0.09994337
58.08,7.52477983300308,-0.0219684684698761,0.0259064908967469,-0.0997736
58.09,7.47971266868093,-0.0259723463441437,0.0254969597595857,-0.09949107
58.1,7.49317145646981,-0.0359591715635649,0.0250905134792554,-0.09909643
58.11,7.45766823042599,-0.0280512826783381,0.0246868144323233,-0.09859058
58.12,7.42438582115757,-0.0265898440099516,0.0242856534582675,-0.09797465
58.13,7.42178191344787,-0.0265128595262485,0.0238868895324992,-0.09725004
58.14,7.47530555306627,-0.0283269854928446,0.0234904120837453,-0.0964184
58.15,7.36913123672822,-0.0449716094602806,0.0230961198636446,-0.0954816
58.16,7.40382540581464,-0.0346838660192651,0.0227039136794509,-0.09444177
58.17,7.43716086166679,-0.0247424654494828,0.0223136951028483,-0.09330127
58.18,7.47788507297589,-0.0266642542662392,0.0219253675478625,-0.09206268
58.19,7.50622144550772,-0.0271939898406439,0.0215388378777657,-0.0907288
58.2,7.50394109788172,-0.0347684071739775,0.0211540176727923,-0.08930265
58.21,7.47549213652636,-0.0344170457614165,0.0207708241614628,-0.08778748
58.22,7.54977427107026,-0.0235296216244246,0.0203891806795377,-0.0861867
58.23,7.55320147619961,-0.029833401285506,0.0200090169797765,-0.08450395
58.24,7.53477792383924,-0.0377050620070204,0.0196302694241631,-0.08274304
58.25,7.55606979024262,-0.0450726329658226,0.0192528810967806,-0.08090795
58.26,7.55984448644096,-0.0478936007249522,0.0188768019196693,-0.07900285
58.27,7.57474661418809,-0.0413093637546352,0.0185019887293803,-0.07703204
58.28,7.57505358304832,-0.041226948100082,0.0181284053380716,-0.075
58.29,7.55393599445256,-0.0435186058799659,0.0177560227233101,-0.07291133
58.3,7.57453394452657,-0.0430913592358744,0.0173848188343571,-0.07077075
58.31,7.5888207253189,-0.0395862317340022,0.0170147785133797,-0.06858312
58.32,7.51154366922879,-0.0391157905872418,0.0166458938597817,-0.0663534
58.33,7.47419632672589,-0.0420547960199129,0.0162781640240107,-0.06408663
58.34,7.44742030729987,-0.0511989732030444,0.0159115951429235,-0.06178795
58.35,7.44234908880915,-0.054574501068947,0.0155461999961083,-0.05946256
58.36,7.44438589880933,-0.0566460260354831,0.0151819988557253,-0.05711574
58.37,7.36820295345045,-0.0623720780960252,0.0148190195418076,-0.0547528
58.38,7.33316071873091,-0.0630907132952974,0.0144572941203716,-0.0523791
58.39,7.37242610119781,-0.0515048158063804,0.0140968624004278,-0.05
58.4,7.41957721487031,-0.0425168923968363,0.0137377705072168,-0.0476209
58.41,7.4171179696016,-0.0381498280368499,0.0133800707453044,-0.0452472
58.42,7.46215818186626,-0.0344060127707611,0.0130238213929462,-0.04288426
58.43,7.43966213445884,-0.0319264407997424,0.012669086475775,-0.04053744
58.44,7.45380121361431,-0.0223097026782061,0.0123159354230401,-0.03821205
58.45,7.46156287858083,-0.0164603290836229,0.0119644434446687,-0.03591337
58.46,7.45780859018781,-0.0129675709984386,0.0116146905118818,-0.0336466
58.47,7.42845572333646,-0.0202242338246856,0.0112667614318029,-0.03141688
58.48,7.45829678441091,-0.0145360394530931,0.0109207455405976,-0.02922925
58.49,7.41942439656241,-0.0102316688162293,0.0105767364438427,-0.02708867
58.5,7.41741367985982,-0.0186297541184901,0.0102348317257037,-0.025
58.51,7.43830210847739,-0.0173051261250438,0.0098951326669517,-0.02296796
58.52,7.46211195128409,-0.0253819777332433,0.00955774387951226,-0.02099715
58.53,7.42889700181513,-0.0306720890456253,0.0092227727641467,-0.01909205
58.54,7.418290032212,-0.0253304326331094,0.00889032997667089,-0.01725696
58.55,7.47063558729093,-0.0340674057091056,0.00856052833899138,-0.01549605
58.56,7.40933637627781,-0.0352050934496056,0.00823348270963167,-0.0138133
58.57,7.46363188355482,-0.0214704183645003,0.00790930968328606,-0.01221252
58.58,7.44486875757664,-0.0285890818020994,0.00758812722145813,-0.01069735
58.59,7.41209010133132,-0.0243776787029757,0.00727005429166586,-0.0092712
58.6,7.49864670586811,-0.0245668734606671,0.00695521055470444,-0.00793732
58.61,7.51320427144668,-0.0290892230458151,0.00664371600031151,-0.00669873
58.62,7.42445210821422,-0.0235134691956688,0.00633569055470851,-0.00555823
58.63,7.45413224380882,-0.0293944134338248,0.00603125374821234,-0.0045184
58.64,7.42830484343837,-0.0310134431217324,0.00573052436934078,-0.0035816
58.65,7.41146090331319,-0.0283089734921009,0.00543362011454299,-0.00274996
58.66,7.42700545697365,-0.0251781610555268,0.00514065721166536,-0.00202535
58.67,7.37577686918254,-0.0287558839507933,0.00485175007908827,-0.00140942
58.68,7.38217217824436,-0.0261268512368479,0.00456701099249762,-0.00090357
58.69,7.41582542860174,-0.0197936632264607,0.00428654972101795,-0.00050893
58.7,7.45638564152062,-0.0241903838536903,0.00401047320245984,-0.0002264
58.71,7.45497130144236,-0.0187158967270708,0.00373883378472717,-0
58.72,7.47730114704011,-0.0139025721314615,0.00347181095988101,-0
58.73,7.48536894919965,-0.024867590306634,0.00320983142093353,-0.00039426
58.74,7.46579367962789,-0.0234590699672333,0.00295367630361183,-0.00157084
58.75,7.50658209617522,-0.0254516345612155,0.00270418484969605,-0.00351118
58.76,7.57645129372005,-0.0386211482435469,0.00246208244026252,-0.00618467
58.77,7.51247009766156,-0.0296833816520976,0.00222817786479902,-0.00954915
58.78,7.52770775906834,-0.0361357418060436,0.00200336273139881,-0.01355157
58.79,7.51007803151553,-0.0362968320401028,0.00178853893479874,-0.0181288
58.8,7.47925484151077,-0.0349712064504571,0.00158453854885485,-0.02320866
58.81,7.49209836981648,-0.0309142785911908,0.00139206638489455,-0.02871104
58.82,7.43268379437409,-0.0242045572154963,0.00121166782998089,-0.03454915
58.83,7.3955646657735,-0.0114741930819049,0.00104370623337649,-0.04063093
58.84,7.47282575718264,-0.0141211380352259,0.000888354982105787,-0.04686047
58.85,7.43174543474702,-0.0167275558924134,0.00074559448221306,-0.05313953
58.86,7.48206611846659,-0.0237582494512904,0.000615213187128132,-0.05936907
58.87,7.51222099679788,-0.00661262270301461,0.000496812238679967,-0.06545085
58.88,7.49598627539314,-0.0122387480289156,0.000389811142949182,-0.07128896
58.89,7.51926705561819,-0.0113047923630398,0.000293459762535805,-0.07679134
58.9,7.52061396788286,-0.0118397972242823,0.000206851528767326,-0.0818712
58.91,7.46229381091842,-0.00684377468862986,0.000128940570979169,-0.08644843
58.92,7.4844281314638,-0.00263363475704606,5.85626746721513e-05,-0.09045085
58.93,7.45964078474071,0.00337511144436684,-5.54119197576294e-06,-0.09381533
58.94,7.44438538107348,-0.00509166293130905,-6.46985530426535e-05,-0.09648882
58.95,7.48567204459486,0.00435262601519734,-0.000120277920741783,-0.09842916
58.96,7.46939891326521,0.0116504603086135,-0.000173661672374417,-0.09960574
58.97,7.4673480802828,0.00374200410116349,-0.000226276164994748,-0.09994161
58.98,7.48686253611585,-0.000101668193901879,-0.000279002729318306,-0.1
58.99,7.45143587091482,0.00266847424266882,-0.00033227993494757,-0.09994161
59,7.44015138080273,0.00212521428053572,-0.000386691041015271,-0.09976658
59.01,7.40404987327813,0.00950926913922507,-0.000442783978771588,-0.09947532
59.02,7.41019784065496,0.010786813242937,-0.000500924852843598,-0.09906851
59.03,7.39972579580661,0.00951656315191253,-0.000561324048907685,-0.09854709
59.04,7.37781617135737,0.0146427434389599,-0.000624081109235241,-0.09791229
59.05,7.34767440662222,0.0159010510810883,-0.000689260542256971,-0.09716559
59.06,7.383352744002,0.0106411667939386,-0.000756900141997464,-0.09630873
59.07,7.41637423709075,0.00127034713397354,-0.000827032741721908,-0.09534372
59.08,7.48919816554186,-0.00544247986138774,-0.000899690363094384,-0.0942728
59.09,7.47588163440801,-0.0163734946215511,-0.000974904124559115,-0.09309848
59.1,7.50224596076187,-0.0158730925009435,-0.00105270367081204,-0.09182351
59.11,7.50643954786779,-0.00978664625350299,-0.00113311535681523,-0.09045085
59.12,7.52198848829607,-0.0122349483576958,-0.00121616148448478,-0.08898372
59.13,7.55275696089807,-0.0117222477048107,-0.00130185965293014,-0.08742554
59.14,7.53919241112588,-0.0028504015896296,-0.00139022233940586,-0.08577995
59.15,7.53509363071438,0.000673493628590777,-0.00148125658210291,-0.08405079
59.16,7.51975220573784,-0.000414207081586682,-0.00157496373805146,-0.08224211
59.17,7.50157048763969,-0.00885221519673964,-0.00167133928200157,-0.08035813
59.18,7.43557540463146,-0.0139189506781773,-0.00177037266509532,-0.07840324
59.19,7.4298970640589,-0.0176256150948549,-0.0018720471387535,-0.07638201
59.2,7.37977307896609,-0.00635682088419025,-0.00197633962196226,-0.07429917
59.21,7.35571492001537,-0.0104173308579498,-0.00208322062541656,-0.07215958
59.22,7.3605168680137,-0.0123933300037728,-0.00219265418572275,-0.06996823
59.23,7.29788229019216,-0.00951172419191054,-0.00230459745123911,-0.06773024
59.24,7.30403687804959,-0.00707465181802013,-0.00241900173894056,-0.06545085
59.25,7.36399048703513,-0.0163666519295205,-0.00253581145701854,-0.06313537
59.26,7.34736287397793,-0.0122755300497589,-0.00265496451512832,-0.06078921
59.27,7.3541163966187,-0.0274904811159406,-0.00277639236452917,-0.05841785
59.28,7.38484463157013,-0.0315646332997941,-0.00290002007002868,-0.05602683
59.29,7.39470858367287,-0.034605500132623,-0.00302576642835435,-0.05362174
59.3,7.46123196649887,-0.0293917048544438,-0.0031535440839168,-0.05120819
59.31,7.46601934528959,-0.0317459528478461,-0.0032832598917924,-0.04879181
59.32,7.49790729323872,-0.02269482917956,-0.00341481446677743,-0.04637826
59.33,7.54986079830156,-0.0200283111015768,-0.00354810292215939,-0.04397317
59.34,7.55162668752885,-0.0248586067133286,-0.00368301494194123,-0.04158215
59.35,7.49378412053712,-0.0234559134015504,-0.003819434961145,-0.03921079
59.36,7.425416065251,-0.0230875963802528,-0.00395724242318345,-0.03686463
59.37,7.42473003825716,-0.0289127269825074,-0.00409631202470441,-0.03454915
59.38,7.41867515807845,-0.0313243906353777,-0.00423651397189053,-0.03226976
59.39,7.38534190570791,-0.0309588595870153,-0.00437771426674834,-0.03003177
59.4,7.33905029227017,-0.0322072978917442,-0.00451977502273317,-0.02784042
59.41,7.32398219030744,-0.0175039183837778,-0.00466255469492565,-0.02570083
59.42,7.36226964235175,-0.0071298399992655,-0.00480590846569203,-0.02361799
59.43,7.36507072037643,-0.00687213350590599,-0.0049496885561656,-0.02159676
59.44,7.34196976445157,0.00121399360312478,-0.00509374453637669,-0.01964187
59.45,7.33768339572698,0.00361153278799348,-0.00523792367552335,-0.01775789
59.46,7.32235247798729,0.00533220433803277,-0.00538207132530323,-0.01594921
59.47,7.34580857492541,0.0066239653505884,-0.00552603125202391,-0.01422005
59.48,7.37194714562125,0.0057731164951944,-0.00566964600005116,-0.01257446
59.49,7.38910473849696,0.000440718987657867,-0.00581275719528013,-0.01101628
59.5,7.40777372654096,0.00922450725623661,-0.00595520601871347,-0.00954915
59.51,7.47096005228965,0.00511203487785148,-0.006096833553658,-0.00817649
59.52,7.46406464961596,0.00223545846065162,-0.00623748113790455,-0.00690152
59.53,7.47348042808192,-0.00949424905643438,-0.00637699076284579,-0.0057272
59.54,7.47269429286208,-0.00756020528716282,-0.00651520545722839,-0.00465628
59.55,7.44134990041754,-0.0114909510867773,-0.00665196963574666,-0.00369127
59.56,7.43062293681662,-0.0108910016646438,-0.00678712970207371,-0.00283441
59.57,7.41682570676781,-0.020662153503871,-0.00692053385985007,-0.00208771
59.58,7.38761432395661,-0.0168821211816304,-0.00705203303068797,-0.00145291
59.59,7.38721811664209,-0.0177028338285301,-0.00718148105095999,-0.00093149
59.6,7.38649338033331,-0.0057947837058985,-0.00730873502840213,-0.00052468
59.61,7.38191671104648,-0.0110403303287106,-0.00743365571590063,-0.00023342
59.62,7.44091166997535,-0.00724406832584657,-0.00755616255428571,-0
59.63,7.4361973303915,-0.00322188902454969,-0.00767603861752824,-0
59.64,7.44136819666223,-0.00745525328698992,-0.00779282794467098,-0.00039426
59.65,7.43295235767588,-0.012683810134701,-0.00790573227282535,-0.00157084
59.66,7.46341634824528,-0.00790375151935681,-0.00801387298948059,-0.00351118
59.67,7.48883296831199,-0.016202559385957,-0.00811650702364668,-0.00618467
59.68,7.49057197554167,-0.00741746753079932,-0.00821279010067617,-0.00954915
59.69,7.46237765788376,-0.00842341144431438,-0.008301881777662,-0.01355157
59.7,7.43146947630273,-0.0128451630467572,-0.00838285364632421,-0.0181288
59.71,7.41119013050602,-0.0143168037830846,-0.00845491415129899,-0.02320866
59.72,7.3803164839311,-0.0155684631754296,-0.00851742469198459,-0.02871104
59.73,7.37229045876088,-0.00797406458086301,-0.00856989692619927,-0.03454915
59.74,7.32208722356762,-0.00407415331846682,-0.00861213436128263,-0.04063093
59.75,7.3639223198703,-0.0103662983905788,-0.00864400952827807,-0.04686047
59.76,7.36032707127109,-0.00862691821332988,-0.00866574866452527,-0.05313953
59.77,7.39727774425515,-0.00275641787894971,-0.00867780881247407,-0.05936907
59.78,7.45889987846564,0.00814421889997645,-0.00868093543225393,-0.06545085
59.79,7.48459409958028,0.00976204323367923,-0.00867617292710227,-0.07128896
59.8,7.47883596566554,-0.00217453198741957,-0.00866510002214515,-0.07679134
59.81,7.51537927368135,-0.00387753998994204,-0.00864961361945195,-0.0818712
59.82,7.46749402032529,-0.00429234387681561,-0.00863191988841452,-0.08644843
59.83,7.43042790311604,-0.0106782998517662,-0.00861378578328466,-0.09045085
59.84,7.44121810628549,-0.015288774593807,-0.0085962861545692,-0.09381533
59.85,7.39662070759499,-0.0174839575400026,-0.0085800400383089,-0.09648882
59.86,7.40347450688574,-0.0206369641945194,-0.00856541808929349,-0.09842916
59.87,7.40634544969283,-0.0222452762835996,-0.00855265290439299,-0.09960574
59.88,7.41197795289261,-0.0200550232037917,-0.00854193100103464,-0.09995839
59.89,7.37980674871344,-0.022765733078938,-0.0085329334490513,-0.1
59.9,7.40879178321318,-0.0207275503898701,-0.00852487936550922,-0.09995839
59.91,7.38115012237061,-0.0244985772180678,-0.00851729028803409,-0.09983363
59.92,7.40130204787812,-0.0201002215960169,-0.00851000765252563,-0.09962593
59.93,7.38038322046896,-0.011538781950176,-0.00850298272577518,-0.09933562
59.94,7.34377028573499,-0.00690406260458023,-0.00849621215488467,-0.09896321
59.95,7.37359420937697,-0.00917572505380007,-0.00848970258562647,-0.0985093
59.96,7.4264356735317,-0.000526308528106821,-0.00848346821704352,-0.09797465
59.97,7.44492881425583,0.00159088948378624,-0.00847753268968252,-0.09736015
59.98,7.46784681841932,0.00817230162133679,-0.00847192614211697,-0.09666683
59.99,7.42353063873386,0.00450706628808561,-0.00846668817323978,-0.09589583
60,7.43336785529033,0.00582832014492276,-0.00846186978850336,-0.09504844
60.01,7.41446742886963,0.012693588383674,-0.00845753585796654,-0.09412608
60.02,7.37610408190218,0.0148912361444962,-0.00845376735703638,-0.09313027
60.03,7.4094753761797,0.0187867925713368,-0.00845066302707444,-0.09206268
60.04,7.37486841472855,0.0225840980329571,-0.00844834003865643,-0.09092507
60.05,7.37525005528015,0.0215669716657494,-0.0084469332982312,-0.08971935
60.06,7.38020889038519,0.0282528935857276,-0.00844659321119178,-0.08844753
60.07,7.37572295359915,0.0268730062558845,-0.00844748206623243,-0.08711171
60.08,7.40984102363724,0.013433085827011,-0.00844976927287697,-0.08571412
60.09,7.40721668344419,0.0148725238585598,-0.0084536346419516,-0.08425709
60.1,7.32827273269369,0.0125016452871017,-0.00845925175314095,-0.08274304
60.11,7.31835332272882,0.00519001113537151,-0.00846676850433486,-0.08117449
60.12,7.3164135764119,0.0069484108990915,-0.00847634906236689,-0.07955406
60.13,7.29443999133956,-0.00445755864450956,-0.00848811277125405,-0.07788443
60.14,7.2871882854853,-0.0060575893034641,-0.00850218855046458,-0.0761684
60.15,7.30874904975774,0.00431377137854039,-0.00851866438750202,-0.07440881
60.16,7.30296834676044,-4.82608493263528e-05,-0.00853762545540139,-0.0726086
60.17,7.35034748026339,-0.0058430972411376,-0.00855914039777034,-0.07077075
60.18,7.41727356279168,-0.00527681545821719,-0.008583246892259,-0.06889834
60.19,7.47095025369092,-0.00891054466882171,-0.00860997750785807,-0.06699447
60.2,7.55445426667711,-0.00754735601443046,-0.00863934356528243,-0.06506231
60.21,7.55283125129568,-0.00113392551723344,-0.00867133806922847,-0.06310508
60.22,7.56162917831114,-0.00318771590480989,-0.00870595893291664,-0.06112605
60.23,7.6084776275088,-0.00077332920241702,-0.00874317658520213,-0.05912849
60.24,7.58994861492805,-0.00280211134500397,-0.00878295657551989,-0.05711574
60.25,7.57669770815107,0.00609401328880788,-0.00882525933949417,-0.05509115
60.26,7.5306745607517,0.0107157099395202,-0.00887003144310927,-0.05305808
60.27,7.48350883675485,0.0155344266530645,-0.00891721379678839,-0.05101993
60.28,7.54932284684124,0.010006761976812,-0.00896674395113859,-0.04898007
60.29,7.53667919869354,0.00699297149432961,-0.00901855027069012,-0.04694192
60.3,7.50921494395613,0.0107538535820252,-0.00907255177161333,-0.04490885
60.31,7.50695725554682,-0.00149944593479643,-0.00912868341019984,-0.04288426
60.32,7.49740123420429,-0.01013266626684,-0.00918684240720375,-0.04087151
60.33,7.52215110037821,-0.0221838404225013,-0.00924694608322173,-0.03887395
60.34,7.52994640063308,-0.0273272757775606,-0.00930889161844104,-0.03689492
60.35,7.49403913348009,-0.0310962418076188,-0.00937258632949384,-0.03493769
60.36,7.49383828158993,-0.0229390639593729,-0.00943792664702345,-0.03300553
60.37,7.49293653246541,-0.029495771011288,-0.0095047914105963,-0.03110166
60.38,7.48163089489341,-0.0146360025986331,-0.009573092224708,-0.02922925
60.39,7.44020397697566,-0.00797258898984678,-0.00964271474920975,-0.0273914
60.4,7.43232655180265,0.00322585868114101,-0.00971354734681375,-0.02559119
60.41,7.38709780790216,0.0155644495445805,-0.00977610739111266,-0.03380892
60.42,7.4198753182315,0.0203710000824174,-0.00981693942445859,-0.05204754
60.43,7.41691025635748,0.0144147212239042,-0.00982670240741685,-0.08030989
60.44,7.38621081408439,0.0181740103597982,-0.00979467569019585,-0.11859875
60.45,7.39356687645659,0.0121022597576106,-0.00970987234458263,-0.16691682
60.46,7.38691067550512,0.00875150335314951,-0.00957754951690261,-0.22526672
60.47,7.32611214442516,0.0126631960115366,-0.00940955927113944,-0.29365096
60.48,7.27522697047556,0.0110669904966485,-0.00921039260293288,-0.37207196
60.49,7.16983769475117,0.0103871488064537,-0.00898157342162848,-0.46053206
60.5,7.08955801037733,0.0139182644590591,-0.00873270367088666,-0.54905615
60.51,7.01578416311692,0.019535877000587,-0.00847582013339679,-0.63764634
60.52,6.93248723726982,0.0255739499053577,-0.00821530321885762,-0.72630466
60.53,6.8716225083662,0.0294525199216832,-0.00795273641155037,-0.81503298
60.54,6.77966058096608,0.0205780857101034,-0.00768869127773621,-0.90383309
60.55,6.77810005202684,0.0173196403169368,-0.00742337059074009,-0.99270664
60.56,6.66881146916919,0.022130011018777,-0.00715684543301284,-1.08165517
60.57,6.61191159983278,0.0284662458064682,-0.0068891394922783,-1.17068009
60.58,6.55436479952071,0.0266035169570309,-0.00662025956411789,-1.25978268
60.59,6.41421203086752,0.0302252635550514,-0.00635020650404435,-1.3489641
60.6,6.31956869218928,0.0310967807087691,-0.00607897927121194,-1.43822537
60.61,6.25294544014068,0.0362505972293168,-0.00580657628702871,-1.52756737
60.62,6.09912278602799,0.0418927190453808,-0.00553299603865408,-1.61699088
60.63,6.01555959517191,0.0401381126508385,-0.0052582372417946,-1.70649649
60.64,5.92323430943612,0.0353747446047866,-0.00498229892498751,-1.7960847
60.65,5.83881544119426,0.0309390544267807,-0.00470521835184599,-1.88571425
60.66,5.81895267159677,0.0289061044228656,-0.00442693150605003,-1.97551017
60.67,5.7255403780254,0.0254735905764228,-0.00414709850030885,-2.06570035
60.68,5.61846458568518,0.0327023571231476,-0.00386504274208969,-2.15667284
60.69,5.56100754087079,0.0303253736416878,-0.00358019476246965,-2.24840909
60.7,5.54302655309072,0.0476344535797888,-0.00329238594950107,-2.3408785
60.71,5.63301598811787,0.0889375243677431,-0.00300161630392942,-2.4340389
60.72,5.84584786919993,0.16000561553975,0,-2.52783723
60.73,6.26597380521897,0.265558358629102,0.000828005427304664,-2.62221038
60.74,6.87006772249776,0.380938339256827,0.00338938475865517,-2.71708616
60.75,7.61352737870503,0.506376763820293,0.00795224715936512,-2.81238445
60.76,8.47728015253963,0.648904860908204,0.0142834673331994,-2.90801848
60.77,9.39786754201107,0.786794239006588,0.0220618409203349,-3.00389618
60.78,10.3640777483543,0.914846865518818,0.0310183069901509,-3.09992164
60.79,11.2685394547481,1.03598468528911,0.0409732448833012,-3.19599661
60.8,12.1403474395662,1.12378957388637,0.051813971223124,-3.29202206
60.81,12.9007469216437,1.194252932225,0.0634685563819469,-3.38789977
60.82,13.5929446811291,1.25535747669994,0.0758875332372226,-3.4835338
60.83,14.2117311709818,1.29986073593073,0.0889973308699142,-3.57883209
60.84,14.7678956442817,1.33858438235135,0.102567305572518,-3.67370786
60.85,15.112307759815,1.36406371890539,0.116325453920846,-3.76808101
60.86,15.3955112186172,1.36621989946767,0.130090267653945,-3.86187935
60.87,15.5536305236187,1.3589239904702,0.143771951814184,-3.95503975
60.88,15.6768485244824,1.35766707939258,0.1573378603952,-4.04750916
60.89,15.786650095324,1.348859338557,0.170783337040428,-4.13924541
60.9,15.8223841758776,1.34244413813446,0.184112940402509,-4.2302179
60.91,15.8480059242955,1.33144708992733,0.197332265056857,-4.32035774
60.92,15.9082459256109,1.30852564093537,0.210441490931993,-4.40022667
60.93,16.0284093265832,1.29348290314872,0.223435608358863,-4.4700176
60.94,16.1393086999303,1.2833911700719,0.236310004981041,-4.5297306
60.95,16.2443443972786,1.2652319720962,0.249052858920581,-4.56119301
60.96,16.3554612466347,1.24899597814555,0.261645031376366,-4.56440533
60.97,16.4872963737429,1.24330805475847,0.274070199145557,-4.53936827
60.98,16.6050729141069,1.22235436784365,0.286312731631287,-4.48608274
60.99,16.7518664657513,1.20795453840947,0.298357276518827,-4.40454983
61,16.8968262805622,1.18925839658711,0.310188077421668,-4.29477085
61.01,17.0641805157608,1.16155901299285,0.321792850072862,-4.16672461
61.02,17.2304881288762,1.13822642724033,0.33316298448611,-4.0204128
61.03,17.334753565236,1.10798252664513,0.344287676896338,-3.85583728
61.04,17.5201237188476,1.07232794978572,0.355163158178103,-3.6911731
61.05,17.7156864053615,1.04454583232889,0.365792996543425,-3.52642247
61.06,17.8981268524466,1.02242493241488,0.376177273648754,-3.36158781
61.07,18.1046799019668,0.993808799920757,0.386315288620962,-3.19667169
61.08,18.2240411202655,0.964119530089678,0.396205482652225,-3.03167684
61.09,18.416128124759,0.945888144291755,0.405847056939645,-2.86660616
61.1,18.6078076274823,0.924919944425013,0.415239596381228,-2.7014627
61.11,18.7676591959577,0.899354481564228,0.424382798075119,-2.53624966
61.12,18.9291808557083,0.875609052091244,0.433276396488591,-2.37097036
61.13,19.0909062632189,0.845122832372162,0.441920106797856,-2.20562829
61.14,19.1843820594553,0.822122639148302,0.450313595401685,-2.04022703
61.15,19.3352911077871,0.803747198124073,0.458456516071596,-1.87477029
61.16,19.433608099951,0.77706682858782,0.466348512428445,-1.70926191
61.17,19.6223571222007,0.757441700122661,0.473989186068814,-1.54370582
61.18,19.7701540126942,0.727311824887638,0.481377960770766,-1.37810604
61.19,19.9152083626488,0.700422825319693,0.488514590641298,-1.21246668
61.2,20.0080807036362,0.67265280450814,0.495398579955209,-1.04679194
61.21,20.086112934628,0.63659218647377,0.502029418552359,-0.88108608
61.22,20.2308555934791,0.611976556816636,0.508406580380041,-0.71535344
61.23,20.3769378076886,0.592157681689612,0.514540086672149,-0.56777137
61.24,20.4497945012656,0.562608803395072,0.520449393913587,-0.43834431
61.25,20.5473392418754,0.542088789332044,0.526148464441736,-0.32707671
61.26,20.6323138824023,0.519652321825427,0.5316513402973,-0.23397307
61.27,20.724363808839,0.506934311151418,0.536973683366617,-0.1590379
61.28,20.7632708344921,0.503999694843074,0.542133106494387,-0.10227571
61.29,20.7858036870357,0.49687645338211,0.547148549156327,-0.06369102
61.3,20.8164278432381,0.477911379665872,0.552039879666707,-0.04328834
61.31,20.8279669077781,0.472881973343135,0.55682748020037,-0.04107216
61.32,20.8449241435014,0.470671355722899,0.561520095894177,-0.03887395
61.33,20.796491824786,0.462606926238907,0.566118022035498,-0.03669816
61.34,20.8142056765712,0.448615464972737,0.570627205032548,-0.03454915
61.35,20.9070499806061,0.439399443547406,0.575053736034472,-0.03243126
61.36,20.924103130154,0.423456466800278,0.579401753288943,-0.03034875
61.37,20.9411858851382,0.417869566289146,0.583673542415043,-0.02830581
61.38,20.8873084904007,0.41195287871785,0.587870308602293,-0.02630657
61.39,20.8760288278052,0.397009186473743,0.591992858162958,-0.02435504
61.4,20.9365793778943,0.395115082168239,0.596041979514498,-0.02245515
61.41,20.9159321545954,0.395849590137048,0.600018575680693,-0.02061074
61.42,20.9217590015026,0.385867692814808,0.603923662980337,-0.01882551
61.43,21.0007875489267,0.386345583483414,0.607758326499599,-0.01710306
61.44,21.0030336952592,0.377389982922127,0.611523678651887,-0.01544687
61.45,21.0842724303926,0.366320916303864,0.615220834604342,-0.01386026
61.46,21.0631864156158,0.35716619298324,0.618850905029911,-0.01234643
61.47,20.6300953931512,0.230682185602331,0.622414991794962,-0.01090843
61.48,19.8510471943809,0.0468321705987948,0.625914193535288,-0.00954915
61.49,18.7709907145202,-0.16073496449488,0.629217622281799,-0.00827134
61.5,17.5247042165923,-0.373645769370696,0.627715787545779,-0.00707756
61.51,16.2600059906915,-0.583282487233051,0.620541062157791,-0.00597022
61.52,14.9335519826395,-0.79323077069206,0.610499938585794,-0.00495156
61.53,13.6569974445633,-0.999270003675277,0.599219311817922,-0.00402361
61.54,12.7743752378084,-1.08484327838586,0.587586908152143,-0.00318826
61.55,12.2436615461163,-1.09868431876037,0.576030703290735,-0.00244717
61.56,12.0221415897777,-1.09863092532949,0.564711902811564,-0.00180186
61.57,11.842203739974,-1.07849268835945,0.553659153744021,-0.0012536
61.58,11.7038597433333,-1.06572418295096,0.542850981161775,-0.00080352
61.59,11.631864755497,-1.05462763456338,0.532258681349405,-0.00045251
61.6,11.5207605226682,-1.0306912191647,0.52186219213451,-0.00020129
61.61,11.4183046785997,-1.01307214193207,0.511651341192378,-0
61.62,11.3418799651704,-0.997218997620338,0.501621607311018,-0
61.63,11.2193877959269,-0.967447608584102,0.491771408848415,-0.00039426
61.64,11.1334111306101,-0.960510235558715,0.482099706532014,-0.00157084
61.65,11.0629593928604,-0.937508211969936,0.472605772538437,-0.00351118
61.66,10.9184782953523,-0.917267749672995,0.463288202469,-0.00618467
61.67,10.8199979682029,-0.903851123748785,0.454145219291698,-0.00954915
61.68,10.7235267841824,-0.887993198087385,0.445174946150633,-0.01355157
61.69,10.5924599988557,-0.872450977793602,0.436375369108168,-0.0181288
61.7,10.4563588371708,-0.859075683864197,0.427744530323594,-0.02320866
61.71,10.3516750984225,-0.847714972334116,0.419280435982795,-0.02871104
61.72,10.2264160557495,-0.836468026021217,0.410981135869476,-0.03454915
61.73,10.1645182409643,-0.81591378879971,0.402844590703099,-0.04063093
61.74,10.1295281208773,-0.798601442353218,0.39486870794639,-0.04686047
61.75,10.020535861341,-0.776089178094442,0.387051383904072,-0.05313953
61.76,9.91705627494571,-0.761729129663025,0.379390360653851,-0.05936907
61.77,9.82509371960252,-0.743035606646982,0.371883335119933,-0.06545085
61.78,9.72083126869091,-0.725369641821838,0.364527961969824,-0.07128896
61.79,9.68143013691898,-0.700021320958426,0.357321825257393,-0.07679134
61.8,9.59110377753941,-0.686188172151071,0.350262657615989,-0.0818712
61.81,9.4496855414328,-0.672915341133866,0.343347653860632,-0.08644843
61.82,9.42255942050274,-0.66376406613626,0.336574198106711,-0.09045085
61.83,9.42415819746553,-0.651400813032119,0.329939686495515,-0.09381533
61.84,9.40991761758941,-0.640789219364685,0.323441391104906,-0.09648882
61.85,9.43481713512342,-0.625285860474578,0.317076617227496,-0.09842916
61.86,9.37438101325686,-0.618982100776964,0.31084258573513,-0.09960574
61.87,9.33222149490574,-0.61405442858605,0.304736423079773,-0.09995614
61.88,9.3182559963455,-0.604600102635455,0.298755644579337,-0.1
61.89,9.24914320044816,-0.59437339024034,0.292898068033265,-0.09995614
61.9,9.1453565624956,-0.588190846384204,0.287161501751947,-0.09982464
61.91,9.07599274917812,-0.579671640437098,0.281543596778914,-0.09960574
61.92,8.93260594177227,-0.561695187206284,0.276042228801654,-0.0992998
61.93,8.8693686817591,-0.559785408840114,0.270655218382286,-0.09890738
61.94,8.82214124847751,-0.541663715305399,0.265380432069902,-0.09842916
61.95,8.74104557317107,-0.528989294614342,0.260215747836833,-0.09786597
61.96,8.71207742211094,-0.516926523718789,0.255159139413244,-0.09721882
61.97,8.6834327975684,-0.50005407433124,0.250208577126868,-0.09648882
61.98,8.61081962713357,-0.491520860754112,0.2453620566341,-0.09567727
61.99,8.59601287105969,-0.486134809089004,0.240617525411586,-0.09478559
62,8.50956943063274,-0.464194272926038,0.235972948045473,-0.09381533
62.01,8.51712830521578,-0.456092418806247,0.231426402822245,-0.09276821
62.02,8.5444880824536,-0.436067744753502,0.226975889714334,-0.09164606
62.03,8.48558502871871,-0.421668722466102,0.22261942983446,-0.09045085
62.04,8.45520930368859,-0.409258023220792,0.218355125604843,-0.08918467
62.05,8.42450255785149,-0.396759960807857,0.214181066876921,-0.08784975
62.06,8.42080894190196,-0.389901465953885,0.210095366475258,-0.08644843
62.07,8.39980608035061,-0.382972249225474,0.20609615863887,-0.08498317
62.08,8.32855340624921,-0.371689582105025,0.2021816317263,-0.08345653
62.09,8.23887698167612,-0.374387660657666,0.198349913065407,-0.0818712
62.1,8.18786782293384,-0.368914263422648,0.194599218914185,-0.08022996
62.11,8.14800181471153,-0.372147379657267,0.190927779214357,-0.07853568
62.12,8.11915853057006,-0.365184617274375,0.187333844661984,-0.07679134
62.13,8.12309038853896,-0.357764033029385,0.183815689862047,-0.075
62.14,8.10262336876555,-0.360350543644477,0.180371614407276,-0.0731648
62.15,8.11916669137528,-0.350420287057032,0.176999944196915,-0.07128896
62.16,8.14450253195797,-0.336372910501367,0.173699056914721,-0.06937578
62.17,8.13732095983176,-0.332739202361647,0.170467284532164,-0.0674286
62.18,8.15830452349706,-0.328779170249521,0.167303058544075,-0.06545085
62.19,8.15475842508378,-0.317039636249425,0.164204814550552,-0.06344599
62.2,8.07606454289764,-0.305673330541273,0.161171016033266,-0.06141754
62.21,8.0958243545631,-0.291408075942869,0.158200155183946,-0.05936907
62.22,8.03241486805821,-0.292609048348613,0.1552907516065,-0.05730415
62.23,7.98320860499246,-0.289383980137209,0.152441356954251,-0.05522642
62.24,7.96931599963181,-0.279325285029964,0.149650548123096,-0.05313953
62.25,7.92847589116589,-0.266336059473435,0.146916935158049,-0.05104712
62.26,7.90710786873189,-0.261652764555527,0.144239155774092,-0.04895288
62.27,7.88075806898553,-0.264347779427459,0.141615868710254,-0.04686047
62.28,7.87696934895646,-0.258339798865419,0.139045776759361,-0.04477358
62.29,7.88249985006632,-0.244146606061804,0.136527614524489,-0.04269585
62.3,7.86047497462579,-0.235450647522094,0.134060135096584,-0.04063093
62.31,7.85702058245056,-0.237185242712959,0.131642125018214,-0.03858246
62.32,7.79321759108128,-0.238939327225831,0.129272401870315,-0.03655401
62.33,7.80009145937486,-0.242481748940125,0.126949812818592,-0.03454915
62.34,7.77560333641641,-0.233238655753107,0.124673233973507,-0.0325714
62.35,7.6998147808992,-0.223146257834345,0.122441570420836,-0.03062422
62.36,7.69146717847743,-0.227706560259044,0.120253755888616,-0.02871104
62.37,7.68815907735144,-0.230868538969259,0.118108752767269,-0.0268352
62.38,7.65637145121195,-0.22185800921267,0.116005552161758,-0.025
62.39,7.71756309410629,-0.21567925891801,0.113943172252451,-0.02320866
62.4,7.75849713725045,-0.206458633594746,0.111920659985667,-0.02146432
62.41,7.80654650169956,-0.202147820634741,0.109937089305644,-0.01977004
62.42,7.86428781888356,-0.213911411144932,0.107991560986166,-0.0181288
62.43,7.83234215545302,-0.201204093358418,0.106083202269202,-0.01654347
62.44,7.82237985629221,-0.192013136312536,0.104211166348581,-0.01501683
62.45,7.86437974430202,-0.187287071405557,0.102374631978844,-0.01355157
62.46,7.83221462188714,-0.172554595789312,0.100572802767431,-0.01215025
62.47,7.74858082054401,-0.165606258182363,0.0988049216027314,-0.01081533
62.48,7.68413346983267,-0.163988299241232,0.0970702281635911,-0.00954915
62.49,7.65127465411577,-0.14552997057424,0.0953679790262793,-0.00835394
62.5,7.67564429356012,-0.153334694164351,0.0936974884827353,-0.00723179
62.51,7.66558548204151,-0.142595502564002,0.0920580767963748,-0.00618467
62.52,7.63352100324346,-0.139367338586417,0.090449110322884,-0.00521441
62.53,7.6428592970476,-0.14068184928275,0.0888699249890363,-0.00432273
62.54,7.67586589085711,-0.141962338670083,0.0873198956181028,-0.00351118
62.55,7.70908573410926,-0.137152856837571,0.0857984339338453,-0.00278118
62.56,7.67680590286655,-0.136914750753811,0.0843049632725034,-0.00213403
62.57,7.67166279422933,-0.126047421764953,0.0828389222782768,-0.00157084
62.58,7.69787814873802,-0.129614384997295,0.0813997672711234,-0.00109262
62.59,7.67502555983372,-0.128442147772085,0.0799869710256073,-0.0007002
62.6,7.69601087677673,-0.13305601314658,0.078600023103944,-0.00039426
62.61,7.70285573038068,-0.124921112386673,0.0772384297159233,-0.00017536
62.62,7.72193168909624,-0.121865421717617,0.0759016768497141,-0
62.63,7.77424375439635,-0.129261418457361,0.0745893510882471,-0
62.64,7.77015006493798,-0.126586188180122,0.07330131228014,-0.00039426
62.65,7.75073368625605,-0.125953271452055,0.0720378282549727,-0.00157084
62.66,7.76301047238009,-0.125764477146869,0.0707992084323358,-0.00351118
62.67,7.73189611009956,-0.116422168115732,0.0695856716754778,-0.00618467
62.68,7.69474125302298,-0.118535804447405,0.0683975171319143,-0.00954915
62.69,7.6942650152851,-0.112890407608518,0.0672351251668637,-0.01355157
62.7,7.6657438893264,-0.0990180550229925,0.0660989084805288,-0.0181288
62.71,7.64236137035128,-0.0966504306186716,0.0649892361774868,-0.02320866
62.72,7.64878056293377,-0.0932600902214751,0.0639063816788953,-0.02871104
62.73,7.6190622576408,-0.0860244522525472,0.0628504784780896,-0.03454915
62.74,7.62214564064552,-0.0870758434983256,0.0618215412984946,-0.04063093
62.75,7.63887000945491,-0.0910765825273994,0.0608194200265567,-0.04686047
62.76,7.57525833615277,-0.0960068136585057,0.0598438074807984,-0.05313953
62.77,7.61271963892949,-0.103067127556668,0.0588942403528251,-0.05936907
62.78,7.66174601453889,-0.0971938926846996,0.0579701003409336,-0.06545085
62.79,7.63594100963621,-0.0907041931248476,0.0570706176321369,-0.07128896
62.8,7.69463958417191,-0.0946313692708332,0.0561948788005269,-0.07679134
62.81,7.69646916892438,-0.0914085671188607,0.0553418264935654,-0.0818712
62.82,7.68152563113577,-0.08780978551373,0.0545102801154299,-0.08644843
62.83,7.69656711548351,-0.0821619966528628,0.0536989449701205,-0.09045085
62.84,7.65574980261867,-0.0722517859940449,0.0529064249872159,-0.09381533
62.85,7.57061167290298,-0.0775681319060777,0.0521312464020145,-0.09648882
62.86,7.55468529309193,-0.077558691979147,0.0513718723601593,-0.09842916
62.87,7.49992348387667,-0.070596581589631,0.0506267209830622,-0.09960574
62.88,7.47711601711794,-0.0757160894339255,0.0498941512766224,-0.09995495
62.89,7.46687734374163,-0.0700242792164122,0.049172972920437,-0.1
62.9,7.47640891470444,-0.070583285281167,0.0484624442304417,-0.09995495
62.91,7.46543191299706,-0.0693374718458119,0.0477617227661352,-0.09981987
62.92,7.50306400323484,-0.0636989121378204,0.0470699980697525,-0.09959502
62.93,7.57392219889732,-0.0631377903772324,0.0463866459048285,-0.0992808
62.94,7.56636623424552,-0.0710262522466499,0.0457112279302369,-0.09887776
62.95,7.55992159870834,-0.0629483170856559,0.0450434163718414,-0.09838665
62.96,7.57871649479412,-0.0668058620293796,0.0443830266266061,-0.09780834
62.97,7.5378133715606,-0.0633525720976488,0.04372984577515,-0.09714387
62.98,7.52449054845741,-0.0639961157251727,0.0430836779215095,-0.09639445
62.99,7.50596249316442,-0.0633037578956813,0.0424443367669807,-0.09556142
63,7.47182676352361,-0.0653200511226718,0.0418116394657884,-0.09464629
63.01,7.47099731342007,-0.0617105742344979,0.041185405793769,-0.09365071
63.02,7.50234577305326,-0.0621571513962462,0.0405654592545529,-0.09257646
63.03,7.4881199656733,-0.0577740841563548,0.0399516283968912,-0.09142548
63.04,7.51054521055606,-0.0585147424595462,0.0393437478504904,-0.09019986
63.05,7.57529705772924,-0.0608162717859176,0.0387416588211465,-0.08890179
63.06,7.61460430650296,-0.064326479632836,0.0381452093877967,-0.08753362
63.07,7.63554871650268,-0.0652921491871633,0.0375542546142549,-0.0860978
63.08,7.68848197676533,-0.061642304880334,0.0369686565246676,-0.08459694
63.09,7.64223162004783,-0.0677686601674636,0.0363882841134684,-0.08303374
63.1,7.66558440898633,-0.0724093154176943,0.0358130132872853,-0.081411
63.11,7.68141541594434,-0.0699597751337645,0.0352427271712814,-0.07973166
63.12,7.65404495115441,-0.0705129855522715,0.0346773151198642,-0.07799874
63.13,7.6300853454392,-0.065116500295108,0.0341166736603024,-0.07621536
63.14,7.58397550545957,-0.0627323971875844,0.0335607061060388,-0.07438475
63.15,7.54053259871316,-0.0556108496860466,0.0330093225466331,-0.07251019
63.16,7.54300913499069,-0.0474088543988667,0.0324624397441985,-0.07059506
63.17,7.51687691651223,-0.0512589665993144,0.0319199811036009,-0.06864282
63.18,7.4928608159101,-0.0545273457501798,0.0313818766081948,-0.06665699
63.19,7.45732702916113,-0.0544051563946545,0.0308480627037825,-0.06464114
63.2,7.48580255154455,-0.0598275961453978,0.0303184822242948,-0.0625989
63.21,7.51505251496231,-0.0534876710182941,0.0297930842669923,-0.06053396
63.22,7.50724851387917,-0.0555903836937152,0.02927182412746,-0.05845004
63.23,7.52562291712671,-0.047627984903695,0.0287546631494778,-0.05635089
63.24,7.52974053774093,-0.0275366875749402,0.0282415686059985,-0.0542403
63.25,7.51633932627749,-0.0226847959064558,0.0277325135851522,-0.05212206
63.26,7.53227614095715,-0.0238213845089945,0.0272274768185114,-0.05
63.27,7.45463948484231,-0.02026206991413,0.0267264425833019,-0.04787794
63.28,7.37393107505797,-0.0274652275768153,0.0262294004768375,-0.0457597
63.29,7.40082375679785,-0.0292056494056986,0.0257363453082983,-0.04364911
63.3,7.39809562665743,-0.0385603833844605,0.0252472769292312,-0.04154996
63.31,7.37606505072979,-0.0498240809622552,0.0247622000517565,-0.03946604
63.32,7.42873281936456,-0.0509521671226167,0.0242811240431164,-0.0374011
63.33,7.44574699459713,-0.0524648005401632,0.0238040627807622,-0.03535886
63.34,7.4370452904249,-0.0555244379596103,0.0233310344454142,-0.03334301
63.35,7.46578069723796,-0.0633302616769997,0.0228620613323766,-0.03135718
63.36,7.41788709008584,-0.0588236441104666,0.0223971696397532,-0.02940494
63.37,7.39086438729816,-0.0523130571194483,0.0219363892549889,-0.02748981
63.38,7.39853121573781,-0.0398957066934308,0.0214797535754981,-0.02561525
63.39,7.37474773241597,-0.0388553630925117,0.0210272992871944,-0.02378464
63.4,7.36357144803325,-0.0339058443194935,0.0205790661245827,-0.02200126
63.41,7.39967276464718,-0.0346009637499369,0.020135098322981,-0.02026834
63.42,7.39034563523246,-0.0285017256915063,0.0196954395383216,-0.018589
63.43,7.44186449787492,-0.0339233661030894,0.0192601373638371,-0.01696626
63.44,7.45405692395388,-0.0416322271809865,0.0188292416028711,-0.01540306
63.45,7.46630443604505,-0.047059290955979,0.0184028039750987,-0.0139022
63.46,7.46100892582303,-0.0461754296078955,0.0179808778945598,-0.01246638
63.47,7.43582215742008,-0.0392866393257027,0.0175635182809741,-0.01109821
63.48,7.49544343398729,-0.0357809050176458,0.017150781310353,-0.00980014
63.49,7.51294642308606,-0.0283367820005812,0.016742724157004,-0.00857452
63.5,7.50011258842129,-0.0318171738761421,0.016339404784788,-0.00742354
63.51,7.50168668596939,-0.0234139796116704,0.0159408816775756,-0.00634929
63.52,7.49393982126458,-0.0268831413431885,0.0155472136981197,-0.00535371
63.53,7.4934065789235,-0.0334845984185004,0.0151584597457234,-0.00443858
63.54,7.5196125855827,-0.0394218878278786,0.0147746785922218,-0.00360555
63.55,7.52319425375624,-0.0404932976724029,0.0143959286347478,-0.00285613
63.56,7.5235188828892,-0.0431933892238249,0.0140222676711397,-0.00219166
63.57,7.53776178076954,-0.0417889150612417,0.0136537526966832,-0.00161335
63.58,7.55489637895402,-0.0420835510619694,0.0132904396382714,-0.00112224
63.59,7.53636100753379,-0.0427510205062886,0.0129323831656361,-0.0007192
63.6,7.59399611751038,-0.040190714898534,0.0125796364895207,-0.00040498
63.61,7.60017507044727,-0.0346088383277201,0.0122322511240256,-0.00018013
63.62,7.58012464501219,-0.0312871867425609,0.0118902333013128,-0
63.63,7.61655348711049,-0.0282555080584469,0.0115536975927066,-0
63.64,7.59702715010023,-0.0225190029994197,0.0112230219764051,-0.00039426
63.65,7.60405090219474,-0.0288010589466758,0.0108989817521882,-0.00157084
63.66,7.61971662865278,-0.0275048014962394,0.0105823827525015,-0.00351118
63.67,7.5438169464295,-0.0273689739173841,0.0102739253178585,-0.00618467
63.68,7.55233758189923,-0.0331571906970475,0.00997439983881756,-0.00954915
63.69,7.53664882235153,-0.0341083401743775,0.0096846869842495,-0.01355157
63.7,7.5082264394679,-0.0349987786725063,0.00940568374901747,-0.0181288
63.71,7.52677932832335,-0.0323019263575121,0.00913822153344493,-0.02320866
63.72,7.49361702910303,-0.019065752046356,0.00888300753062339,-0.02871104
63.73,7.47129723540343,-0.0129108011475597,0.00864059204658229,-0.03454915
63.74,7.48801352902131,-0.0135457163949961,0.00841134582295754,-0.04063093
63.75,7.47097938441827,-0.00524114815159103,0.00819545222263528,-0.04686047
63.76,7.46211872704846,-0.0082406431248554,0.00799290443140762,-0.05313953
63.77,7.50548230859438,-0.0131237722679134,0.00780350649760775,-0.05936907
63.78,7.46946646027955,-0.0140747193015272,0.00762687739472579,-0.06545085
63.79,7.4813307955137,-0.0185573222129417,0.00746245814425617,-0.07128896
63.8,7.50414855946547,-0.0200621063810244,0.00730952031210735,-0.07679134
63.81,7.48840087483783,-0.013953324767305,0.00716717981909143,-0.0818712
63.82,7.43976662769638,-0.0142317439514861,0.00703441190415737,-0.08644843
63.83,7.41665710525865,-0.00791334648064497,0.00691006912192076,-0.09045085
63.84,7.42124264520424,0.0015915616688311,0.00679290229243898,-0.09381533
63.85,7.44247775049187,0.00335253475001371,0.00668158256871369,-0.09648882
63.86,7.40993976211332,0.00477567004427711,0.00657472521042197,-0.09842916
63.87,7.40356679209405,-0.000512463884428954,0.00647091364295893,-0.09960574
63.88,7.41822782732121,0.000352773820325649,0.00636867725270543,-0.09995106
63.89,7.4912559802743,-0.00541048253501088,0.00626704776681704,-0.1
63.9,7.52173599592445,-0.00283526259111561,0.00616550672365099,-0.09995106
63.91,7.47404728242324,-0.00250997583368028,0.00606342370010653,-0.09980434
63.92,7.46203295648488,-0.00442174416494212,0.00596019739544693,-0.09956013
63.93,7.5204657579689,-0.00883965639148254,0.00585542872733181,-0.0992189
63.94,7.52871617584618,0.000888682978820811,0.00574890691618175,-0.09878132
63.95,7.52362553337414,-0.000358036347087774,0.00564054166701364,-0.09824825
63.96,7.48843848298891,0.00469091694116342,0.0055303048450381,-0.09762073
63.97,7.41895140898057,0.004581860743832,0.00541819276100702,-0.09689999
63.98,7.42313859346018,0.00535231288225406,0.00530420763510019,-0.09608744
63.99,7.46098035303693,0.00315206771712953,0.00518835048911835,-0.09518467
64,7.41361140307723,0.00776022575082493,0.00507061982698483,-0.09419346
64.01,7.4529003219112,0.00112158006622195,0.00495101249100378,-0.09311573
64.02,7.47706147932561,0.00161178936674677,0.00482952517716894,-0.0919536
64.03,7.44179998884604,0.00118212673508355,0.00470615509193133,-0.09070934
64.04,7.52582633616617,-0.00272587766183758,0.00458090125516724,-0.0893854
64.05,7.52316388593466,-0.00401516429262901,0.00445376484383576,-0.08798435
64.06,7.48166671788925,-0.00177838758931292,0.00432474956283087,-0.08650895
64.07,7.48033665815798,-0.00829861872588743,0.00419386193420472,-0.08496209
64.08,7.46285133430921,-0.00820370565886032,0.00406111146904275,-0.08334678
64.09,7.46704187446807,-0.0105162000049616,0.00392651088231914,-0.08166619
64.1,7.48406028417051,-0.0121901335444243,0.00379007629168903,-0.07992362
64.11,7.38019067515462,-0.0090162825697866,0.00365182733511297,-0.07812246
64.12,7.42341233608521,-0.0187763939486004,0.00351178734636604,-0.07626626
64.13,7.42583445316342,-0.0206517064002486,0.00336998346279126,-0.07435864
64.14,7.44117745492664,-0.0200162223503929,0.00322644703778182,-0.07240334
64.15,7.44293348320953,-0.0243185891444539,0.00308121279760931,-0.07040418
64.16,7.45927531225504,-0.0265446184957666,0.00293431986317719,-0.06836508
64.17,7.46286524606825,-0.021959476459742,0.002785811482358,-0.06629003
64.18,7.52814814743981,-0.0174769225331731,0.00263573505048374,-0.06418309
64.19,7.50072153277079,-0.0146261094907714,0.00249372381054543,-0.07228426
64.2,7.49745548706641,-0.0108588886968336,0.00237332859070712,-0.09059771
64.21,7.47012961270255,-0.00814081207254137,0.00228457096366882,-0.11912768
64.22,7.3695812562785,-0.00257528366752865,0.00223854063284793,-0.15787842
64.23,7.3097428922721,0.00456678790894226,0.00224918374138629,-0.20685423
64.24,7.33757617076655,0.0107243402283629,0.00233081514484916,-0.26605942
64.25,7.27719236888218,0.0043199338132985,0.00247805453388692,-0.33549832
64.26,7.20271871007529,0.0111554610984849,0.00266894413445828,-0.41517525
64.27,7.16450089004903,0.0172119197507303,0.00289434506919898,-0.50509455
64.28,7.0856522125196,0.0208611489399365,0.00314169161895965,-0.59502466
64.29,7.05630180038249,0.0289983610160447,0.00339767980583701,-0.68496986
64.3,6.96983791054601,0.0348253981139478,0.00365747895882199,-0.77493442
64.31,6.85549989189378,0.0380087179104808,0.00391936110638761,-0.86492256
64.32,6.81881476025502,0.0359987374041638,0.00418270628516323,-0.95493848
64.33,6.75639840411628,0.0339058659215592,0.00444729680110437,-1.04498627
64.34,6.62514484035806,0.027328439324612,0.00471305927893829,-1.13507002
64.35,6.58398853200205,0.0371858394972703,0.00497997280479135,-1.22519372
64.36,6.53552504491517,0.033002172254345,0.00524803510511965,-1.31536126
64.37,6.45494515498638,0.0215838366036124,0.00551725055155098,-1.40557649
64.38,6.37328773222398,0.010148573348558,0.00578762584029426,-1.49584314
64.39,6.29544584708105,0.0121262649561814,0.00605916838495735,-1.58616484
64.4,6.19445239882803,0.0161329303020612,0.0063318857233854,-1.67654512
64.41,6.14412432205893,0.0179398246477356,0.00660578531416797,-1.76698738
64.42,6.01261394803992,0.00712573975825443,0.00688087442534722,-1.85749492
64.43,5.90572620233307,0.0104460979035366,0.00715716011625476,-1.9480709
64.44,5.8461233318707,0.0158759130364175,0.00743464917269271,-2.03871835
64.45,5.72780897795268,0.0187874819047062,0.00771334810991521,-2.12944016
64.46,5.62103297064013,0.0287299778209675,0.00799326312261398,-2.22023906
64.47,5.51258673206168,0.0321046247467043,0.00827440008892416,-2.31111766
64.48,5.45603975310285,0.0324819267930463,0.00855676456148489,-2.40207838
64.49,5.51243833426512,0.0667196914059014,0.00884036170885625,-2.4931235
64.5,5.67234567978647,0.115156110243754,0.0091251963544518,-2.58425514
64.51,6.00362900126044,0.208734941471431,0,-2.67547522
64.52,6.5057279529878,0.310061473003169,0.00143858310170373,-2.76678552
64.53,7.16295675313418,0.424101003755998,0.00482193460501791,-2.85818764
64.54,8.00218230271392,0.555350188016604,0.0101396738220048,-2.94968297
64.55,8.88459702326485,0.700248490195156,0.0170888543028366,-3.04127275
64.56,9.84207345860535,0.837158051201316,0.0253628402669006,-3.13295802
64.57,10.7596523027494,0.961559671834555,0.0347286014814005,-3.22473964
64.58,11.6540541366428,1.0535505226666,0.0450383181113733,-3.31661827
64.59,12.5129485602395,1.14088943795691,0.0561990752477239,-3.40854546
64.6,13.2986513151659,1.21317863890514,0.068150164904066,-3.50066831
64.61,13.9084497552971,1.28089073673663,0.0808450981039546,-3.59318543
64.62,14.4635384869964,1.33092871949303,0.0941550838489146,-3.68648486
64.63,14.9038165115545,1.35010486442519,0.107806451274821,-3.78054804
64.64,15.2752659344813,1.36256200480975,0.1215591365356,-3.87534438
64.65,15.4692888641253,1.36795699939314,0.1352733803887,-3.97083172
64.66,15.606106728605,1.36617277524694,0.148887241985272,-4.06695699
64.67,15.6198737376053,1.36660190510681,0.162383362918308,-4.16365707
64.68,15.6941999901987,1.34491273519208,0.175763288866696,-4.26085978
64.69,15.795935747898,1.33452373263684,0.189029202883646,-4.34824913
64.7,15.8265681906714,1.32378125910761,0.202178959976844,-4.42573835
64.71,15.902823705038,1.3204006610053,0.215210013215958,-4.49323537
64.72,16.0394057961621,1.3054276050636,0.228118876545833,-4.55064427
64.73,16.1620981824644,1.29101924327683,0.240901315610819,-4.59786681
64.74,16.312571663266,1.26622722606651,0.253552566587132,-4.63480397
64.75,16.4655912013486,1.24790303785317,0.26605993766706,-4.64240218
64.76,16.5514276895707,1.22977017313431,0.27840298371833,-4.62056553
64.77,16.7097752428286,1.20888067727518,0.290563940500422,-4.56920194
64.78,16.8150227646686,1.18009303407119,0.302530789183785,-4.49846053
64.79,16.9256330951604,1.15587922837475,0.314295429950173,-4.40826117
64.8,17.0597688707725,1.13078752574127,0.325847340898916,-4.29853167
64.81,17.1942760435484,1.11901740209692,0.337174818938187,-4.16920892
64.82,17.3464414399672,1.09587314247059,0.348265618599504,-4.02023986
64.83,17.4979142201991,1.07228374308645,0.35910723088487,-3.85158232
64.84,17.6740351519547,1.05460307304488,0.369695328087653,-3.68216103
64.85,17.8649261002521,1.03058280935658,0.380033503825502,-3.51189719
64.86,18.0568268631984,1.00678662605332,0.390121980790338,-3.34135955
64.87,18.2153913776715,0.984257315052633,0.399959199271646,-3.17070145
64.88,18.3999080823917,0.950160187125342,0.409543971834617,-2.99992304
64.89,18.5942014984263,0.920965503815921,0.418875362200581,-2.82902476
64.9,18.7464212789332,0.883791886634867,0.427952706227747,-2.65800733
64.91,18.9037081762313,0.847700079165346,0.43677550776406,-2.48687176
64.92,19.0615926800352,0.818277786040371,0.445343316478574,-2.31561934
64.93,19.216631780032,0.791831171806878,0.453655697474924,-2.14425166
64.94,19.3789053089612,0.768118519395129,0.461712199411829,-1.97277056
64.95,19.5110792346624,0.747817623840813,0.469512309143984,-1.80117818
64.96,19.6346834223206,0.731072743568153,0.477055302990524,-1.6294769
64.97,19.8207981641413,0.709869149936099,0.484340808869442,-1.4576694
64.98,20.0046941932966,0.679922722458078,0.491368173675449,-1.28575858
64.99,20.1291463893993,0.657487198915238,0.498136722247506,-1.1137476
65,20.2173258776012,0.637453596155116,0.504645766627498,-0.94163988
65.01,20.3244904350268,0.61483969170763,0.510894576066445,-0.76943904
65.02,20.4551008078255,0.585646925245841,0.516893518227046,-0.61610427
65.03,20.5502805886544,0.556399387987337,0.522662860794904,-0.48163965
65.04,20.6083016803919,0.540747028479519,0.528217055957561,-0.36604945
65.05,20.6276796596326,0.529891647333572,0.533570740633249,-0.26933816
65.06,20.6570050287333,0.511608679657325,0.538740198351982,-0.19151043
65.07,20.7647796557984,0.487676564759847,0.54374387265647,-0.13257109
65.08,20.8167575203016,0.47243434180259,0.548601766884865,-0.09252516
65.09,20.8194255311417,0.463113584818851,0.553334777573291,-0.07137775
65.1,20.4884305489495,0.356896655905186,0.557964382155776,-0.06913417
65.11,19.7356982303022,0.175167938602671,0.562499767149033,-0.06684449
65.12,18.713612738875,-0.0399268043216068,0.566941325316374,-0.06451423
65.13,17.5289933465876,-0.253413086463871,0.568560097567524,-0.06214901
65.14,16.2402891835023,-0.477391681220836,0.563282078588539,-0.05975452
65.15,14.924965370762,-0.698599015793667,0.554342049047876,-0.05733652
65.16,13.6354850721004,-0.911365108808061,0.543752622601924,-0.05490086
65.17,12.6717843289245,-1.0168920505179,0.532610277340345,-0.05245338
65.18,12.0932312466388,-1.05374599548354,0.521465726116823,-0.05
65.19,11.73958918925,-1.04832653628012,0.510542126450475,-0.04754662
65.2,11.5886693645135,-1.03838245741228,0.499891978142193,-0.04509914
65.21,11.5049172070588,-1.01017681027466,0.489496847650931,-0.04266348
65.22,11.3950063223305,-0.993647251504096,0.479325211518548,-0.04024548
65.23,11.317785866497,-0.980502874585891,0.4693516942831,-0.03785099
65.24,11.1849146426847,-0.972878513455783,0.459562618631344,-0.03548577
65.25,11.0864382670437,-0.954415075332818,0.449952341750478,-0.03315551
65.26,10.9957414509784,-0.937292564402258,0.440519010663242,-0.03086583
65.27,10.8973623070527,-0.916320948842994,0.431261510974387,-0.02862225
65.28,10.7524489065145,-0.900036119341068,0.422178500154828,-0.02643016
65.29,10.6748604212918,-0.886689249460433,0.413268148151249,-0.02429486
65.3,10.5427319985499,-0.866767659887146,0.404528277915933,-0.02222149
65.31,10.4324520253795,-0.850287847352507,0.395956535655473,-0.02021503
65.32,10.3411986328841,-0.837699463946933,0.387550525620788,-0.01828034
65.33,10.2961607897283,-0.824449194143609,0.379307877424575,-0.01642205
65.34,10.1854557591807,-0.81385801027318,0.371226257133696,-0.01464466
65.35,10.0671308869442,-0.798749206641449,0.363303404793362,-0.01295244
65.36,9.93203474937508,-0.779343796224286,0.355537031868645,-0.01134948
65.37,9.82393769282424,-0.761191649219387,0.347924873847311,-0.00983962
65.38,9.77282172591697,-0.739318208953609,0.340464697763541,-0.00842652
65.39,9.75320854123267,-0.720796433133338,0.333154280155778,-0.00711357
65.4,9.69354938286826,-0.704113233870703,0.325991514772054,-0.00590394
65.41,9.64852752106109,-0.695709740240054,0.318974167683605,-0.00480054
65.42,9.58739995102396,-0.686461343292175,0.31209997266519,-0.00380602
65.43,9.58485447496096,-0.663607665705242,0.305366768699761,-0.0029228
65.44,9.56336368938676,-0.659677501827553,0.298772439548256,-0.00215298
65.45,9.46787285961232,-0.652377565609885,0.292314860650777,-0.00149844
65.46,9.31980682565616,-0.635492912580913,0.285991911986347,-0.00096074
65.47,9.26580423722402,-0.626146558837379,0.279801482039572,-0.00054117
65.48,9.20261210146359,-0.61221928197319,0.27374148749399,-0.00024076
65.49,9.19301887071697,-0.58736859641666,0.26780981805313,-0
65.5,9.0876229919212,-0.589956581611908,0.262004455751062,-0
65.51,8.97863466828531,-0.578087833634469,0.256323592081545,-0.00039426
65.52,8.96280349754926,-0.553337197436537,0.250765688449028,-0.00157084
65.53,8.91786580389738,-0.546613735351025,0.245329395052672,-0.00351118
65.54,8.83250999653638,-0.525488489415115,0.240013140657422,-0.00618467
65.55,8.77080069536907,-0.513063313779957,0.234815410077455,-0.00954915
65.56,8.66929039462199,-0.50761702634388,0.229734724405288,-0.01355157
65.57,8.63329673982381,-0.490185808837845,0.224769597399113,-0.0181288
65.58,8.60914196190933,-0.475552502130094,0.219918478542449,-0.02320866
65.59,8.58998912484685,-0.469727734090424,0.215179753658055,-0.02871104
65.6,8.58246732217866,-0.454175522929693,0.210551990730449,-0.03454915
65.61,8.52845769939652,-0.434578054027838,0.206033426355702,-0.04063093
65.62,8.47398554762215,-0.414101711273584,0.201622310765962,-0.04686047
65.63,8.42077404326746,-0.403390006006261,0.19731683361578,-0.05313953
65.64,8.3977651548093,-0.389606910710335,0.193115149271248,-0.05936907
65.65,8.38658766830039,-0.376410248434476,0.189014915196355,-0.06545085
65.66,8.3452316018999,-0.373188801269397,0.185014228392899,-0.07128896
65.67,8.29047257353091,-0.365506814792112,0.181110864831267,-0.07679134
65.68,8.31115418233846,-0.364583841923456,0.177302525692936,-0.0818712
65.69,8.28313593295306,-0.365294704487431,0.173586854134261,-0.08644843
65.7,8.29812571484038,-0.360934483335722,0.169961310095844,-0.09045085
65.71,8.29520136596273,-0.355494932251666,0.166423395254965,-0.09381533
65.72,8.28389987297351,-0.342205678731438,0.162970537097348,-0.09648882
65.73,8.22618028405723,-0.332275160094412,0.159600090334904,-0.09842916
65.74,8.23332896452583,-0.331762442355108,0.156309398425713,-0.09960574
65.75,8.16813225466725,-0.326937938941008,0.153095749520851,-0.09994665
65.76,8.15451695167439,-0.316343119218583,0.149956806182455,-0.1
65.77,8.13903565548772,-0.304268831162665,0.146890592041208,-0.09994665
65.78,8.10471778266424,-0.300098569266694,0.143895113816453,-0.09978671
65.79,8.03874287327411,-0.288425874310424,0.140968350001763,-0.09952052
65.8,8.01141050251948,-0.281369184924998,0.138108330481676,-0.09914865
65.81,7.96882525170593,-0.270721367262358,0.135313238140205,-0.0986719
65.82,7.97721717602944,-0.269141730532367,0.132581326098003,-0.09809128
65.83,8.01816362307934,-0.267213878138461,0.129910957816999,-0.09740803
65.84,7.98716242788511,-0.264386617260815,0.127300505723813,-0.09662361
65.85,7.96089506073505,-0.253770348954719,0.124748368486028,-0.09573969
65.86,7.9216353967198,-0.265276996838609,0.122252987740944,-0.09475816
65.87,7.9030786318714,-0.263154005998023,0.119812775809327,-0.09368112
65.88,7.93234741259462,-0.25085358137923,0.117426226457219,-0.09251086
65.89,7.89902996675275,-0.23785453246307,0.11509184833021,-0.09124987
65.9,7.81922062560419,-0.22787753362342,0.112808181286612,-0.08990086
65.91,7.82339292432696,-0.221584723716389,0.110573797681938,-0.0884667
65.92,7.8325801077199,-0.221871018787965,0.108387302730242,-0.08695045
65.93,7.89780172518878,-0.204835804746444,0.106247334823766,-0.08535534
65.94,7.88704751284248,-0.204219316741525,0.104152565901737,-0.08368478
65.95,7.82794343349594,-0.209860907085212,0.102101701371381,-0.08194234
65.96,7.81198935158853,-0.211735453664076,0.100093480353811,-0.08013173
65.97,7.85459853528105,-0.202950464501814,0.0981266757421296,-0.07825682
65.98,7.83188745223584,-0.198265540369885,0.0962000943549068,-0.07632161
65.99,7.80202700179799,-0.189716454513119,0.094312576793145,-0.07433022
66,7.71785022282759,-0.189423029234151,0.0924629974827268,-0.07228692
66.01,7.69311156138468,-0.17922444737485,0.090650264982143,-0.07019605
66.02,7.73323848892459,-0.177337416922886,0.0888733209103451,-0.06806208
66.03,7.71426947579561,-0.168238623506747,0.0871311406284667,-0.06588957
66.04,7.66573676830951,-0.162600546605327,0.0854227328054695,-0.06368315
66.05,7.66013925292059,-0.156871863301675,0.0837471518874272,-0.06144753
66.06,7.59917965215833,-0.146862538695955,0.0821034435018992,-0.05918748
66.07,7.61684498572682,-0.139254099353507,0.0804907303184358,-0.05690782
66.08,7.64868987599347,-0.132274425803367,0.0789081497684222,-0.05461342
66.09,7.63522400946356,-0.125399880970157,0.0773548711299989,-0.05230917
66.1,7.64758815832295,-0.129162876161848,0.0758300949283051,-0.05
66.11,7.62917602501345,-0.12578409988528,0.074333052175502,-0.04769083
66.12,7.63689757486967,-0.130015251170178,0.0728630036592575,-0.04538658
66.13,7.68135911623598,-0.138956776441986,0.0714192393258319,-0.04309218
66.14,7.73075321155754,-0.146660633990676,0.0700010776333609,-0.04081252
66.15,7.73954931237411,-0.150665777191804,0.0686078650832267,-0.03855247
66.16,7.71821565425577,-0.148553978500427,0.0672389753520592,-0.03631685
66.17,7.72230163794456,-0.146024849406429,0.0658938089281417,-0.03411043
66.18,7.73707852389524,-0.154542660297585,0.064571791884312,-0.03193792
66.19,7.75566426986216,-0.143337854743383,0.0632723757773739,-0.02980395
66.2,7.7437205059683,-0.13394400574412,0.0619950364343917,-0.02771308
66.21,7.72566335320527,-0.122785336453698,0.0607392735697417,-0.02566978
66.22,7.74843424754992,-0.119503908193797,0.059504609626169,-0.02367839
66.23,7.77146162069536,-0.111953705912939,0.0582905892640446,-0.02174318
66.24,7.77354516535261,-0.115615953884876,0.0570967785425588,-0.01986827
66.25,7.7880806622047,-0.111807626119469,0.0559227735262462,-0.01805766
66.26,7.74449350238882,-0.1168868683781,0.0547681621316912,-0.01631522
66.27,7.76131977258128,-0.116978573386198,0.0536325786143644,-0.01464466
66.28,7.73046354700654,-0.123412779360595,0.0525156668093152,-0.01304955
66.29,7.67566663114359,-0.120311503892747,0.0514170877460481,-0.0115333
66.3,7.63753493763701,-0.121945327546553,0.0503365189753573,-0.01009914
66.31,7.55883445927038,-0.110726839618588,0.0492736670505351,-0.00875013
66.32,7.52877263104071,-0.115074579945873,0.0482282196279705,-0.00748914
66.33,7.53541843134569,-0.110275076962684,0.0471999057926337,-0.00631888
66.34,7.46489482548775,-0.109371544614256,0.0461884636577313,-0.00524184
66.35,7.48787718661509,-0.102155263521738,0.0451936423644526,-0.00426031
66.36,7.48272865859112,-0.100306700643602,0.044215202693651,-0.00337639
66.37,7.46172506158265,-0.0985432349621909,0.0432529161818419,-0.00259197
66.38,7.5226146821145,-0.100772538100929,0.0423065649658543,-0.00190872
66.39,7.52579216849739,-0.0927625867530367,0.0413759413480856,-0.0013281
66.4,7.50536978927573,-0.0907853177519187,0.0404608468983415,-0.00085135
66.41,7.5694686222143,-0.0905863985524948,0.0395610916365038,-0.00047948
66.42,7.53853513265129,-0.0925775554614066,0.0386764932811356,-0.00021329
66.43,7.53126709091925,-0.0883575081704402,0.0378068313934,-0
66.44,7.54094260017539,-0.0897309724507134,0.0369520024977724,-0
66.45,7.5063419913278,-0.0810545279529294,0.0361121748227723,-0.00039426
66.46,7.50690242048822,-0.0788733440325689,0.0352878408286814,-0.00157084
66.47,7.47419155430479,-0.0750504293296652,0.0344796077292513,-0.00351118
66.48,7.48734319918633,-0.072757443306886,0.0336879509341068,-0.00618467
66.49,7.48393183652619,-0.0714892156866038,0.0329134304165944,-0.00954915
66.5,7.48147384454195,-0.0518099425944674,0.0321566897001217,-0.01355157
66.51,7.50274248369959,-0.050516785946501,0.0314183959469295,-0.0181288
66.52,7.54474485019409,-0.0537934994880557,0.0306991632247242,-0.02320866
66.53,7.56723728891111,-0.0407831670958012,0.0299994915462304,-0.02871104
66.54,7.63997550530538,-0.0416343830621623,0.0293197415897513,-0.03454915
66.55,7.62265525084524,-0.0435595194180347,0.0286601064903558,-0.04063093
66.56,7.61387843670801,-0.0419993184050287,0.0280206284245369,-0.04686047
66.57,7.59606263775623,-0.0576471896019966,0.0274011688029284,-0.05313953
66.58,7.56630989097723,-0.0615489523313987,0.0268014176450565,-0.05936907
66.59,7.57938378989229,-0.0579321686942442,0.0262208958160025,-0.06545085
66.6,7.58826530332786,-0.0721698693175604,0.0256589611696392,-0.07128896
66.61,7.53725971982045,-0.0680428169098948,0.0251148096213427,-0.07679134
66.62,7.5309928327932,-0.0624924155481998,0.0245874923358047,-0.0818712
66.63,7.5602361267325,-0.0671767876188761,0.0240759230904593,-0.08644843
66.64,7.59538400743488,-0.0643376369187542,0.0235788957806613,-0.09045085
66.65,7.61245038379621,-0.0600738026505482,0.023095099184879,-0.09381533
66.66,7.59518146380581,-0.0608273228744643,0.0226231348915336,-0.09648882
66.67,7.54912482749708,-0.0504094266989661,0.0221615396624739,-0.09842916
66.68,7.57514813076752,-0.055357712614991,0.0217088060470604,-0.09960574
66.69,7.55838891879285,-0.0544789334781513,0.0212633567139817,-0.09994665
66.7,7.52153200682688,-0.0473284511376693,0.0208240977187017,-0.1
66.71,7.47818379865461,-0.0468811207314693,0.0203903699465402,-0.09994665
66.72,7.47123393073979,-0.0425797269401076,0.0199613852916595,-0.09978671
66.73,7.46534648182056,-0.0477246645417215,0.0195363934548879,-0.09952052
66.74,7.49442041232421,-0.051262660313246,0.0191148604136271,-0.09914865
66.75,7.48639102665064,-0.0424638877540657,0.0186964513322647,-0.0986719
66.76,7.47025419673149,-0.0422722660727358,0.0182809515575254,-0.09809128
66.77,7.50093738442052,-0.0475725026110347,0.0178682176811931,-0.09740803
66.78,7.54853322193714,-0.0464733966854147,0.0174581381885643,-0.09662361
66.79,7.56812881356831,-0.0407602458103653,0.0170506114060366,-0.09573969
66.8,7.5677847069392,-0.0357898874979241,0.0166455376424206,-0.09475816
66.81,7.55013327710555,-0.0398584348906607,0.0162428170366521,-0.09368112
66.82,7.55661557816206,-0.0570816942182287,0.0158423508953609,-0.09251086
66.83,7.57632604195003,-0.052196160232629,0.0154440433752101,-0.09124987
66.84,7.59697715552995,-0.0432986527862316,0.0150478028806234,-0.08990086
66.85,7.57361741809762,-0.043927409799401,0.0146535429330854,-0.0884667
66.86,7.57893238276495,-0.0454197705360155,0.0142611826924916,-0.08695045
66.87,7.56554471324501,-0.0412069172054203,0.0138706472464213,-0.08535534
66.88,7.56015070658948,-0.0351277022471722,0.0134818677906257,-0.08368478
66.89,7.53316328556704,-0.0224966985765007,0.0130947817210417,-0.08194234
66.9,7.56651614625382,-0.0172759228845432,0.0127093327332595,-0.08013173
66.91,7.56484390223784,-0.0239328235943604,0.01232547102406,-0.07825682
66.92,7.56860141753149,-0.0327624453482824,0.0119431529376964,-0.07632161
66.93,7.54887341948678,-0.0315793269801656,0.0115623414118149,-0.07433022
66.94,7.5146271527243,-0.0381181804849774,0.0111830059435528,-0.07228692
66.95,7.53209031361491,-0.0402609138249113,0.0108051225349615,-0.07019605
66.96,7.59555567322899,-0.0459152473619283,0.0104286737293311,-0.06806208
66.97,7.53481494804798,-0.0511297826671347,0.010053648597778,-0.06588957
66.98,7.52449425768339,-0.0535098264841165,0.00968004239616469,-0.06368315
66.99,7.52327501190302,-0.0444546972699162,0.00930785741544227,-0.06144753
67,7.53107652003075,-0.0482216174481861,0.00893710200787607,-0.05918748
67.01,7.5547219581628,-0.0517329533323689,0.00856779185739411,-0.05690782
67.02,7.54957356430005,-0.0471589355161889,0.0081999466072871,-0.05461342
67.03,7.50830018063929,-0.0436165445756653,0.00783359310534863,-0.05230917
67.04,7.56027966480961,-0.0446272376959182,0.00746876417362193,-0.05
67.05,7.54885040423348,-0.0329096375106864,0.0071054984182222,-0.04769083
67.06,7.57507494672142,-0.0381568590216834,0.00674384003878648,-0.04538658
67.07,7.55682590743658,-0.0418316631204806,0.00638383874950058,-0.04309218
67.08,7.61586735748209,-0.0309852861317808,0.00602554954365919,-0.04081252
67.09,7.6084193073278,-0.0369123472909324,0.00566903246996066,-0.03855247
67.1,7.60829775748181,-0.0360588962471529,0.0053143525395646,-0.03631685
67.11,7.58550588490952,-0.043109800793187,0.00496157943400434,-0.03411043
67.12,7.61323059021616,-0.0502234403619267,0.00461078719172801,-0.03193792
67.13,7.5640902413992,-0.0507701659837013,0.00426205401968005,-0.02980395
67.14,7.61401643967836,-0.0399761031903553,0.003915462107801,-0.02771308
67.15,7.60220009096514,-0.0434793396211944,0.00357109733051064,-0.02566978
67.16,7.59826963491218,-0.035917290954956,0.00322904895958998,-0.02367839
67.17,7.58675507682025,-0.0357442958422511,0.00288940945274893,-0.02174318
67.18,7.60601785058466,-0.0377892961234305,0.00255227410821198,-0.01986827
67.19,7.57831012611217,-0.036486165448351,0.0022177408388401,-0.01805766
67.2,7.62710185594588,-0.0322590190489461,0.00188590982596677,-0.01631522
67.21,7.60904039263069,-0.0325433773835948,0.00155688326655739,-0.01464466
67.22,7.53532355974276,-0.0385068840174487,0.00123076505392983,-0.01304955
67.23,7.59627425183115,-0.0382932827500904,0.000907660049499846,-0.0115333
67.24,7.59135799238155,-0.0308692168812392,0.000587675040887858,-0.01009914
67.25,7.5785954559195,-0.0247568556284846,0.000270917174147463,-0.00875013
67.26,7.53982410676127,-0.033181283908812,-4.25059328583513e-05,-0.00748914
67.27,7.49679269669387,-0.0294303363158038,-0.000352486497795061,-0.00631888
67.28,7.45470138481742,-0.0298569872099484,-0.000658916903918619,-0.00524184
67.29,7.46995700361454,-0.0165061494085848,-0.000961690008992495,-0.00426031
67.3,7.44271673516566,-0.0223870163894433,-0.0012606994798201,-0.00337639
67.31,7.50268774529554,-0.0296444199572143,-0.00155584004193363,-0.00259197
67.32,7.52142953871181,-0.0311244639073733,-0.00184700718423815,-0.00190872
67.33,7.58927131747398,-0.0210240848611056,-0.00213409942715556,-0.0013281
67.34,7.59322379045858,-0.0221767622017849,-0.00241701663785348,-0.00085135
67.35,7.5783556096234,-0.0256084480079657,-0.00269566103163095,-0.00047948
67.36,7.56178636046286,-0.0390995346230436,-0.00296993741669419,-0.00021329
67.37,7.51855490126508,-0.0420178204469704,-0.00323980272522044,-0
67.38,7.45973294224446,-0.0342206277416346,-0.00350509251884939,-0
67.39,7.44486324858227,-0.0282521961363458,-0.00376538895869464,-0.00039426
67.4,7.41845392822246,-0.0184243647597378,-0.00401992093173635,-0.00157084
67.41,7.39428788232529,-0.0167462086120527,-0.00426783934829583,-0.00351118
67.42,7.37318028167116,-0.0137392638209206,-0.00450841683361518,-0.00618467
67.43,7.4095060798221,-0.00707380925295656,-0.00474085985950976,-0.00954915
67.44,7.43763290396259,-0.0045280043754621,-0.00496427091963419,-0.01355157
67.45,7.4687755014445,-0.00979031612207321,-0.00517774445235569,-0.0181288
67.46,7.45388931227306,-0.00582366853771447,-0.00538044582007303,-0.02320866
67.47,7.44010295961506,-0.00970181098155291,-0.00557166808012705,-0.02871104
67.48,7.44110784248227,-0.011129417888559,-0.00575086393372928,-0.03454915
67.49,7.47556648248459,-0.0105552682153991,-0.00591766817446624,-0.04063093
67.5,7.47404164634056,-0.00679950566501258,-0.00607190568067899,-0.04686047
67.51,7.48889281742561,0.00337797287628579,-0.00621359440337708,-0.05313953
67.52,7.45680432399763,-0.00169726845996154,-0.00634294438932852,-0.05936907
67.53,7.44297171308767,-0.0121401151342862,-0.00646035313380718,-0.06545085
67.54,7.41677250373283,-0.0202133750810587,-0.0065663998910955,-0.07128896
67.55,7.48996096800942,-0.0228763635367354,-0.00666183368254284,-0.07679134
67.56,7.49409840122963,-0.0234738094497119,-0.00674756003155209,-0.0818712
67.57,7.48225107801104,-0.0216787443793437,-0.00682462380586963,-0.08644843
67.58,7.47471452438599,-0.0312612454811397,-0.00689418818736748,-0.09045085
67.59,7.46829382267894,-0.0287145180555571,-0.00695751106553081,-0.09381533
67.6,7.51962384145728,-0.0224297376465656,-0.00701591861644125,-0.09648882
67.61,7.56209408700325,-0.0174703818315492,-0.00707077770380137,-0.09842916
67.62,7.52932544921633,-0.0176668188655812,-0.00712346868070611,-0.09960574
67.63,7.55313840519882,-0.0160756835404966,-0.00717541550093163,-0.09994161
67.64,7.56343630372594,-0.0231892313071473,-0.0072274967344275,-0.1
67.65,7.54037290132792,-0.0247820730835515,-0.0072801480476542,-0.09994161
67.66,7.54850470452751,-0.0218645198355447,-0.00733394997599833,-0.09976658
67.67,7.51623591506434,-0.0179035179598706,-0.00738944820354528,-0.09947532
67.68,7.4739844210509,-0.0118477419939828,-0.00744700723653964,-0.09906851
67.69,7.44043769668532,-0.0103288090407393,-0.00750683644323443,-0.09854709
67.7,7.41684013712417,-0.0130434289193582,-0.00756903486582752,-0.09791229
67.71,7.43743806630588,-0.00795562230147166,-0.00763366667451642,-0.09716559
67.72,7.44019093537355,-0.00859756004445352,-0.00770076949489602,-0.09630873
67.73,7.43742852878663,-0.0095072411116961,-0.00777037601934583,-0.09534372
67.74,7.45536426762039,-0.0121225420933038,-0.00784251812291627,-0.0942728
67.75,7.48061866582289,-0.0158679539396474,-0.00791722696097867,-0.09309848
67.76,7.49841845396029,-0.0120372698105773,-0.00799453179030983,-0.09182351
67.77,7.50193196834043,-0.00916781209165536,-0.00807445857967546,-0.09045085
67.78,7.48542413122676,-0.0129012908108713,-0.00815702963150406,-0.08898372
67.79,7.44440679024472,-0.00326760672143245,-0.00824226234094544,-0.08742554
67.8,7.41108531281781,-0.00858320290427059,-0.00833016898199281,-0.08577995
67.81,7.40189437772041,-0.00675550574466021,-0.00842075639306869,-0.08405079
67.82,7.40988346155544,-0.0113582165451357,-0.00851402572626554,-0.08224211
67.83,7.4513353523342,-0.0106687843985545,-0.00860997225945182,-0.08035813
67.84,7.47042938960077,-0.0169755583250797,-0.00870858523561922,-0.07840324
67.85,7.45564204605001,-0.0219399305180181,-0.00880984771247315,-0.07638201
67.86,7.47389652324947,-0.0260678027076987,-0.0089137364100229,-0.07429917
67.87,7.56445440779583,-0.0231542460425736,-0.00902022164110398,-0.07215958
67.88,7.53932432917993,-0.0269619749603454,-0.00912926725442815,-0.06996823
67.89,7.52552372514003,-0.0225816972709128,-0.00924083056361714,-0.06773024
67.9,7.48207692847018,-0.021343556082353,-0.00935486198291488,-0.06545085
67.91,7.47050801730439,-0.0202058428592967,-0.00947130609862802,-0.06313537
67.92,7.47159918385155,-0.0154331415988691,-0.00959010063265751,-0.06078921
67.93,7.47520811939444,-0.0186162837226866,-0.00971117685758816,-0.05841785
67.94,7.37775474495115,-0.00323028099783342,-0.0098344596711017,-0.05602683
67.95,7.40509980909578,-0.00216760186982167,-0.00995986769590829,-0.05362174
67.96,7.41843957541253,-0.00133036753716979,-0.0100873136346725,-0.05120819
67.97,7.42415444034758,-0.0034069095950867,-0.0102167037817679,-0.04879181
67.98,7.4404585357725,-0.00699945791888298,-0.0103479387504079,-0.04637826
67.99,7.45180230726052,-0.0189606151780029,-0.0104809135114338,-0.04397317
68,7.45122941457767,-0.0137114180192211,-0.0106155175849825,-0.04158215
68.01,7.44936798608498,-0.0259942054051947,-0.0107516352798355,-0.03921079
68.02,7.41882388963714,-0.0246527753175922,-0.0108891458972852,-0.03686463
68.03,7.41428961708765,-0.020588088633679,-0.0110279239760276,-0.03454915
68.04,7.41734049585685,-0.0189900232075724,-0.0111678396115576,-0.03226976
68.05,7.44952422949123,-0.0176280993588463,-0.0113087586882554,-0.03003177
68.06,7.44088504990656,-0.00411031991491858,-0.0114505431752682,-0.02784042
68.07,7.4775101592136,-0.00834785338511549,-0.0115930514063717,-0.02570083
68.08,7.53774351337053,-0.0032156219312422,-0.0117361384469114,-0.02361799
68.09,7.57548655536839,-0.0046790456058526,-0.0118796564027697,-0.02159676
68.1,7.57300323039613,-0.00439512573034679,-0.0120234547322645,-0.01964187
68.11,7.57600319550981,-0.013867615834182,-0.0121673805956759,-0.01775789
68.12,7.5664434248678,-0.0122927770024941,-0.0123112792449103,-0.01594921
68.13,7.57322675869679,-0.0104409288992959,-0.0124549943434104,-0.01422005
68.14,7.54411417528988,-0.0146407036688807,-0.0125983683397092,-0.01257446
68.15,7.51718941829836,-0.0181273194798964,-0.0127412427662902,-0.01101628
68.16,7.47680348139925,-0.021709435525906,-0.0128834587158199,-0.00954915
68.17,7.50192696487417,-0.0302465946445989,-0.0130248571829435,-0.00817649
68.18,7.48934131177747,-0.022403941522191,-0.0131652794203752,-0.00690152
68.19,7.46255140906672,-0.0124419263559232,-0.0133045673403919,-0.0057272
68.2,7.48597012908703,-0.0103259464444932,-0.0134425638980262,-0.00465628
68.21,7.50678985033214,-0.00480138483512356,-0.0135791134311383,-0.00369127
68.22,7.5661107410639,-0.0124354369776954,-0.0137140622666135,-0.00283441
68.23,7.55084861877256,-0.00972508678487851,-0.0138472585454148,-0.00208771
68.24,7.50219101539521,-0.0118943929289861,-0.0139785531208414,-0.00145291
68.25,7.50916963657632,-0.0119653124151796,-0.0141077997674264,-0.00093149
68.26,7.48679146027632,-0.0216502354151761,-0.0142348555284117,-0.00052468
68.27,7.47934623036335,-0.0287381195254267,-0.0143595811017818,-0.00023342
68.28,7.48944370099805,-0.0342457163771848,-0.014481895873652,-0
68.29,7.47128545001428,-0.0248025773707837,-0.0146015828626261,-0
68.3,7.51503348796269,-0.0209896419615072,-0.0147181860521,-0.00039426
68.31,7.59425061865404,-0.0152032935924866,-0.0148309071247962,-0.00157084
68.32,7.56030737716322,-0.0128920360280999,-0.0149388674235468,-0.00351118
68.33,7.57560122775322,-0.012935383363738,-0.0150413267043915,-0.00618467
68.34,7.56301968689487,-0.0145541787185934,-0.0151374631824933,-0.00954915
68.35,7.54616579577433,-0.003667281583303,-0.0152263760492702,-0.01355157
68.36,7.53929613233314,-0.013836717659822,-0.0153071723726841,-0.0181288
68.37,7.52469808866467,-0.010751457110093,-0.0153790602003254,-0.02320866
68.38,7.5190983672992,-0.0117349657995029,-0.0154414241291147,-0.02871104
68.39,7.54216189174817,-0.0188696509869639,-0.0154937286147878,-0.03454915
68.4,7.55116939870788,-0.0214046298781199,-0.0155357885227452,-0.04063093
68.41,7.54697638121686,-0.0105303263958151,-0.0155675152462588,-0.04686047
68.42,7.50262917108203,-0.0207793825708502,-0.0155891038884148,-0.05313953
68.43,7.47715165718709,-0.0161296765994399,-0.0156010169426009,-0.05936907
68.44,7.49601770100456,-0.0199324053716961,-0.0156040073475226,-0.06545085
68.45,7.44148894991529,-0.0205375481516282,-0.0155991302687825,-0.07128896
68.46,7.46686178162058,-0.0116684567762392,-0.0155879474196384,-0.07679134
68.47,7.43851908439587,0.00403527780735753,-0.0155723842420591,-0.0818712
68.48,7.42386585327626,0.0118326176174558,-0.0155546414434478,-0.08644843
68.49,7.45381433003257,0.0129072168785853,-0.0155364770092744,-0.09045085
68.5,7.44997233543227,0.0157138909596151,-0.0155189573988643,-0.09381533
68.51,7.38712594981055,0.0123090106243499,-0.0155026968268769,-0.09648882
68.52,7.35195315424916,0.00825699525564005,-0.01548806336647,-0.09842916
68.53,7.32571711627057,0.00131071063858352,-0.0154752889987115,-0.09960574
68.54,7.36342909954184,-0.0112287477402499,-0.0154645588900549,-0.09995729
68.55,7.39670252472781,-0.0154920383545481,-0.0154555509927629,-0.1
68.56,7.38240258738099,-0.0117481567141942,-0.0154474910450405,-0.09995729
68.57,7.36680006390148,-0.011528785817485,-0.0154398961043193,-0.09982922
68.58,7.4070689221347,-0.00283247862834548,-0.0154326137531379,-0.09961603
68.59,7.48965864199992,0.00749074059195124,-0.0154255963122855,-0.09931807
68.6,7.49776438330872,0.00741173957814682,-0.0154188367036845,-0.09893584
68.61,7.42834417802079,0.00953624068706831,-0.0154123426245122,-0.09847001
68.62,7.41155605217968,-0.00286511143554716,-0.0154061300310922,-0.09792137
68.63,7.40960455637618,-0.0013630836744242,-0.015400221655038,-0.09729086
68.64,7.43064109117551,0.00278250230745741,-0.0153946478926872,-0.09657955
68.65,7.42958745593216,-0.00588977110223253,-0.0153894486043694,-0.09578867
68.66,7.34636232188392,-0.015077545960225,-0.0153846754583767,-0.09491955
68.67,7.35783002594966,-0.0149457805558404,-0.0153803944364529,-0.09397369
68.68,7.41573362632346,-0.0196538931494374,-0.0153766881672204,-0.0929527
68.69,7.39471042060202,-0.00887123803663292,-0.0153736577138542,-0.09185832
68.7,7.43637436490511,-0.0111298514625835,-0.0153714232520168,-0.09069244
68.71,7.42864689303495,-0.0165065742936193,-0.0153701233693185,-0.08945703
68.72,7.4041421259827,-0.018328161756772,-0.0153699127356619,-0.0881542
68.73,7.45532812672553,-0.0142763558936946,-0.0153709581883403,-0.0867862
68.74,7.4102993920698,-0.0116812425706768,-0.0153734534815432,-0.08535534
68.75,7.34404494389368,-0.00076979170957783,-0.0153775559444589,-0.08386408
68.76,7.33629642642466,-0.00659792487375409,-0.0153834494947162,-0.08231496
68.77,7.28850726553007,-0.00140748220093408,-0.01539129956277,-0.08071064
68.78,7.32162251481552,-0.00244272814294173,-0.0154012469858307,-0.07905384
68.79,7.34580900993736,0.00365142710460301,-0.015413432740836,-0.07734741
68.8,7.30226852132027,0.00921175182575625,-0.0154279801152324,-0.07559425
68.81,7.32855500370722,0.00817413774059299,-0.0154449823854634,-0.07379737
68.82,7.37080540020289,0.00509488486329179,-0.0154645231721839,-0.07195983
68.83,7.42431747601978,-0.00143653893123871,-0.0154866600120822,-0.07008477
68.84,7.42732228131563,-0.00791746756423975,-0.0155114313600268,-0.0681754
68.85,7.40276487481962,0.002671795060652,-0.0155388731236137,-0.06623497
68.86,7.37468372651205,0.00325331652076675,-0.0155689921989371,-0.06426681
68.87,7.41059097907287,-0.00730695850023773,-0.0156017859818214,-0.06227427
68.88,7.45806185327407,-0.00915803067455112,-0.0156258349121814,-0.07237886
68.89,7.4366814625309,-0.00277007127355942,-0.0156248986230574,-0.09458401
68.9,7.39287566787815,0.0129794177648385,-0.0155880485377441,-0.12889319
68.91,7.40679389899407,0.0136192565900643,-0.0155042085781861,-0.17530989
68.92,7.3531234655937,0.0157991436941862,-0.0153737692701797,-0.23383763
68.93,7.33912858123467,0.0141891182954678,-0.0152042744102122,-0.30447994
68.94,7.22264485228796,0.0268504638019053,-0.0149986608985979,-0.38724034
68.95,7.13205880574594,0.0377616892542723,-0.0147578754500652,-0.48212235
68.96,7.07642135420418,0.0361322982915427,-0.0144821784604506,-0.58912952
68.97,6.99293042805644,0.0293863107472062,-0.0141826117132027,-0.69614725
68.98,6.8899759590954,0.0422030328264275,-0.0138735628726127,-0.80317905
68.99,6.81314190256413,0.0373030537037484,-0.0135602974008938,-0.91022837
69,6.70199868887892,0.0435619063826455,-0.0132447306472975,-1.01729866
69.01,6.65917917392722,0.0422443552887561,-0.0129275530180128,-1.12439333
69.02,6.57443199589536,0.0333125275670845,-0.0126090115310793,-1.23151574
69.03,6.42363650860082,0.03637001906215,-0.0122891907755452,-1.33866919
69.04,6.3113844494426,0.0338692989312248,-0.0119681167589666,-1.44585697
69.05,6.20425251473076,0.0255732600232616,-0.0116457942854781,-1.55308226
69.06,6.11867552314653,0.0281650296902701,-0.0113222204825076,-1.66034821
69.07,6.02042687241954,0.0278687638628208,-0.0109973897887559,-1.76765788
69.08,5.91296404853461,0.0257329438087486,-0.010671295725571,-1.87501428
69.09,5.72652601066861,0.032030321746945,-0.0103439315717833,-1.98242031
69.1,5.69087776520136,0.0228075075004586,-0.0100152906313703,-2.08987882
69.11,5.60941029435267,0.0196606089690377,-0.00968536632863615,-2.19739253
69.12,5.52865964436354,0.0347521765643166,-0.00935415225012021,-2.3049641
69.13,5.54600762811876,0.0732418370653512,-0.00902164217086333,-2.41259608
69.14,5.75091369175872,0.138248415339686,-0.00868783010544062,-2.5202909
69.15,6.08529502247722,0.232608592938416,0,-2.62805091
69.16,6.65656062179696,0.344957114803423,0.00184407637007403,-2.73587833
69.17,7.28253370772887,0.484139536517103,0.00568191408999301,-2.84377527
69.18,8.08005584867007,0.633699956813098,0.0114097965810488,-2.95174373
69.19,9.01699620394457,0.781649559457971,0.0187138576034433,-3.05978557
69.2,9.88762043027986,0.907423998932326,0.0272962087694576,-3.16790254
69.21,10.792304862397,1.01845893663267,0.036942028850697,-3.27609625
69.22,11.7164453064087,1.10842656553796,0.047515827888621,-3.38436819
69.23,12.4943356186125,1.1873928331725,0.058931588942189,-3.49271971
69.24,13.264634531169,1.24557163345232,0.0711333239678221,-3.60115203
69.25,13.8618926371286,1.29267290614242,0.0840707985106847,-3.70966622
69.26,14.3653704919146,1.33039562025655,0.0975801117662403,-3.81826323
69.27,14.8470615078512,1.34998347634335,0.111381775629887,-3.92694383
69.28,15.199713031833,1.35294801514348,0.125255454171077,-4.0357087
69.29,15.3775635416103,1.35983971441875,0.139080841499947,-4.14455833
69.3,15.605350469878,1.35544321457791,0.152807246542345,-4.25345039
69.31,15.6717615650549,1.34997135382883,0.166417615116017,-4.35039513
69.32,15.7760013343442,1.34417849444941,0.179905623090649,-4.43561604
69.33,15.9012097954139,1.32582107895449,0.193270303726566,-4.50950117
69.34,15.9698977499813,1.31817393966914,0.206504369861264,-4.55624172
69.35,16.0492273645674,1.31219682708129,0.219592593342449,-4.5758071
69.36,16.2297278320242,1.29210332311151,0.232520716303958,-4.56815514
69.37,16.3134403732702,1.27640492504735,0.245274489409109,-4.53323277
69.38,16.4567706657114,1.2517496571592,0.257839361369976,-4.47097689
69.39,16.5989219765191,1.22300986909605,0.270199990648404,-4.3813153
69.4,16.6931202570214,1.20180169979446,0.282346159792325,-4.27628599
69.41,16.8649319099247,1.1772839203466,0.294271993720899,-4.15580217
69.42,16.9946265059226,1.14940185957432,0.305969050431625,-4.01977178
69.43,17.0651023621764,1.12185532024822,0.317434554595135,-3.88388915
69.44,17.2294051861324,1.09649431146891,0.32867189045784,-3.74805603
69.45,17.3837268905321,1.07696502050908,0.339681526633478,-3.61217339
69.46,17.5413359423472,1.0625650488814,0.350462946691496,-3.476143
69.47,17.7241189070434,1.03455417073359,0.361015465762588,-3.33986895
69.48,17.8688972497684,1.01959538591091,0.371338615568855,-3.20325915
69.49,18.038558276858,0.996433322369623,0.381432353078692,-3.06622683
69.5,18.1636199951337,0.976456366479447,0.391296259152268,-2.92869189
69.51,18.3349309960046,0.950946433038913,0.400929884830061,-2.79058214
69.52,18.4373761411607,0.920067157383414,0.410333045917685,-2.65183445
69.53,18.6043010910011,0.892201250278077,0.419505389285028,-2.51239577
69.54,18.7373122005403,0.874806709340016,0.428446492329185,-2.37222393
69.55,18.9109083571555,0.84941306394448,0.43715587750965,-2.23128833
69.56,19.0000061583564,0.82209569299742,0.44563298556004,-2.08951203
69.57,19.1712058501581,0.80053169826596,0.453877482807581,-1.94745825
69.58,19.2585647693603,0.779591522797963,0.461889379739699,-1.80528769
69.59,19.4602719430379,0.758266439665445,0.469668629941286,-1.66300049
69.6,19.5750787671435,0.742358831136318,0.477214927133863,-1.52059705
69.61,19.7122943738924,0.718953350882102,0.484528071772991,-1.37807806
69.62,19.8006090547967,0.685323524578767,0.491608187621774,-1.23544448
69.63,19.9358697589109,0.672283161417186,0.498455041754182,-1.0926975
69.64,20.0699188011306,0.655779310954979,0.505068640845953,-0.94983863
69.65,20.1427579805928,0.633049080511216,0.511448545023742,-0.8068696
69.66,20.2382970848251,0.614642893212383,0.51759465922111,-0.66379241
69.67,20.3589584374573,0.58853218589144,0.523516330117263,-0.53639956
69.68,20.4950371313169,0.566815835574119,0.529230546418787,-0.42469355
69.69,20.5977157441519,0.554903849535967,0.534749960211869,-0.32867713
69.7,20.677457253309,0.533653375799008,0.540087151456832,-0.24835326
69.71,20.7176626207714,0.517254901033637,0.545256173319579,-0.18372517
69.72,20.8323964505882,0.496579395590785,0.550272753452715,-0.13479626
69.73,20.873448761962,0.482477981473173,0.555153847816049,-0.10157019
69.74,20.9039383507773,0.472834326529166,0.559917168665881,-0.08405079
69.75,20.8786119814348,0.463120456548926,0.564580767990109,-0.08224211
69.76,20.7622398725586,0.415504439471678,0.569152479934155,-0.08035813
69.77,20.2043074626281,0.273242901774467,0.573632758205588,-0.07840324
69.78,19.2870866922665,0.0640126171208183,0.578026993967054,-0.07638201
69.79,18.1154844528228,-0.15385228824143,0.581838112113396,-0.07429917
69.8,16.8664334840919,-0.381474829560908,0.579511306537832,-0.07215958
69.81,15.5464712413904,-0.608198231648898,0.571962629230461,-0.06996823
69.82,14.2286241950547,-0.823457788888542,0.561948598711327,-0.06773024
69.83,13.0613942413118,-1.0049814683261,0.550939588754023,-0.06545085
69.84,12.2680829180441,-1.07830096062298,0.539715033726533,-0.06313537
69.85,11.854648189912,-1.08412998257066,0.528632760809495,-0.06078921
69.86,11.6280803252317,-1.0710449600565,0.517811255215251,-0.05841785
69.87,11.4803811992079,-1.0418958996289,0.50725737545355,-0.05602683
69.88,11.3664655244614,-1.01721985592647,0.496942337372552,-0.05362174
69.89,11.2896538279447,-0.994475214419907,0.486835997445035,-0.05120819
69.9,11.1777914008886,-0.963550748326783,0.476919540188355,-0.04879181
69.91,11.0952626342495,-0.94570512445349,0.467183993197135,-0.04637826
69.92,10.9981141503335,-0.931088133479418,0.457626240477608,-0.04397317
69.93,10.8273449554981,-0.916671233189996,0.448244867665213,-0.04158215
69.94,10.6895911358213,-0.898678839808025,0.439038699067285,-0.03921079
69.95,10.5857539448204,-0.883951168935532,0.430006119442628,-0.03686463
69.96,10.4426010999672,-0.868244235681935,0.421145067275207,-0.03454915
69.97,10.2898906985525,-0.860189566585337,0.41245323555534,-0.03226976
69.98,10.1491713505876,-0.841602694295206,0.403928220651194,-0.03003177
69.99,10.0611438420322,-0.823748603886981,0.39556761715477,-0.02784042
70,10.0736037477377,-0.806546067700247,0.387369058016586,-0.02570083
70.01,10.0119234037465,-0.795978009587281,0.379330247739597,-0.02361799
70.02,9.95303686911509,-0.776118084212768,0.37144882649546,-0.02159676
70.03,9.9051742490976,-0.770769649167958,0.363722577074813,-0.01964187
70.04,9.83851468357833,-0.751872178091284,0.356149180940433,-0.01775789
70.05,9.80363841576387,-0.740804425533695,0.34872641663914,-0.01594921
70.06,9.68392681977526,-0.729669487211555,0.341452059820937,-0.01422005
70.07,9.58406180562162,-0.712281785428212,0.334324100453301,-0.01257446
70.08,9.547462791594,-0.691979442980074,0.327340136954834,-0.01101628
70.09,9.50286219465366,-0.685201049332835,0.320497959304498,-0.00954915
70.1,9.42094908029988,-0.668080679311629,0.313795380375428,-0.00817649
70.11,9.37343048522726,-0.655707751911535,0.307230301458288,-0.00690152
70.12,9.33029820863471,-0.641084840085853,0.300800588268683,-0.0057272
70.13,9.31291444642689,-0.624658851784172,0.294504117167643,-0.00465628
70.14,9.24360764377694,-0.602150520203611,0.288338775987077,-0.00369127
70.15,9.13228809373685,-0.596519583762145,0.282302482766554,-0.00283441
70.16,9.06319017587205,-0.582210704903667,0.276393164081028,-0.00208771
70.17,9.02454565687739,-0.563471830806683,0.270608764750409,-0.00145291
70.18,8.96768568895631,-0.553776431393114,0.264947245374962,-0.00093149
70.19,8.90857857789711,-0.54121720017957,0.259406583178689,-0.00052468
70.2,8.84182415807457,-0.522157316845205,0.25398476994996,-0.00023342
70.21,8.77060750353566,-0.526002544066562,0.248679770166322,-0
70.22,8.7040518221045,-0.510261422034024,0.243489689529587,-0
70.23,8.63825768631024,-0.49428709918195,0.23841278421645,-0.00039426
70.24,8.5799842263413,-0.478977262029327,0.233447615522793,-0.00157084
70.25,8.49874516311708,-0.45894997777192,0.228592860529471,-0.00351118
70.26,8.51865981167887,-0.443650973955795,0.223847003874824,-0.00618467
70.27,8.52787803781906,-0.444002842942602,0.21920879502063,-0.00954915
70.28,8.52474186292164,-0.428021001289805,0.214676851902056,-0.01355157
70.29,8.49044674150146,-0.419614191869606,0.210249796435878,-0.0181288
70.3,8.48911592206781,-0.413328871819933,0.205926215403427,-0.02320866
70.31,8.43402788737404,-0.413306432161213,0.201704719971764,-0.02871104
70.32,8.46626321302108,-0.414449399619,0.197583868174106,-0.03454915
70.33,8.34784760405143,-0.404355299406514,0.193562165008845,-0.04063093
70.34,8.29076385550579,-0.397442108380042,0.189637674630046,-0.04686047
70.35,8.27419332734595,-0.376228037461642,0.185808842684684,-0.05313953
70.36,8.25018706400153,-0.370480434319878,0.182073820448281,-0.05936907
70.37,8.23126284914969,-0.359961934977975,0.178430668609202,-0.06545085
70.38,8.2531004765212,-0.339131047910151,0.174877386978629,-0.07128896
70.39,8.25376114124677,-0.319830594862743,0.171411784498752,-0.07679134
70.4,8.30057735741174,-0.319666300590454,0.168031674263238,-0.0818712
70.41,8.2707944424423,-0.305798121609631,0.164734771515127,-0.08644843
70.42,8.24175152073255,-0.311624456206128,0.161518687727744,-0.09045085
70.43,8.26429124305057,-0.301761748236462,0.158380986621671,-0.09381533
70.44,8.23394240093888,-0.290256749726163,0.155319175660308,-0.09648882
70.45,8.18621234527402,-0.294319309819727,0.152330726669259,-0.09842916
70.46,8.1434947574844,-0.295294964903986,0.149413042370006,-0.09960574
70.47,8.07457796632302,-0.282191904987389,0.146563498740754,-0.09995839
70.48,8.07084842457182,-0.277417712835553,0.14377983523941,-0.1
70.49,8.08887504316375,-0.260937446689539,0.141060221206012,-0.09995839
70.5,8.02839492602092,-0.25904309171485,0.138402758582295,-0.09983363
70.51,7.98770011810721,-0.256795781195075,0.135805554645121,-0.09962593
70.52,8.00391646461152,-0.250003022809772,0.133266811438265,-0.09933562
70.53,7.97692426280422,-0.242671089071371,0.130784870908023,-0.09896321
70.54,7.98083324267879,-0.251186710003763,0.128358196848988,-0.0985093
70.55,7.98482543662784,-0.241620567667449,0.125985278066607,-0.09797465
70.56,7.90358973945167,-0.236106606068743,0.123664660480232,-0.09736015
70.57,7.91378994367715,-0.223516432234797,0.121394930071741,-0.09666683
70.58,7.8708199425433,-0.217178201657354,0.119174686950059,-0.09589583
70.59,7.87368520456546,-0.207133725183495,0.117002555915326,-0.09504844
70.6,7.80529745397449,-0.201513819391439,0.11487718884161,-0.09412608
70.61,7.8186744127353,-0.191462620519563,0.112797267042459,-0.09313027
70.62,7.7921101587257,-0.193034549456843,0.110761502082259,-0.09206268
70.63,7.8119771528126,-0.197391766571802,0.108768636539938,-0.09092507
70.64,7.81439590998947,-0.192879424457309,0.106817443789155,-0.08971935
70.65,7.85454416082948,-0.18428189682092,0.104906728197247,-0.08844753
70.66,7.82259388127315,-0.182936382784381,0.103035324965777,-0.08711171
70.67,7.89176549614831,-0.181893417309558,0.101202099937559,-0.08571412
70.68,7.88621659204125,-0.175502860905781,0.0994059494230746,-0.08425709
70.69,7.86006034381993,-0.172209266583465,0.0976458008486644,-0.08274304
70.7,7.85412526526921,-0.168207120149706,0.0959206112827963,-0.08117449
70.71,7.8467507721409,-0.168173219776579,0.0942293684717116,-0.07955406
70.72,7.84143668066413,-0.167562299756179,0.0925710900705171,-0.07788443
70.73,7.79036469489383,-0.166028842162816,0.0909448360983138,-0.0761684
70.74,7.75945013417781,-0.153066786594152,0.0893496561210473,-0.07440881
70.75,7.73880873976913,-0.150293718410718,0.0877846721377086,-0.0726086
70.76,7.71095824952457,-0.143872800182921,0.0862490184362832,-0.07077075
70.77,7.64732592363076,-0.146701397839019,0.0847418581593649,-0.06889834
70.78,7.65693550885873,-0.140311341813026,0.0832623830783972,-0.06699447
70.79,7.6404813924003,-0.135666501067955,0.0818098127100469,-0.06506231
70.8,7.65141298106158,-0.140953795360725,0.080383393726857,-0.06310508
70.81,7.654345504808,-0.142552451520882,0.0789823995385178,-0.06112605
70.82,7.65583016273817,-0.138317653276557,0.0776061298604906,-0.05912849
70.83,7.64801783925518,-0.138091514396756,0.0762539100553704,-0.05711574
70.84,7.68267958917035,-0.12458025332691,0.0749250908803052,-0.05509115
70.85,7.67705227586265,-0.126722698283985,0.0736190477516353,-0.05305808
70.86,7.66222105609868,-0.118740641434387,0.0723351802345227,-0.05101993
70.87,7.65913230714772,-0.110689153261394,0.0710729115616386,-0.04898007
70.88,7.62974278818022,-0.108631820220674,0.0698316880438344,-0.04694192
70.89,7.59400490632904,-0.111413259544732,0.0686109783861647,-0.04490885
70.9,7.63829794913829,-0.111636556749949,0.0674102732144151,-0.04288426
70.91,7.62829391971968,-0.11326595792246,0.0662290843635663,-0.04087151
70.92,7.62751302857453,-0.111006688099883,0.0650669444080302,-0.03887395
70.93,7.61636684323595,-0.120635544541153,0.0639234063833805,-0.03689492
70.94,7.60755581003019,-0.117280514879582,0.0627980489939315,-0.03493769
70.95,7.6087481352729,-0.114549802683217,0.0616904570131522,-0.03300553
70.96,7.59991036394211,-0.114255096491961,0.0606002308516717,-0.03110166
70.97,7.58243793757194,-0.110100118303096,0.0595270053337291,-0.02922925
70.98,7.59158335124173,-0.115455166718438,0.058470424231417,-0.0273914
70.99,7.57539355168949,-0.108034004231639,0.0574301581743141,-0.02559119
71,7.60503904110825,-0.104280600586067,0.0564058671760335,-0.0238316
71.01,7.63347305747154,-0.0905841115463617,0.0553972471824804,-0.02211557
71.02,7.64749372129776,-0.0899850356424937,0.054404005619042,-0.02044594
71.03,7.67482106981524,-0.0841688065907551,0.0534258624180181,-0.01882551
71.04,7.65447853091608,-0.0842884370845854,0.0524625507830598,-0.01725696
71.05,7.6225481698791,-0.085740456342907,0.0515138163342106,-0.01574291
71.06,7.59202758227655,-0.0866966140030787,0.0505794170576108,-0.01428588
71.07,7.54307353390887,-0.0866377955749848,0.0496591230849691,-0.01288829
71.08,7.52493910726584,-0.0934226764418206,0.0487527158177422,-0.01155247
71.09,7.51917897426471,-0.0935877622617283,0.0478599874406081,-0.01028065
71.1,7.46786814489264,-0.0871102423843335,0.046980740174926,-0.00907493
71.11,7.46755880651485,-0.0832160099686389,0.0461147857996598,-0.00793732
71.12,7.50964755954474,-0.0723729101735994,0.0452619451816152,-0.00686973
71.13,7.49343127462332,-0.0745847573084032,0.0444220477021265,-0.00587392
71.14,7.46116711340783,-0.0701674171442999,0.0435949332202746,-0.00495156
71.15,7.3997254713789,-0.0746729574803195,0.0427804418793837,-0.00410417
71.16,7.37455660351036,-0.0761542315955018,0.0419784282072412,-0.00333317
71.17,7.42743222949255,-0.0792439332413126,0.0411887509173674,-0.00263985
71.18,7.42559212250178,-0.0834513662352642,0.0404112748700151,-0.00202535
71.19,7.40117747843826,-0.0873248080373091,0.0396458706955389,-0.0014907
71.2,7.42434624260839,-0.0889595820465647,0.0388924142709893,-0.00103679
71.21,7.40787513390581,-0.0878105656349638,0.0381507864094296,-0.00066438
71.22,7.48137914860815,-0.0851614177523301,0.0374208722579256,-0.00037407
71.23,7.51680959366182,-0.086665916461355,0.0367025611530017,-0.00016637
71.24,7.45807764900943,-0.0838315694013252,0.0359957099913585,-0
71.25,7.48468667979827,-0.0760495710026217,0.0353002674902752,-0
71.26,7.41855398255266,-0.0797511179088937,0.0346164671882014,-0.00039426
71.27,7.44331692663151,-0.0872395696019426,0.0339449199850636,-0.00157084
71.28,7.51974878933851,-0.0844198917362546,0.0332863106011375,-0.00351118
71.29,7.46604301076152,-0.083259436842443,0.0326411942358087,-0.00618467
71.3,7.40833675189261,-0.0727602480801792,0.0320102218144537,-0.00954915
71.31,7.40341877688054,-0.0701000266797756,0.0313941366643606,-0.01355157
71.32,7.33284300351783,-0.0787192550809788,0.0307937030409421,-0.0181288
71.33,7.41867447695298,-0.0721354754980551,0.0302096287048385,-0.02320866
71.34,7.45311432282908,-0.0693686985933668,0.0296425092217061,-0.02871104
71.35,7.4698275209511,-0.0737151008335487,0.0290927895699584,-0.03454915
71.36,7.48068070439623,-0.077414566027724,0.0285607501000435,-0.04063093
71.37,7.52326090264375,-0.0791319424918044,0.028046489238952,-0.04686047
71.38,7.57431884469661,-0.0706124640453065,0.027549940961254,-0.05313953
71.39,7.57994001083453,-0.0615786752889047,0.0270708547402442,-0.05936907
71.4,7.54861755499822,-0.0527175586663335,0.0266088023277266,-0.06545085
71.41,7.47617581007723,-0.0408415901963382,0.0261631824295548,-0.07128896
71.42,7.44904871143435,-0.0323018347169137,0.0257332507179628,-0.07679134
71.43,7.49461376687149,-0.0247904371389078,0.025318094345326,-0.0818712
71.44,7.44725765618033,-0.0242846850590586,0.0249166628416207,-0.08644843
71.45,7.39945416365156,-0.0310586910958098,0.0245277848286132,-0.09045085
71.46,7.42850247533104,-0.0286119002032415,0.0241501819029026,-0.09381533
71.47,7.44429013854366,-0.0250016998700898,0.023782488891254,-0.09648882
71.48,7.47912593884382,-0.0262613636152477,0.0234232733673925,-0.09842916
71.49,7.4511317101222,-0.0307387756190806,0.0230710582557646,-0.09960574
71.5,7.4173599928871,-0.0282756231361462,0.0227242988351311,-0.09994965
71.51,7.45585184480002,-0.0320605055955234,0.0223819322483191,-0.1
71.52,7.45772200819538,-0.0320659548745954,0.0220433357558724,-0.09994965
71.53,7.42231337731403,-0.0339323371005598,0.0217077691876839,-0.09979871
71.54,7.38673554377513,-0.043718791827656,0.0213745265652934,-0.09954749
71.55,7.35884958091312,-0.0461845997191064,0.0210431170032871,-0.09919648
71.56,7.37292033295399,-0.0431037265652558,0.0207132454869847,-0.0987464
71.57,7.34456476427245,-0.0464661785426854,0.0203847494393163,-0.09819814
71.58,7.32470617942106,-0.0423559450452164,0.0200575360627424,-0.09755283
71.59,7.3815434377609,-0.0396979182644845,0.0197315417209218,-0.09681174
71.6,7.38576664884081,-0.0389246626395864,0.0194067112061702,-0.09597639
71.61,7.44294509591922,-0.0392233606056901,0.0190829894387674,-0.09504844
71.62,7.44556143808319,-0.0334013924531246,0.0187603196421216,-0.09402978
71.63,7.45760540835625,-0.0403466978595204,0.0184386444752616,-0.09292244
71.64,7.51821452314243,-0.0377573676706423,0.01811790751792,-0.09172866
71.65,7.53933625990458,-0.0400848727906659,0.0177980546660298,-0.09045085
71.66,7.48335821216186,-0.0388175633704018,0.0174790348846045,-0.08909157
71.67,7.54769209819138,-0.038704166758704,0.0171608010198499,-0.08765357
71.68,7.53135228101245,-0.0253242727458601,0.0168433099237779,-0.08613974
71.69,7.54695445618441,-0.027774585692532,0.016526522755022,-0.08455313
71.7,7.5539051919947,-0.0196591522842816,0.0162104051243092,-0.08289694
71.71,7.52329416748383,-0.022210123199131,0.0158949273045682,-0.08117449
71.72,7.51885843562443,-0.0255593660601062,0.0155800641905096,-0.07938926
71.73,7.5882679548894,-0.0391186500878262,0.0152657955692659,-0.07754485
71.74,7.52729543621991,-0.044571001273501,0.0149521061583934,-0.07564496
71.75,7.54063191749176,-0.0534932912026702,0.0146389857578602,-0.07369343
71.76,7.55999193333275,-0.0540010235670348,0.0143264292019928,-0.07169419
71.77,7.52387002163789,-0.0529770904093563,0.0140144363845279,-0.06965125
71.78,7.55659724598826,-0.0527952452460923,0.0137030124297875,-0.06756874
71.79,7.52611253831396,-0.0489771878287835,0.0133921676589684,-0.06545085
71.8,7.49765143990128,-0.0370975385937319,0.0130819177754734,-0.06330184
71.81,7.5264216224771,-0.0187911416488617,0.012772283178712,-0.06112605
71.82,7.50636246545603,-0.0139260016315818,0.0124632896314883,-0.05892784
71.83,7.47212477237433,-0.0197381486202996,0.0121549676697902,-0.05671166
71.84,7.46822430942671,-0.0188732711010216,0.0118473534715663,-0.05448197
71.85,7.45245916045578,-0.0178985986691148,0.0115404888527768,-0.05224324
71.86,7.50560923730989,-0.0175297104641869,0.0112344182242011,-0.05
71.87,7.51922718062947,-0.0227797237052709,0.010929191931926,-0.04775676
71.88,7.50849571387573,-0.0398388539000562,0.0106248648974417,-0.04551803
71.89,7.50759188736805,-0.0458849860449344,0.0103214965376374,-0.04328834
71.9,7.52623197147703,-0.0322826717268163,0.0100191501690376,-0.04107216
71.91,7.53879581449512,-0.0391747122489594,0.00971789425324786,-0.03887395
71.92,7.5376141929225,-0.0318774744899259,0.00941780071893828,-0.03669816
71.93,7.56357024641387,-0.0291063007078724,0.00911894538330021,-0.03454915
71.94,7.53004499584917,-0.0210212009185047,0.00882140754999313,-0.03243126
71.95,7.51447497971631,-0.0113872471849561,0.00852527012038473,-0.03034875
71.96,7.53673473580817,-0.0128295731506576,0.0082306191959408,-0.02830581
71.97,7.50494837257595,-0.0239527931160315,0.00793754379060043,-0.02630657
71.98,7.52669225147697,-0.0174507805506337,0.00764613594384773,-0.02435504
71.99,7.5262583956599,-0.021822522251201,0.007356490177288,-0.02245515
72,7.50367915731067,-0.0261159312573958,0.00706870338255459,-0.02061074
72.01,7.5323091594716,-0.0326620422850274,0.00678287455998267,-0.01882551
72.02,7.5546934426333,-0.0472719020086235,0.00649910454889691,-0.01710306
72.03,7.54342801655239,-0.0432765637057492,0.00621749584320849,-0.01544687
72.04,7.58691610032631,-0.0368255663631361,0.00593815227607167,-0.01386026
72.05,7.58545514712822,-0.0397482641096132,0.00566117876963617,-0.01234643
72.06,7.55623255897579,-0.0442138903830079,0.00538668110463681,-0.01090843
72.07,7.45933933744654,-0.0363078238769133,0.00511476561911302,-0.00954915
72.08,7.43829139818506,-0.0335971832695557,0.00484553896905777,-0.00827134
72.09,7.4564017427783,-0.0246089980096733,0.00457910785926415,-0.00707756
72.1,7.48509468181398,-0.0229244814914411,0.00431557874483883,-0.00597022
72.11,7.43850612983211,-0.0245980555231166,0.00405505759986036,-0.00495156
72.12,7.42894286379726,-0.0326389267951116,0.00379764961879606,-0.00402361
72.13,7.40782011262089,-0.0316078420046482,0.00354345895117078,-0.00318826
72.14,7.50963335975167,-0.0410353884329718,0.00329258845029315,-0.00244717
72.15,7.5002147253333,-0.0367068005368482,0.003045139397121,-0.00180186
72.16,7.49549021491095,-0.0359206305929196,0.00280122298095301,-0.0012536
72.17,7.45143610346758,-0.0350511357228812,0.00256092255394819,-0.00080352
72.18,7.50017911750092,-0.0330310214565765,0.0023243380979625,-0.00045251
72.19,7.51000370710182,-0.0194057811537061,0.00209156246902344,-0.00020129
72.2,7.56548097657004,-0.0122206641587796,0.00186263892464251,-0
72.21,7.50979366669616,0.00231304251043499,0.0016377255002958,-0
72.22,7.47870407652624,-0.00191477317449881,0.00141723785567949,-0.00039426
72.23,7.49761365992449,0.00243736327913986,0.00120195655906482,-0.00157084
72.24,7.49748679771203,0.000172493970084497,0.000992734775039581,-0.00351118
72.25,7.42811120520267,0.00678804426539811,0.000790292631275129,-0.00618467
72.26,7.44750313229665,0.000109459472435276,0.000595441793183809,-0.00954915
72.27,7.39059350912155,-0.00159491580297956,0.000409081076177953,-0.01355157
72.28,7.41890280638823,-0.0111301595442211,0.000232120541482327,-0.0181288
72.29,7.47447012707391,-0.00803976399070839,6.53994229612986e-05,-0.02320866
72.3,7.44398974130681,-0.00383776254274363,-9.03713434476719e-05,-0.02871104
72.31,7.44498127658592,-0.0052107479490883,-0.000234646047093825,-0.03454915
72.32,7.51872963842875,-0.0108750042388639,-0.0003670607822025,-0.04063093
72.33,7.47701594223925,-0.00944916580531237,-0.000487445835490577,-0.04686047
72.34,7.50582937637971,-0.00543099833312804,-0.0005958278717016,-0.05313953
72.35,7.49619992337848,-0.00557992585926318,-0.000692428533361258,-0.05936907
72.36,7.48325330198106,-0.0116857548825323,-0.000777662279224838,-0.06545085
72.37,7.44832479523831,-0.0109695383349412,-0.000852127406071795,-0.07128896
72.38,7.4895606006786,-0.0132982042257515,-0.0009165959714687,-0.07679134
72.39,7.49595160285988,-0.0120828034565122,-0.000971999165533003,-0.0818712
72.4,7.48639371782103,-0.0118450093172056,-0.00101940910737115,-0.08644843
72.41,7.49956623000609,-0.0190884123455467,-0.00106001214335055,-0.09045085
72.42,7.47056287969585,-0.0134693244420047,-0.00109508386509343,-0.09381533
72.43,7.4833954521122,-0.00958718803815505,-0.00112595480064713,-0.09648882
72.44,7.55373093987937,-0.0106242669225431,-0.00115397580977378,-0.09842916
72.45,7.49182440671878,-0.00580801369694292,-0.00118048551626354,-0.09960574
72.46,7.4564612329992,0.00103647731462483,-0.00120682198081716,-0.09995106
72.47,7.46304352876865,0.00359249818116774,-0.00123377395055805,-0.1
72.48,7.43575050300722,0.00860313311341856,-0.00126164969059257,-0.09995106
72.49,7.46934618096085,0.00681039120136713,-0.00129087511750486,-0.09980434
72.5,7.45954295149194,0.00689927981208057,-0.00132188541878797,-0.09956013
72.51,7.4336313348981,0.000470380294264418,-0.00135497203504286,-0.0992189
72.52,7.43562690081879,-0.00229165365893319,-0.00139029647527577,-0.09878132
72.53,7.42496698025615,-0.0132799026733031,-0.00142794210155345,-0.09824825
72.54,7.4507756129947,-0.0162765433206415,-0.00146795494261982,-0.09762073
72.55,7.45731495596006,-0.0213169493487829,-0.00151036670341937,-0.09689999
72.56,7.4191463461527,-0.0252103238953315,-0.00155520479542986,-0.09608744
72.57,7.45533477080561,-0.0230348754268663,-0.00160249535319249,-0.09518467
72.58,7.45196997836926,-0.0228447621429081,-0.00165226328423096,-0.09419346
72.59,7.4440390217323,-0.0201584196511765,-0.00170453150869665,-0.09311573
72.6,7.46842528744047,-0.0172770176829976,-0.00175932016332023,-0.0919536
72.61,7.47241009308926,-0.0161164932984016,-0.00181664602054599,-0.09070934
72.62,7.43676506466047,-0.0184662308226647,-0.00187652583302783,-0.0893854
72.63,7.47848625006499,-0.0164732768186866,-0.00193896056766469,-0.08798435
72.64,7.41911494996841,-0.00898085806094495,-0.00200396129569355,-0.08650895
72.65,7.37889800407457,-0.00490694457210071,-0.0020715274416501,-0.08496209
72.66,7.38118412885285,-0.0059194301422459,-0.00214165494231355,-0.08334678
72.67,7.36794487702798,-0.00514793464653743,-0.00221433568428122,-0.08166619
72.68,7.35648773388635,-0.00680098719138486,-0.00228955714091514,-0.07992362
72.69,7.41112256135891,-0.00572893833725382,-0.00236730183324625,-0.07812246
72.7,7.40253449923992,-0.00210373637693105,-0.00244754837242739,-0.07626626
72.71,7.39987368572678,0.000734742664349692,-0.00253027022121331,-0.07435864
72.72,7.41686683228268,0.00178771280692205,-0.00261543608744478,-0.07240334
72.73,7.47645843640406,0.00436688786098062,-0.00270300989238399,-0.07040418
72.74,7.5210342328989,0.00437035372557311,-0.00279295076787318,-0.06836508
72.75,7.50663690124007,0.00343763454491622,-0.00288521308152787,-0.06629003
72.76,7.5102820662993,0.00487127014617957,-0.00297974644702715,-0.06418309
72.77,7.50676268817829,-0.00122106133842572,-0.00307649576844494,-0.06204839
72.78,7.52161615506742,-0.0128477547961128,-0.00317540129463971,-0.0598901
72.79,7.55588333045373,-0.0185151930507596,-0.00327639867354973,-0.05771245
72.8,7.55056162759001,-0.0133952980814751,-0.00337941902632673,-0.0555197
72.81,7.50945744680919,-0.015874638807278,-0.00348438903725559,-0.05331615
72.82,7.50615429265968,-0.0137178097472502,-0.00359123106262505,-0.0511061
72.83,7.55300968671749,-0.0119390430546812,-0.00369986339554971,-0.0488939
72.84,7.58423930600338,-0.0129412644142779,-0.00381019990992587,-0.04668385
72.85,7.60171691335026,-0.0185046627413668,-0.00392215063291462,-0.0444803
72.86,7.57241094331853,-0.0198293536161546,-0.0040356218070615,-0.04228755
72.87,7.51921959696194,-0.024153069727074,-0.00415051601700341,-0.0401099
72.88,7.52136627242193,-0.0195207083248271,-0.0042667323012262,-0.03795161
72.89,7.55676421380814,-0.0145795870375945,-0.0043841663937442,-0.03581691
72.9,7.48774022040359,-0.0122896878247708,-0.00450271088456592,-0.03370997
72.91,7.45409402758007,-0.00723372822567861,-0.00462225540279257,-0.03163492
72.92,7.47850619133217,0.000371474188487641,-0.00474268680092731,-0.02959582
72.93,7.47929466858407,-0.00222274528169906,-0.00486388940237321,-0.02759666
72.94,7.51805580946912,-0.00508150908743799,-0.00498574515249428,-0.02564136
72.95,7.54843537424703,-0.00467684884995933,-0.0051081338818543,-0.02373374
72.96,7.53794907838067,-0.0142365570441447,-0.00523093351152586,-0.02187754
72.97,7.57834378337786,-0.0152509913808714,-0.00535402029202169,-0.02007638
72.98,7.53852394469506,-0.0167211855383156,-0.00547726901512448,-0.01833381
72.99,7.54708623935492,-0.0193297193460883,-0.00560055326673977,-0.01665322
73,7.61662089277714,-0.00812445834132114,-0.00572374569660834,-0.01503791
73.01,7.6301935576735,-0.00821072574520313,-0.00584671819493031,-0.01349105
73.02,7.59130871354277,-0.0166904795340403,-0.00596934221902707,-0.01201565
73.03,7.5758846073027,-0.0122664546931009,-0.00609148895171322,-0.0106146
73.04,7.56452197702269,-0.00559248319482801,-0.0062130296180383,-0.00929066
73.05,7.6478419435,-0.00568721689516915,-0.00633383573823455,-0.0080464
73.06,7.56528353331151,-0.00132362618700471,-0.00645377937777752,-0.00688427
73.07,7.51540188358611,-0.0124990290910067,-0.00657273338044852,-0.00580654
73.08,7.46364583263848,-0.021407825936148,-0.0066905716443326,-0.00481533
73.09,7.48578432657412,-0.0231455848298375,-0.00680716938333439,-0.00391256
73.1,7.48888674617882,-0.0199464238122618,-0.00692240352881,-0.00310001
73.11,7.48931616740015,-0.0238443564730309,-0.00703615250223165,-0.00237927
73.12,7.44703482604248,-0.0232810619255061,-0.00714829695316817,-0.00175175
73.13,7.4851573702803,-0.0261815616957115,-0.00725871984058836,-0.00121868
73.14,7.47856724458547,-0.015029971546693,-0.00736730669898763,-0.0007811
73.15,7.50375066761846,-0.00495852308594068,-0.007473945867632,-0.00043987
73.16,7.48222302763805,0.00260142452489583,-0.00757852873219023,-0.00019566
73.17,7.45912013221795,-0.00417611612879097,-0.0076809958981242,-0
73.18,7.45918410657616,-0.0140624924943248,-0.00778117320187246,-0
73.19,7.45179556394953,-0.0163824998092273,-0.00787862625367787,-0.00039426
73.2,7.41761898504804,-0.0183297860490127,-0.00797254541464002,-0.00157084
73.21,7.416705307836,-0.016756102928549,-0.00806203487193068,-0.00351118
73.22,7.3930933909439,-0.0198251817764177,-0.00814642065408488,-0.00618467
73.23,7.40049239896377,-0.0165466169095841,-0.00822486754070354,-0.00954915
73.24,7.43482574142542,-0.0150679599594957,-0.00829643240337106,-0.01355157
73.25,7.37089623471217,-0.0121713799574601,-0.00836033539957217,-0.0181288
73.26,7.39979708133314,-0.00443983354630989,-0.00841573581871429,-0.02320866
73.27,7.43736378854668,-0.00896798574956397,-0.00846204278202575,-0.02871104
73.28,7.42994523057856,-0.0194633733696027,-0.00849878756428453,-0.03454915
73.29,7.46233425924444,-0.0157681184021292,-0.00852574404543349,-0.04063093
73.3,7.4808856434435,-0.0135630770022674,-0.00854294206872664,-0.04686047
73.31,7.47134590238852,-0.0168923037873516,-0.00855068456328818,-0.05313953
73.32,7.51289500984028,-0.0165447984349259,-0.00854959945361197,-0.05936907
73.33,7.50217275811085,-0.0203545941523178,-0.00854065211521529,-0.06545085
73.34,7.52222987531637,-0.0107487385552522,-0.00852563110036726,-0.07128896
73.35,7.52968992946285,-0.00207775253082811,-0.0085066156136775,-0.07679134
73.36,7.49770429237454,0.00114174054779608,-0.00848593069622011,-0.0818712
73.37,7.44698737241416,0.00397270404019977,-0.00846511120485092,-0.08644843
73.38,7.45201269731636,0.0138473804764436,-0.00844503949450746,-0.09045085
73.39,7.48350424621118,0.0244000070914815,-0.00842622012677903,-0.09381533
73.4,7.46567798377285,0.0202485454191244,-0.00840897042268488,-0.09648882
73.41,7.46223237893734,0.0257271844619787,-0.00839351044876685,-0.09842916
73.42,7.49391400614983,0.0222907442574856,-0.00837999489201184,-0.09960574
73.43,7.51570119599216,0.0191281803789854,-0.00836857239335959,-0.09995495
73.44,7.51739051702779,0.0132243376826151,-0.00835889501163047,-0.1
73.45,7.44757741234249,0.0158821666681031,-0.00835016689091581,-0.09995495
73.46,7.37501207496731,0.00817814728388591,-0.0083419115451602,-0.09981987
73.47,7.38657202726155,0.00990116789850482,-0.00833396624891039,-0.09959502
73.48,7.35049333754241,0.00394847678428913,-0.00832627730062823,-0.0992808
73.49,7.33015568526752,0.0067043627237331,-0.00831882785153003,-0.09887776
73.5,7.27398878849543,0.0021549248822866,-0.0083116135677411,-0.09838665
73.51,7.27744965114771,0.00463186997621635,-0.00830463455517029,-0.09780834
73.52,7.33197063091475,0.000440176992392612,-0.00829789286590249,-0.09714387
73.53,7.34769882281505,-0.00248254270984085,-0.00829139189875578,-0.09639445
73.54,7.35462066971221,0.00454782936750276,-0.00828513664264183,-0.09556142
73.55,7.3433516694249,0.00314928565893993,-0.00827913329812009,-0.09464629
73.56,7.30719454861551,0.00355180838022209,-0.00827339513284105,-0.09365071
73.57,7.32762057705017,0.00349581091324147,-0.00826793504767711,-0.09257646
73.58,7.35489987869896,0.00366798841127248,-0.00826277586185616,-0.09142548
73.59,7.35644991740709,0.00297930140241614,-0.00825794882429773,-0.09019986
73.6,7.39213768429759,0.0109678649919702,-0.00825349800336999,-0.08890179
73.61,7.38380268052547,0.00641560715564974,-0.00824948376538096,-0.08753362
73.62,7.38410399630288,0.00807718484574408,-0.00824598675046009,-0.0860978
73.63,7.44571934656171,0.000702090667899976,-0.00824311125490795,-0.08459694
73.64,7.45339969588313,0.00240414814129643,-0.00824098731458953,-0.08303374
73.65,7.4635529829727,-0.00442275208906637,-0.00823977066545931,-0.081411
73.66,7.46099136055616,-0.0040457134436878,-0.00823963993696234,-0.07973166
73.67,7.4262209345529,-0.00261541418677122,-0.00824079121448686,-0.07799874
73.68,7.44410701227873,-0.0115624491764782,-0.00824343059423282,-0.07621536
73.69,7.43270184523973,-0.0183658045262588,-0.00824778707005917,-0.07438475
73.7,7.36694049164265,-0.0102606818156198,-0.00825403463017156,-0.07251019
73.71,7.41923188451532,-0.0129987052888333,-0.0082623774867303,-0.07059506
73.72,7.37778559286061,-0.0105384036631989,-0.00827299536361843,-0.06864282
73.73,7.38267772899769,-0.013040247143557,-0.0082860268305989,-0.06665699
73.74,7.36504084846769,-0.0195867047272597,-0.00830157866575191,-0.06464114
73.75,7.33597610309943,-0.0126074411487582,-0.00831975366790448,-0.0625989
73.76,7.34580629976963,-0.00508870478446538,-0.00834062810863271,-0.06053396
73.77,7.39306050433128,-0.00577346742284867,-0.00835268491963233,-0.07070902
73.78,7.3361615399793,0.0032511866211099,-0.00833961301352919,-0.09312783
73.79,7.30836453284427,0.0154136997288616,-0.00829058409478834,-0.12779417
73.8,7.27250581209909,0.0219604536456374,-0.00819669693493145,-0.17471184
73.81,7.25929996588011,0.029260028383559,-0.00806111118624772,-0.23388468
73.82,7.19124150779595,0.031925511923266,-0.00788827366809203,-0.30531649
73.83,7.13359082505619,0.041065279034559,-0.00767969204549539,-0.3890111
73.84,7.01876119387041,0.0465747139523584,-0.00743580902878975,-0.48497233
73.85,6.92638855933611,0.0507476879816052,-0.00715670524685476,-0.59320399
73.86,6.87200981132739,0.0409571333142537,-0.00685348002201738,-0.70145087
73.87,6.78920782020774,0.0402930794059147,-0.00654066135872931,-0.80971674
73.88,6.73630232561364,0.0405460293319846,-0.00622356894546061,-0.91800531
73.89,6.64306339006117,0.0460831440737784,-0.00590413866069955,-1.02632027
73.9,6.60767998284415,0.0449616654427688,-0.00558306834780451,-1.13466524
73.91,6.49307106214025,0.0429815603603723,-0.00526060748089905,-1.24304381
73.92,6.39863509866607,0.0387025403503472,-0.00493684110519329,-1.35145949
73.93,6.22221050908875,0.0410068437626473,-0.00461179503098897,-1.45991573
73.94,6.10489607189318,0.0479460975904314,-0.00428547355224244,-1.56841592
73.95,5.98449772108865,0.0448072302788368,-0.00395787325248902,-1.67696335
73.96,5.92219685656498,0.0406155766500651,-0.0036289879928233,-1.78556124
73.97,5.77864448710693,0.0403856758570397,-0.00329881078199345,-1.8942127
73.98,5.71824630415607,0.0408890707216663,-0.00296733441621841,-2.00292077
73.99,5.65950963029385,0.0393445954027354,-0.00263455175206871,-2.11168837
74,5.65138553006796,0.044030385783014,-0.00230045580630049,-2.22051832
74.01,5.58010711144798,0.0596811146441665,-0.00196503983911899,-2.32941331
74.02,5.64160067885593,0.113019381398434,-0.00162829732511995,-2.43837595
74.03,5.89190837998105,0.185649377140081,0,-2.54740869
74.04,6.31827919124537,0.275094652226676,0.000807077169268613,-2.65651387
74.05,6.89207524574246,0.386045064521744,0.00330690186306577,-2.7656937
74.06,7.55397706079778,0.526234903511932,0.00781693831816283,-2.87495025
74.07,8.37150059703682,0.6575555971089,0.0141182137830592,-2.98428547
74.08,9.32347820790814,0.801429724146521,0.0218891551895408,-3.09370115
74.09,10.2660957680025,0.923367475322106,0.0308555924637631,-3.20319893
74.1,11.1275499380503,1.03561104464964,0.0408330676867139,-3.31278031
74.11,11.9724840005404,1.13116599333259,0.0517056075467143,-3.42244665
74.12,12.7652116836855,1.21219146927317,0.0633994538439844,-3.53219915
74.13,13.4599110079603,1.2667199676811,0.0758642838253002,-3.64203884
74.14,14.0809595871661,1.33061823791352,0.0890316469205904,-3.75196661
74.15,14.5582584671999,1.34776800162921,0.102679585470116,-3.86198319
74.16,14.9355995078124,1.36805792952723,0.116534848536395,-3.97208915
74.17,15.2355043398608,1.37268019158612,0.130412052316815,-4.08223983
74.18,15.382560710824,1.37159664237398,0.144218351454891,-4.19257063
74.19,15.4614103192365,1.36894155427809,0.157919579960252,-4.30329571
74.2,15.6019116769967,1.35653221717834,0.171510907859953,-4.41480309
74.21,15.6880000055106,1.3399293213899,0.184997477204957,-4.52707423
74.22,15.8255491898982,1.33466740523646,0.198380806584504,-4.62781955
74.23,15.93752253916,1.32506446816274,0.211656323797855,-4.71699688
74.24,16.030817890799,1.32105570738362,0.224819523204705,-4.79455317
74.25,16.1900923589512,1.31255568093181,0.237865539605765,-4.86042529
74.26,16.3088020303382,1.29087811838647,0.25078906589285,-4.91454107
74.27,16.3629247474739,1.27834627700465,0.263584496189498,-4.95682038
74.28,16.4587039890458,1.27272281474396,0.276245968003422,-4.98717645
74.29,16.5494334932496,1.25812341877793,0.288760271485007,-4.98772192
74.3,16.6742649905498,1.24213267902664,0.301106915749455,-4.95836088
74.31,16.7845372937101,1.2184655011681,0.313272914196403,-4.91125406
74.32,16.8381322778224,1.18887544973003,0.325251759035743,-4.84630243
74.33,16.961519465474,1.16460977466173,0.337034474153664,-4.76340776
74.34,17.0947249929252,1.14430828574619,0.348610722280892,-4.66247412
74.35,17.2234007457366,1.11627291537714,0.359969592578568,-4.54340946
74.36,17.3170196056745,1.09464395819262,0.371099891783146,-4.40612699
74.37,17.4088632528774,1.0625764112512,0.38199014166728,-4.2505466
74.38,17.557456910799,1.02932668452286,0.392636626447582,-4.0943914
74.39,17.7398444491529,1.0115581818898,0.403042834021001,-3.93759826
74.4,17.9042404948789,1.00070013993672,0.413209073012967,-3.78011413
74.41,18.0964460641566,0.980050125821932,0.423133555871139,-3.62189684
74.42,18.2991294219428,0.951018627643761,0.432814711171284,-3.46291579
74.43,18.4815884547991,0.926030496171461,0.442251357611914,-3.3031035
74.44,18.6954807147079,0.90424716200281,0.451442791838008,-3.14299482
74.45,18.8459687589697,0.891305892138404,0.460388797885738,-2.98278825
74.46,19.0303796749488,0.872097821267999,0.469089171395269,-2.82248391
74.47,19.1878566323313,0.846200551414166,0.477543595785458,-2.66208208
74.48,19.3481009441128,0.823473433464855,0.485751725784503,-2.50158322
74.49,19.4561894334572,0.810362443688751,0.493713226959661,-2.34098802
74.5,19.6048204585416,0.79744298341577,0.50142772005256,-2.18029733
74.51,19.7145092325027,0.771794376211304,0.508894512963855,-2.01951219
74.52,19.8487440202126,0.746816527795,0.516113588193612,-1.85863383
74.53,19.9571008107727,0.722865582425353,0.523084753627142,-1.69766366
74.54,20.083992012185,0.689581328217138,0.529807170612181,-1.53660327
74.55,20.1938786047655,0.65774640296536,0.536280443436462,-1.37545443
74.56,20.2448344089476,0.634033594123581,0.542504114472099,-1.21421908
74.57,20.397179889746,0.590894768081804,0.548477667035889,-1.05289933
74.58,20.4780948837567,0.562580118195093,0.554200563432997,-0.89149745
74.59,20.6228044623095,0.541593566791099,0.559672224920221,-0.73001589
74.6,20.6872468706101,0.513991098541512,0.564903312538302,-0.58625251
74.61,20.7674070876226,0.493157595199602,0.569913291571596,-0.46021007
74.62,20.8606315262227,0.47551253594105,0.57471645804004,-0.35189145
74.63,21.0258479799852,0.447691397894571,0.579327308752693,-0.26129969
74.64,21.0452928693809,0.448067769895701,0.583762459620396,-0.18843794
74.65,21.1438649464184,0.437608576411945,0.588040625156026,-0.13330949
74.66,21.1460153886986,0.413783937946273,0.592182238858499,-0.09591776
74.67,21.1955455095272,0.397339894305257,0.59620868508921,-0.07626626
74.68,21.1814570066025,0.387807218841623,0.600141879087251,-0.07435864
74.69,21.1891369853598,0.382815861574825,0.603991442666509,-0.07240334
74.7,21.1710637121926,0.368363380062036,0.607758746704022,-0.07040418
74.71,21.2098668399002,0.351238763774184,0.611450884851051,-0.06836508
74.72,21.2049707467934,0.348031036885282,0.615074936959868,-0.06629003
74.73,21.2303287224652,0.345144081113866,0.618635354758031,-0.06418309
74.74,21.2320099480922,0.338629409588209,0.622134301473919,-0.06204839
74.75,20.8372320049257,0.230790062435484,0.625572763880318,-0.0598901
74.76,20.0194977232364,0.0505391792116153,0.628951273824997,-0.05771245
74.77,18.9124278547182,-0.149429169314918,0.632224717497904,-0.0555197
74.78,17.6754223131606,-0.366078142722909,0.631355454229485,-0.05331615
74.79,16.3591514989279,-0.585963784785509,0.624553315848773,-0.0511061
74.8,15.0663606306337,-0.801385170427227,0.614669443211629,-0.0488939
74.81,13.7643945488542,-1.0083173835042,0.603417956802912,-0.04668385
74.82,12.8237183175544,-1.10555411633612,0.591746828100743,-0.0444803
74.83,12.2762736323598,-1.12984391276019,0.5801226020015,-0.04228755
74.84,12.0197252002479,-1.12690379797398,0.568726053837604,-0.0401099
74.85,11.8681996848219,-1.10734470209313,0.557595153013528,-0.03795161
74.86,11.7980177734271,-1.08729966726309,0.546711053470443,-0.03581691
74.87,11.6755641879205,-1.06202649511452,0.536045845977796,-0.03370997
74.88,11.5710936987502,-1.03958033449117,0.525577965615533,-0.03163492
74.89,11.4740191696121,-1.02641950411351,0.515296388713854,-0.02959582
74.9,11.3493079552867,-1.01238892053038,0.505196161232722,-0.02759666
74.91,11.246298539292,-0.992916809990264,0.495275213058135,-0.02564136
74.92,11.1119521185841,-0.973695166192882,0.485532110287086,-0.02373374
74.93,10.9670892653981,-0.953371876380488,0.475965314577352,-0.02187754
74.94,10.8230670195675,-0.93611892205135,0.466573047284623,-0.02007638
74.95,10.7022126474567,-0.922739225833185,0.457353170813456,-0.01833381
74.96,10.6303891244394,-0.910071488271081,0.448303377223673,-0.01665322
74.97,10.5522027914166,-0.888141597201616,0.439421280372809,-0.01503791
74.98,10.4653511107937,-0.867592089927417,0.430704449895686,-0.01349105
74.99,10.376082625283,-0.859704914713573,0.42215072889991,-0.01201565
75,10.3261454806278,-0.831548948424223,0.413757781276772,-0.0106146
75.01,10.2597414073549,-0.818837255461078,0.405523413730329,-0.00929066
75.02,10.1714017181963,-0.791005320962327,0.397445407632662,-0.0080464
75.03,10.009737709155,-0.765870902956849,0.389521561101744,-0.00688427
75.04,9.91330144249066,-0.754282988641579,0.381749698389237,-0.00580654
75.05,9.84597045529548,-0.743161143414009,0.374127647758198,-0.00481533
75.06,9.81991516435104,-0.719504663055903,0.366653234175511,-0.00391256
75.07,9.71298918575388,-0.717407239725998,0.359324321529929,-0.00310001
75.08,9.65902841545952,-0.695232526802448,0.352138784215521,-0.00237927
75.09,9.63620062332897,-0.690198505207047,0.345094741643138,-0.00175175
75.1,9.67386939770401,-0.677498727929222,0.338189802811209,-0.00121868
75.11,9.66650978495389,-0.662346765503164,0.331421933949659,-0.0007811
75.12,9.57795623146703,-0.649260259734283,0.324789066369004,-0.00043987
75.13,9.48947879145407,-0.641796475718992,0.318289155370665,-0.00019566
75.14,9.47238996240849,-0.624700453517108,0.311920129174659,-0
75.15,9.4222994740261,-0.614871990202747,0.305679989353484,-0
75.16,9.29384970357065,-0.598199458861765,0.299566944322657,-0.00039426
75.17,9.19175785825993,-0.591259162557626,0.293579512515999,-0.00157084
75.18,9.06075384462522,-0.582937166720694,0.287716317832802,-0.00351118
75.19,8.99779070277184,-0.573711053661665,0.281975903744174,-0.00618467
75.2,8.92077213457943,-0.559033916964242,0.276356732771466,-0.00954915
75.21,8.86250791524412,-0.54930725330043,0.270857432409539,-0.01355157
75.22,8.83125443162265,-0.535116204532065,0.265476519506969,-0.0181288
75.23,8.80629375065823,-0.534388072705038,0.260212496012246,-0.02320866
75.24,8.78037146388202,-0.517304051482036,0.255063873505394,-0.02871104
75.25,8.80064611422818,-0.503290640790723,0.250029072721101,-0.03454915
75.26,8.75748769842589,-0.48133286372756,0.245106449533795,-0.04063093
75.27,8.73077549305722,-0.469870524547762,0.240294232867459,-0.04686047
75.28,8.68478784993997,-0.456842909200867,0.235590665384925,-0.05313953
75.29,8.59078668901784,-0.448668396323913,0.230993850719725,-0.05936907
75.3,8.55516808917743,-0.425951747832161,0.22650180092136,-0.06545085
75.31,8.52357605779046,-0.416715238185287,0.22211241879741,-0.07128896
75.32,8.45340475199375,-0.405379893486675,0.217823567619716,-0.07679134
75.33,8.38285937388898,-0.406888789450263,0.213633020657101,-0.0818712
75.34,8.34463774268458,-0.401230351476382,0.209538481443422,-0.08644843
75.35,8.30692112227702,-0.397186296185784,0.205537531428498,-0.09045085
75.36,8.28216560193642,-0.387798436592272,0.201627689958082,-0.09381533
75.37,8.32073336404987,-0.383581976828003,0.197806487168501,-0.09648882
75.38,8.25335801162248,-0.375956189134923,0.194071341263719,-0.09842916
75.39,8.22633747206037,-0.373026855654683,0.190419640878802,-0.09960574
75.4,8.21789099283047,-0.368733554176789,0.186848766402368,-0.09995729
75.41,8.2317968566189,-0.362035300285985,0.183356408029265,-0.1
75.42,8.19184195615829,-0.356187731429022,0.179940691701537,-0.09995729
75.43,8.18319621480425,-0.352948908629969,0.176599689590398,-0.09982922
75.44,8.092170183915,-0.346624587952053,0.173331458080775,-0.09961603
75.45,8.10311203273523,-0.339229331989079,0.170134040544396,-0.09931807
75.46,8.0671357367867,-0.323918533599211,0.167005697164897,-0.09893584
75.47,8.05163434937923,-0.308760871594007,0.163944750281638,-0.09847001
75.48,8.01298979462551,-0.304240344839746,0.160949576171701,-0.09792137
75.49,7.97921700103557,-0.28986213680434,0.15801858354158,-0.09729086
75.5,7.94454478189676,-0.285832925296695,0.155150203164881,-0.09657955
75.51,7.91535582753016,-0.281637003854827,0.152342886127,-0.09578867
75.52,7.90017898715238,-0.280030330828568,0.149595106382139,-0.09491955
75.53,7.92035751064129,-0.276801125712253,0.14690536250568,-0.09397369
75.54,7.97963490951509,-0.267679756114739,0.144272179427211,-0.0929527
75.55,7.9573562258508,-0.252521812370379,0.141694110105402,-0.09185832
75.56,7.98456750686291,-0.252077753209384,0.139169735607719,-0.09069244
75.57,8.02608355342963,-0.248237380412106,0.136697665846561,-0.08945703
75.58,8.03570233782126,-0.238127199281732,0.134276538737333,-0.0881542
75.59,8.07853337961181,-0.226745693231497,0.131905022208606,-0.0867862
75.6,8.05571309695835,-0.225206547367019,0.129581813169483,-0.08535534
75.61,8.03517959439303,-0.223427132396675,0.127305637255526,-0.08386408
75.62,8.02116845385792,-0.21878126305986,0.125075256601935,-0.08231496
75.63,7.99820544739073,-0.213387850943336,0.12288944175563,-0.08071064
75.64,7.89735981756294,-0.202104475396197,0.120747009260422,-0.07905384
75.65,7.91765946315629,-0.198972179002257,0.118646809909706,-0.07734741
75.66,7.84686275649552,-0.188290127604144,0.116587715415872,-0.07559425
75.67,7.83672745464555,-0.183912189472834,0.114568628849303,-0.07379737
75.68,7.77156866457253,-0.178170978773751,0.112588483266001,-0.07195983
75.69,7.77833307022218,-0.165840417163677,0.110646241136855,-0.07008477
75.7,7.7458152329991,-0.146563632043789,0.108740893826103,-0.0681754
75.71,7.79746836025114,-0.148741528743261,0.106871461636786,-0.06623497
75.72,7.75541198303123,-0.15486949121785,0.105036993421084,-0.06426681
75.73,7.77356729487287,-0.161292810801738,0.103236566476738,-0.06227427
75.74,7.71778421222193,-0.155938164444746,0.101469286603696,-0.06026077
75.75,7.68744448590479,-0.151685908496797,0.0997342868188679,-0.05822973
75.76,7.67122211686207,-0.158961596502181,0.0980307282621315,-0.05618463
75.77,7.66597290863987,-0.171698068583731,0.0963578050101465,-0.05412897
75.78,7.68320500087775,-0.164376402421832,0.0947147203879712,-0.05206625
75.79,7.73545525999872,-0.154251270961525,0.0931007214235415,-0.05
75.8,7.72247801147585,-0.155429032420565,0.0915150753515128,-0.04793375
75.81,7.71409567750149,-0.159945283146654,0.0899570747176464,-0.04587103
75.82,7.76007233676528,-0.171031089254308,0.0884260371262479,-0.04381537
75.83,7.73660217768877,-0.169049063386475,0.0869213172609272,-0.04177027
75.84,7.75031122482914,-0.164003652353917,0.0854422564590627,-0.03973923
75.85,7.71189405475155,-0.162824972867878,0.0839882558198915,-0.03772573
75.86,7.63540440777668,-0.166521029743638,0.0825587277429461,-0.03573319
75.87,7.61250260852495,-0.165367633426181,0.0811531065525763,-0.03376503
75.88,7.63527904503547,-0.159431091717709,0.0797708682770198,-0.0318246
75.89,7.61243086027068,-0.146649794186461,0.0784114637272714,-0.02991523
75.9,7.61319670144304,-0.136314628307626,0.0770743917862228,-0.02804017
75.91,7.64097747147705,-0.141152023093592,0.0757591755809549,-0.02620263
75.92,7.63160830129183,-0.135125900247904,0.0744653529810068,-0.02440575
75.93,7.67845575997174,-0.119283015725045,0.0731924787523499,-0.02265259
75.94,7.70729337881196,-0.111748384388335,0.0719401260594191,-0.02094616
75.95,7.72177213278644,-0.109685185757893,0.0707078849649336,-0.01928936
75.96,7.74553401985937,-0.103445479148554,0.069495362816592,-0.01768504
75.97,7.74547547174446,-0.106808529887469,0.0683021836949796,-0.01613592
75.98,7.71082077313812,-0.0979996905230892,0.0671279876256639,-0.01464466
75.99,7.69368657213094,-0.0956044312119369,0.0659724297451144,-0.0132138
76,7.61633982748344,-0.108222874653374,0.0648351795954912,-0.0118458
76.01,7.58944687718673,-0.110353034513323,0.0637159205703341,-0.01054297
76.02,7.58491225402252,-0.10450618232572,0.0626143492685918,-0.00930756
76.03,7.50889188071203,-0.108711406596693,0.06153017498686,-0.00814168
76.04,7.52865194842293,-0.10728529536006,0.0604631190317027,-0.0070473
76.05,7.51379434557836,-0.112812929553018,0.0594129142711224,-0.00602631
76.06,7.52295899498482,-0.117312110881351,0.0583793045806047,-0.00508045
76.07,7.59277271781945,-0.105669508981588,0.0573620441535763,-0.00421133
76.08,7.5798092099442,-0.0941162598542821,0.0563608970759721,-0.00342045
76.09,7.59386377988654,-0.0951075730085947,0.0553756367998477,-0.00270914
76.1,7.60946459236385,-0.0917839596576568,0.054406045516049,-0.00207863
76.11,7.55838178919698,-0.0870662908940289,0.0534519137105256,-0.00152999
76.12,7.54297197630119,-0.0824974171435826,0.052513039617827,-0.00106416
76.13,7.550422920586,-0.0755050789039589,0.0515892287744496,-0.00068193
76.14,7.47858345077108,-0.0725781387503732,0.0506802931541859,-0.00038397
76.15,7.48058641695427,-0.0799311938939627,0.0497860519701892,-0.00017078
76.16,7.45395213043169,-0.0722516402463396,0.0489062931692513,-0
76.17,7.51584655725214,-0.0749141996734273,0.0480408988220898,-0
76.18,7.5533815314337,-0.0723969030778743,0.0471900380502632,-0.00039426
76.19,7.55574792817288,-0.0654425083733936,0.0463542391414939,-0.00157084
76.2,7.56910111567974,-0.0673122713163833,0.0455341245684022,-0.00351118
76.21,7.61967875765208,-0.0720442980204069,0.0447301844435921,-0.00618467
76.22,7.65034547814311,-0.0637841454230539,0.0439429966247824,-0.00954915
76.23,7.66406228154758,-0.071937142127749,0.0431732312887156,-0.01355157
76.24,7.61215427702081,-0.0653014142184987,0.0424215783159435,-0.0181288
76.25,7.59043937856817,-0.0683757037215743,0.041688679622412,-0.02320866
76.26,7.61945853021173,-0.0722100183019376,0.0409750620294032,-0.02871104
76.27,7.59440616084223,-0.0700706173683969,0.0402811100559194,-0.03454915
76.28,7.57289503885287,-0.0669749428503566,0.039607040324609,-0.04063093
76.29,7.5326279779289,-0.067169608313408,0.0389529170269024,-0.04686047
76.3,7.53628403473834,-0.0620591385263815,0.038318623208243,-0.05313953
76.31,7.52487847268631,-0.0603621035211501,0.0377038388289392,-0.05936907
76.32,7.52121134697503,-0.0597794036415459,0.0371081479588401,-0.06545085
76.33,7.53243814249843,-0.0551878272729986,0.0365309173081988,-0.07128896
76.34,7.54286747108677,-0.0481875650059709,0.035971355960175,-0.07679134
76.35,7.53275552992896,-0.0387920515162944,0.0354285335533612,-0.0818712
76.36,7.5515536046838,-0.0281127749234813,0.0349013841685204,-0.08644843
76.37,7.577202976586,-0.0306509990623109,0.0343887196060564,-0.09045085
76.38,7.60751525540236,-0.0416415557151148,0.0338892457858026,-0.09381533
76.39,7.59901752121528,-0.0402650796324358,0.0334015805272681,-0.09648882
76.4,7.58702613819356,-0.0396344886223006,0.0329242757855276,-0.09842916
76.41,7.58252355041874,-0.0341674378942006,0.0324558381447866,-0.09960574
76.42,7.57998189585702,-0.0439064210750909,0.0319947005382103,-0.09994337
76.43,7.57720275469644,-0.056001037558951,0.03153978567592,-0.1
76.44,7.54761496526856,-0.0527385159493174,0.0310904435033276,-0.09994337
76.45,7.56465005095401,-0.0417249929556164,0.0306458847562146,-0.0997736
76.46,7.58675250971075,-0.0409946497745334,0.0302053718906187,-0.09949107
76.47,7.59089577381035,-0.0431832529844967,0.0297683678157302,-0.09909643
76.48,7.57166799625255,-0.0502853267359561,0.0293345312809244,-0.09859058
76.49,7.61534530924881,-0.0383307550066961,0.0289036483660017,-0.09797465
76.5,7.55492574241847,-0.0304341868159025,0.0284755731230276,-0.09725004
76.51,7.58306315972748,-0.0295311625580398,0.0280501887455255,-0.0964184
76.52,7.56452804291473,-0.0266210390705196,0.0276273884208549,-0.0954816
76.53,7.53754588959041,-0.0258800363785309,0.0272070670982496,-0.09444177
76.54,7.44971734702355,-0.0198987056593993,0.0267891203526079,-0.09330127
76.55,7.47701736605063,-0.0184955285765225,0.0263734459606606,-0.09206268
76.56,7.40257898631689,-0.0252103719944112,0.0259599450844945,-0.0907288
76.57,7.41129255986136,-0.0319902973957578,0.0255485237089588,-0.08930265
76.58,7.40224133143008,-0.0330259043562987,0.0251390935303318,-0.08778748
76.59,7.41384316230612,-0.033192732017103,0.024731572463517,-0.0861867
76.6,7.40612387644937,-0.0388843530357857,0.0243258849221884,-0.08450395
76.61,7.43617631588677,-0.0422653712334765,0.0239219621328312,-0.08274304
76.62,7.44163528794665,-0.041882509866939,0.0235197418721065,-0.08090795
76.63,7.52247913272702,-0.0412611087911475,0.0231191689543102,-0.07900285
76.64,7.52946820313232,-0.0415836875546169,0.0227201953464793,-0.07703204
76.65,7.50090393530899,-0.0390822777161546,0.0223227797463208,-0.075
76.66,7.48270241652787,-0.0461013368345875,0.0219268881505031,-0.07291133
76.67,7.47302836778557,-0.0428498044558297,0.02153249365889,-0.07077075
76.68,7.47825166935925,-0.0462436039812309,0.0211395765546381,-0.06858312
76.69,7.38204814969015,-0.0432961147616578,0.0207481242760691,-0.0663534
76.7,7.3639742088596,-0.0460715980128459,0.020358131055108,-0.06408663
76.71,7.37574358739699,-0.0445383490604413,0.0199695988790735,-0.06178795
76.72,7.35728723429757,-0.048961973615862,0.0195825363746623,-0.05946256
76.73,7.29340487795947,-0.0446963050385139,0.0191969591206026,-0.05711574
76.74,7.2821512348885,-0.0430596474172366,0.0188128905596301,-0.0547528
76.75,7.29636093153813,-0.0454552685541149,0.0184303586121736,-0.0523791
76.76,7.39211176529468,-0.0472546775745079,0.0180493989108216,-0.05
76.77,7.40449438469987,-0.0480355272362994,0.0176700534893289,-0.0476209
76.78,7.41173635229333,-0.0505919809389613,0.017292370617771,-0.0452472
76.79,7.46384898354399,-0.0471959925073237,0.0169164046056654,-0.04288426
76.8,7.4928290613165,-0.0501893405894324,0.0165422155831098,-0.04053744
76.81,7.56017110035657,-0.0495503078630576,0.016169869297379,-0.03821205
76.82,7.51456510475756,-0.0454485572760243,0.0157994369598191,-0.03591337
76.83,7.5185777604652,-0.0525860527783226,0.0154309949157227,-0.0336466
76.84,7.46732535917197,-0.0470798674231051,0.0150646243240771,-0.03141688
76.85,7.51301134596835,-0.0369994544545869,0.0147004109375885,-0.02922925
76.86,7.45256125622095,-0.0352144039384928,0.0143384448389094,-0.02708867
76.87,7.44839541314457,-0.0324519545774476,0.013978820188704,-0.025
76.88,7.48239030818014,-0.0334355094220103,0.0136216348387805,-0.02296796
76.89,7.56952859344346,-0.0327190012152551,0.0132669900946615,-0.02099715
76.9,7.4776969701977,-0.0314339001632674,0.012914990364355,-0.01909205
76.91,7.4712621832597,-0.0292644724521278,0.0125657428384125,-0.01725696
76.92,7.43856338280062,-0.034236535292897,0.0122193571851161,-0.01549605
76.93,7.46916223128241,-0.0282502184308233,0.0118759447701777,-0.0138133
76.94,7.48852829094338,-0.0281100853609657,0.0115356195048002,-0.01221252
76.95,7.46390801365801,-0.0259703381159462,0.0111984963803124,-0.01069735
76.96,7.45298528870681,-0.0315424378219011,0.0108646914583201,-0.0092712
76.97,7.52631916448032,-0.0270728549605176,0.0105343215253708,-0.00793732
76.98,7.59518846516775,-0.0295458311677161,0.0102075037507843,-0.00669873
76.99,7.57468727539611,-0.0228188068655532,0.00988435532008696,-0.00555823
77,7.61417837514028,-0.0302351277022067,0.00956499305353882,-0.0045184
77.01,7.65504666129719,-0.0353393803222247,0.00924953311444626,-0.0035816
77.02,7.62730880764326,-0.033714606172762,0.00893809058596775,-0.00274996
77.03,7.66121320499525,-0.0247814555113789,0.00863077916442795,-0.00202535
77.04,7.67246890997776,-0.0260596350298775,0.00832771078790901,-0.00140942
77.05,7.65043307328482,-0.0333397833670655,0.00802899603309598,-0.00090357
77.06,7.64254076704146,-0.0364231935588348,0.00773475428276237,-0.00050893
77.07,7.58723177394193,-0.0415244249035098,0.00744507469233584,-0.0002264
77.08,7.52545590364293,-0.0309818720443621,0.00716001294978447,-0
77.09,7.54598362556453,-0.0388341746657828,0.00687974925885447,-0
77.1,7.48854707532586,-0.0334867956454194,0.00660470545130307,-0.00039426
77.11,7.45926377756819,-0.0295958716709959,0.00633564717635993,-0.00157084
77.12,7.41857508734693,-0.0220587000592822,0.00607342491453981,-0.00351118
77.13,7.45821425548841,-0.0212615107972638,0.00581875614455461,-0.00618467
77.14,7.41837972981468,-0.0163560755687406,0.00557244608873979,-0.00954915
77.15,7.43259628959352,-0.0186425598308,0.00533538476868067,-0.01355157
77.16,7.40265642631046,-0.00715051676067046,0.00510847331841031,-0.0181288
77.17,7.38714330574176,-0.00974106205178491,0.00489254341047732,-0.02320866
77.18,7.41713957488046,-0.010950671696594,0.0046882997522736,-0.02871104
77.19,7.39741953007197,-0.0036500062578524,0.00449628801109753,-0.03454915
77.2,7.36313484136273,-0.0122189556159701,0.0043168723469275,-0.04063093
77.21,7.40520448608858,-0.00444713940050269,0.00415022755830084,-0.04686047
77.22,7.4098667427493,0.00448279285520496,0.00399633620927591,-0.05313953
77.23,7.38690046484949,-6.47704389686622e-05,0.00385498964503881,-0.05936907
77.24,7.4048946579223,-0.00799611006001011,0.00372579219272845,-0.06545085
77.25,7.39187760762098,-0.00420048820087403,0.00360816861890735,-0.07128896
77.26,7.44813865281287,-0.00898771329713572,0.00350137318849106,-0.07679134
77.27,7.44914711353703,0.00807709372512741,0.00340450446960999,-0.0818712
77.28,7.43366085713751,0.00219290299196932,0.00331652160414042,-0.08644843
77.29,7.42036216600041,-0.00288965337434792,0.00323626437977897,-0.09045085
77.3,7.47994003440248,-0.00182158940340262,0.00316247620921598,-0.09381533
77.31,7.51869772206272,0.000895741427526876,0.0030938291022695,-0.09648882
77.32,7.4814635248326,-0.000432578007500716,0.00302895004208209,-0.09842916
77.33,7.44832810077448,-0.001148161085974,0.00296644711016227,-0.09960574
77.34,7.48993310032414,-0.00967374338857943,0.00290487723486975,-0.09993977
77.35,7.52468951553937,-0.0165177810499549,0.00284334139045336,-0.1
77.36,7.5702798912839,-0.0182045814522694,0.00278137608560747,-0.09993977
77.37,7.55372977610962,-0.0156330068954896,0.00271836400387353,-0.09975924
77.38,7.55387526727477,-0.010134897819248,0.00265374318318458,-0.09945883
77.39,7.55872354898925,-0.0140568853040768,0.00258712530996663,-0.09903926
77.4,7.54388022955888,-0.0120423660306765,0.00251829445293648,-0.09850156
77.41,7.52069339961039,-0.0108792118729342,0.00244713695686326,-0.09784702
77.42,7.50076198019301,-0.00285165883993357,0.0023735904252996,-0.0970772
77.43,7.463768057193,-0.00306121046752874,0.00229761320905768,-0.09619398
77.44,7.45333097987691,-0.00231237182854344,0.00221916996807806,-0.09519946
77.45,7.44661288878101,-0.0125820033237986,0.0021382267626376,-0.09409606
77.46,7.47983517435804,-0.0146275951527078,0.00205475059974945,-0.09288643
77.47,7.47466228352498,-0.018297344284505,0.00196871045212276,-0.09157348
77.48,7.48080355168054,-0.0158831250386428,0.00188007853528495,-0.09016038
77.49,7.50572692827723,-0.00469145572371176,0.00178883129557613,-0.08865052
77.5,7.5006147807681,-0.00553048566308384,0.0016949501310849,-0.08704756
77.51,7.50054903128558,-0.0120702434307546,0.00159842184585527,-0.08535534
77.52,7.47010315288072,-0.00210523375598654,0.00149923898232186,-0.08357795
77.53,7.44132257909032,-0.000332948355681926,0.00139740009842452,-0.08171966
77.54,7.52073297281735,-0.00405846888926597,0.00129290997738956,-0.07978497
77.55,7.51256763009739,-0.00367983594329686,0.0011857797835862,-0.07777851
77.56,7.49694965578305,-0.0159418575221632,0.00107602723514671,-0.07570514
77.57,7.52416585076042,-0.0155293892246014,0.000963676730301274,-0.07356984
77.58,7.53466658193123,-0.0133548601611707,0.000848759427983462,-0.07137775
77.59,7.54800426205749,-0.0158017514481937,0.000731313727740289,-0.06913417
77.6,7.57483299356865,-0.0199222309677697,0.000611384145300863,-0.06684449
77.61,7.58022784139907,-0.0144643170610842,0.00048902248143232,-0.06451423
77.62,7.54509221380387,-0.0202672402062353,0.000364287444101717,-0.06214901
77.63,7.53267909142045,-0.0136163407745235,0.00023724458156172,-0.05975452
77.64,7.55379069869781,-0.0161679617961014,0.000107966216784088,-0.05733652
77.65,7.52092013951401,-0.0111341763967687,-2.34686060901212e-05,-0.05490086
77.66,7.56514469663687,-0.010176165530218,-0.00015697427430173,-0.05245338
77.67,7.56649159043179,-0.00443046363073625,-0.000292458739885959,-0.05
77.68,7.48540837191279,-0.0059917937646221,-0.000429823651779411,-0.04754662
77.69,7.54696503817929,0.0053365720417086,-0.000568964756149641,-0.04509914
77.7,7.52333748270704,-0.00443462018804984,-0.000709771544914604,-0.04266348
77.71,7.49436629294718,-0.00423687176578469,-0.000852127995956674,-0.04024548
77.72,7.45221026256855,-0.0109137517439996,-0.000995912659503374,-0.03785099
77.73,7.3727711414211,-0.00834905428211649,-0.00114099888727993,-0.03548577
77.74,7.33380258988384,-0.00523677484419729,-0.0012872551614044,-0.03315551
77.75,7.35377331944101,-0.00231590732112351,-0.00143454535329701,-0.03086583
77.76,7.38798282842206,-0.0132686519706782,-0.00158272900996724,-0.02862225
77.77,7.44340593466242,-0.00750208721144321,-0.00173166170558873,-0.02643016
77.78,7.45646192143524,-0.0016820604584806,-0.00188119534860354,-0.02429486
77.79,7.51672389908775,-0.0037061591854189,-0.00203117851592596,-0.02222149
77.8,7.56434854714163,-0.00183637768456683,-0.00218145684675296,-0.02021503
77.81,7.60333481743659,-0.00991683231703798,-0.00233187336200838,-0.01828034
77.82,7.62413317832663,-0.0205274485216758,-0.00248226887053808,-0.01642205
77.83,7.61831506232,-0.0239157144650262,-0.00263248232962548,-0.01464466
77.84,7.61041436545801,-0.0159070587677226,-0.002782351234937,-0.01295244
77.85,7.66252769440067,-0.0178761795746026,-0.00293171194839291,-0.01134948
77.86,7.63869447816663,-0.016236641012295,-0.00308040020657689,-0.00983962
77.87,7.64546557588172,-0.0251680325983277,-0.00322825145587318,-0.00842652
77.88,7.62541145010273,-0.0207996024897731,-0.00337510126443559,-0.00711357
77.89,7.57705183712562,-0.0122346711773302,-0.00352078574542875,-0.00590394
77.9,7.52351130123621,-0.00719679955042554,-0.00366514194045211,-0.00480054
77.91,7.51483584510597,-0.0170591012997689,-0.00380800824785587,-0.00380602
77.92,7.46711173921718,-0.0228918101845616,-0.00394922498367716,-0.0029228
77.93,7.53958382267953,-0.014435784933631,-0.00408863426624793,-0.00215298
77.94,7.51957745341058,-0.0098279733240339,-0.00422608095068468,-0.00149844
77.95,7.51198374170001,-0.0142884438836387,-0.00436141284109084,-0.00096074
77.96,7.53171791927851,-0.0146851034627239,-0.00449448111402799,-0.00054117
77.97,7.52048487283942,-0.014320397723546,-0.00462514066478223,-0.00024076
77.98,7.49105581125126,-0.00794630354312886,-0.00475330687059081,-0
77.99,7.46074183894595,-0.00413893252182478,-0.00487875460578109,-0
78,7.41032084201641,-0.0116427573995502,-0.00500102382754894,-0.00039426
78.01,7.40689637544104,-0.0169788008564442,-0.00511931795534671,-0.00157084
78.02,7.39873693837954,-0.0106379419692713,-0.00523275297932309,-0.00351118
78.03,7.4424792911982,-0.0139575375864405,-0.00534057212989765,-0.00618467
78.04,7.46081038704945,-0.0230919097615275,-0.00544193207096301,-0.00954915
78.05,7.48770708302374,-0.0237642428058779,-0.00553603221896089,-0.01355157
78.06,7.49976547371253,-0.0252009339048352,-0.00562192731831212,-0.0181288
78.07,7.51929081035393,-0.024723676871445,-0.0056987773378472,-0.02320866
78.08,7.49821162946485,-0.0182765016689275,-0.00576597926999428,-0.02871104
78.09,7.54959557834675,-0.0147012794686353,-0.00582305907170277,-0.03454915
78.1,7.50480649977368,-0.00743547067252366,-0.00586973324984768,-0.04063093
78.11,7.48924790422136,0.00170343734295732,-0.00590593528417857,-0.04686047
78.12,7.50904071816335,-0.000668330098700252,-0.00593184373187588,-0.05313953
78.13,7.52191870678217,0.00832477034800985,-0.00594788380237632,-0.05936907
78.14,7.49851506701241,0.016399630520658,-0.00595474859101714,-0.06545085
78.15,7.49527372012929,0.0131625709618462,-0.00595343313997591,-0.07128896
78.16,7.43220702493696,0.0179287691735917,-0.00593251530418211,-0.09018712
78.17,7.3882051230993,0.0163162623102834,-0.00587684758740514,-0.12205855
78.18,7.36888878244542,0.0163810573954002,-0.00578295524934802,-0.16682313
78.19,7.30133819460378,0.022063266529392,-0.00565189440915867,-0.22440868
78.2,7.21839107323645,0.023163692724196,-0.00548424407271235,-0.29475208
78.21,7.14661408969998,0.0235118769648984,-0.0052802273047112,-0.37780026
78.22,7.07022123601574,0.0273284821056745,-0.00503992316359229,-0.47351108
78.23,7.03733883151124,0.0201219083955336,-0.00476335306549006,-0.58185391
78.24,7.00026435706457,0.0226477634542339,-0.00445050534540377,-0.70276751
78.25,6.87971137248269,0.0164468962346802,-0.00411305281715041,-0.82337227
78.26,6.7482972463379,0.00705849000859708,-0.00376606660624522,-0.9438916
78.27,6.65415925421861,0.00182349993982437,-0.00341490525407304,-1.06432558
78.28,6.52548131052295,0.00201451386580896,-0.00306153283556493,-1.18467443
78.29,6.43090576793369,0.00785752409135915,-0.00270666813300473,-1.30493851
78.3,6.31270481895945,0.0121178053039173,-0.00235057527934716,-1.42511834
78.31,6.15179072542922,0.0131906546768971,-0.00199335284186093,-1.54521455
78.32,6.030832969537,0.0232725431291066,-0.00163503693257937,-1.66522796
78.33,5.94556180739137,0.034457523655486,-0.00127564174113375,-1.78515949
78.34,5.84087260016633,0.0376868863479915,-0.000915172913573018,-1.90501023
78.35,5.77864946972427,0.0399316848580389,-0.000553632713942872,-2.02478139
78.36,5.67106720751411,0.0407492183934675,-0.000191021864763873,-2.14447431
78.37,5.54587528738509,0.048732255153967,0.000172659764163903,-2.2640905
78.38,5.62188232122175,0.0905369361779674,0.000537412882693485,-2.38363155
78.39,5.82429438404343,0.15585508570994,0.000903238660380806,-2.50309922
78.4,6.18730033031332,0.243692263749803,0,-2.62249538
78.41,6.68352407774678,0.344107233826648,0.00164541519433144,-2.74182201
78.42,7.27657458836694,0.455708724669711,0.00526203445196193,-2.86108124
78.43,8.06576939827762,0.593754564149055,0.010806842124466,-2.98027527
78.44,8.99297723925586,0.735789752174553,0.0179733227670169,-3.09940646
78.45,9.87028081156603,0.867249931457119,0.0264566964685936,-3.21847725
78.46,10.7720628053546,0.977840424945139,0.0360303558766915,-3.33749018
78.47,11.6122685650716,1.07913624484657,0.0465488494098166,-3.45644789
78.48,12.4536545948527,1.16519281359985,0.0579213569700755,-3.57535314
78.49,13.203953828468,1.24368665094481,0.0700889813780711,-3.69420876
78.5,13.8169193358239,1.29973775068997,0.0830038724303234,-3.81301765
78.51,14.3525977639409,1.34673633177066,0.0965241165220798,-3.93178281
78.52,14.802322351842,1.36557116628934,0.110374547666305,-4.05050731
78.53,15.1114162944208,1.38008867189292,0.124324009263516,-4.1691943
78.54,15.3378383441708,1.37246474083916,0.138240988898285,-4.28784697
78.55,15.4747904887956,1.37384278108875,0.15206773641109,-4.40646859
78.56,15.5736461368426,1.36786784751255,0.165783308464291,-4.51166669
78.57,15.659988875156,1.35076311644,0.179379032468805,-4.60344463
78.58,15.6949763904244,1.34151756414476,0.19285257592797,-4.68180582
78.59,15.7780700229352,1.32676727081864,0.206201724755768,-4.7467537
78.6,15.8663319920179,1.30984498010625,0.219422675329457,-4.79829173
78.61,15.9838503039897,1.30766719548433,0.232510115271805,-4.83642342
78.62,16.0996323483747,1.29508555568912,0.245457847112422,-4.86115226
78.63,16.2170649164782,1.27706288115096,0.258252039527887,-4.85462075
78.64,16.3688471334069,1.26065766659946,0.270871640372276,-4.81683242
78.65,16.5002586519693,1.22842303200881,0.283303612571961,-4.76118657
78.66,16.6107552757122,1.20842529952532,0.29554143801331,-4.68768673
78.67,16.7879670902328,1.18475530514112,0.307576474207641,-4.59633641
78.68,16.9375687464554,1.15659789951094,0.319398753136404,-4.48713911
78.69,17.1186285783245,1.13695748622546,0.330997658002373,-4.3600983
78.7,17.2824869065512,1.10636276344435,0.342362331515553,-4.21521741
78.71,17.4368664786065,1.08643132352054,0.353481749641903,-4.05249986
78.72,17.666820311834,1.07111884682024,0.364352556341884,-3.88981004
78.73,17.8599034181605,1.04511439157368,0.374978660145737,-3.72715127
78.74,18.0029701594056,1.02600172706766,0.38536051331493,-3.56452682
78.75,18.1346943726075,0.999903172716919,0.395497680375311,-3.40193989
78.76,18.225698572852,0.969350362803226,0.405388735655286,-3.23939361
78.77,18.34893148414,0.957992850618118,0.415032998785703,-3.07689106
78.78,18.4733344979583,0.936317033223128,0.424430143431161,-2.91443524
78.79,18.6005050916887,0.904523131815345,0.433579940245538,-2.75202905
78.8,18.7156775977276,0.886582929169627,0.442482299823543,-2.58967533
78.81,18.8237529132367,0.865305927933111,0.451137014342333,-2.42737682
78.82,19.0261897124425,0.842389421799233,0.459543880550056,-2.26513617
78.83,19.1823558033304,0.814740583232854,0.467702680225156,-2.10295592
78.84,19.392724221398,0.791548193600926,0.475613201975808,-1.94083852
78.85,19.5686124369623,0.766413580963099,0.483275170117606,-1.7787863
78.86,19.7038570945011,0.736696328825493,0.490687929773314,-1.6168015
78.87,19.8513452257339,0.711364317095633,0.49785174206792,-1.45488622
78.88,20.0076815621606,0.682976324724167,0.504766183173637,-1.29304245
78.89,20.1018957545074,0.657543050488612,0.511430888596161,-1.13127207
78.9,20.2234485783596,0.63913267178372,0.517845498344289,-0.96957681
78.91,20.3209266864606,0.606310845532131,0.524009644117933,-0.8079583
78.92,20.3757461496575,0.588195080033425,0.529923068484649,-0.64641802
78.93,20.4911079668781,0.571038617271876,0.535596101409184,-0.50281836
78.94,20.561876153938,0.549665882881449,0.541048055562359,-0.37716054
78.95,20.6315059103747,0.535836195541218,0.546293299815043,-0.26944564
78.96,20.6726218114273,0.512584212422934,0.551346133401977,-0.17967459
78.97,20.7157087246182,0.488562753098167,0.556222696928662,-0.1078482
78.98,20.7470120758048,0.47822071380094,0.560941196799263,-0.0539671
78.99,20.8287265487858,0.457816709406468,0.56552132344691,-0.01803182
79,20.8082633841473,0.449568483773658,0.569983637921495,-0
79.01,20.8614996292626,0.43582776758744,0.574349288341388,-0
79.02,20.8884948684749,0.423743464299674,0.57862774616776,-0.00039426
79.03,20.9721026628108,0.421770586654458,0.582820525200648,-0.00157084
79.04,21.0194881255974,0.426695985237626,0.586934934805319,-0.00351118
79.05,21.0376474956576,0.418043196375048,0.590978058485669,-0.00618467
79.06,21.0213135069604,0.407573577575067,0.594954771614059,-0.00954915
79.07,21.0426629636033,0.399770342760424,0.598868018247173,-0.01355157
79.08,21.0044375504827,0.369986402460594,0.602719538930041,-0.0181288
79.09,20.5343642027806,0.233977916694848,0.606510616651162,-0.02320866
79.1,19.5915268926266,0.048400204840619,0.610242433917509,-0.02871104
79.11,18.4643141085642,-0.17425114559002,0.613638511317889,-0.03454915
79.12,17.2414882939127,-0.392253938313277,0.611598382588023,-0.04063093
79.13,15.9893333817158,-0.608156475980669,0.604153402097822,-0.04686047
79.14,14.6657354679627,-0.816059180208441,0.594049452473517,-0.05313953
79.15,13.3974181322369,-1.00382487076119,0.582829944922318,-0.05936907
79.16,12.5646877772543,-1.0749742101927,0.571328278346658,-0.06545085
79.17,12.0884893345879,-1.10684874333487,0.559938630886669,-0.07128896
79.18,11.8624075201105,-1.10216032422169,0.548801204182495,-0.07679134
79.19,11.6957117165261,-1.08323261263622,0.537934648259281,-0.0818712
79.2,11.6087909214713,-1.05857653764713,0.527313756133234,-0.08644843
79.21,11.5505476035674,-1.04422561873295,0.516909239631008,-0.09045085
79.22,11.4752303215634,-1.01813944438393,0.506701319508871,-0.09381533
79.23,11.3568034234973,-1.00469919360412,0.496680073382572,-0.09648882
79.24,11.2837352508363,-0.98492588522918,0.486840932961429,-0.09842916
79.25,11.1774405167117,-0.959867959840445,0.477181512396653,-0.09960574
79.26,11.0773947885982,-0.941403362579975,0.467700270511821,-0.09995614
79.27,10.9231311387531,-0.932908792195155,0.458395318626487,-0.1
79.28,10.7837169818612,-0.915091152808622,0.44926462027343,-0.09995614
79.29,10.6734619106557,-0.901459925835521,0.440305857869103,-0.09982464
79.3,10.5791566106624,-0.880483188692954,0.43151657720717,-0.09960574
79.31,10.4997684875927,-0.867131674865753,0.42289419242056,-0.0992998
79.32,10.3801744331634,-0.852174310059282,0.414436268853261,-0.09890738
79.33,10.3335664483677,-0.843644439339372,0.406140422370157,-0.09842916
79.34,10.294551011169,-0.821705150153433,0.398004199655967,-0.09786597
79.35,10.2061790317669,-0.799929488994479,0.390025274025513,-0.09721882
79.36,10.1072931178687,-0.778456653517986,0.382201309453567,-0.09648882
79.37,10.0187816485376,-0.765980925660813,0.374529954557733,-0.09567727
79.38,9.92439680684831,-0.742400691133139,0.367008927126848,-0.09478559
79.39,9.86280497577535,-0.728499834177243,0.359635840653498,-0.09381533
79.4,9.78741867768147,-0.705325704046776,0.352408422311262,-0.09276821
79.41,9.67543646574771,-0.689658751947131,0.345324618070446,-0.09164606
79.42,9.62388891568412,-0.680838218305683,0.338381851710994,-0.09045085
79.43,9.49973063793993,-0.666396240538452,0.331577868451789,-0.08918467
79.44,9.38262895165269,-0.656273091951193,0.324910454504809,-0.08784975
79.45,9.30237961972894,-0.642901306029705,0.318377381440121,-0.08644843
79.46,9.19367570189628,-0.631259053688149,0.311976420765236,-0.08498317
79.47,9.05968469650905,-0.622925962466794,0.305705355244001,-0.08345653
79.48,9.00141129915466,-0.606076802345049,0.299561978532987,-0.0818712
79.49,8.9288481852883,-0.589042096798358,0.29354411318811,-0.08022996
79.5,8.888523108753,-0.574706797568125,0.28764962534221,-0.07853568
79.51,8.88654094188947,-0.56056162046041,0.281876326828318,-0.07679134
79.52,8.79714621835836,-0.545169414503577,0.276222082256399,-0.075
79.53,8.81257673330719,-0.54145776208953,0.27068477236243,-0.0731648
79.54,8.77259436658359,-0.531307734467948,0.265262294604497,-0.07128896
79.55,8.7589619178327,-0.526253412238374,0.259952555223426,-0.06937578
79.56,8.73084151949455,-0.514752361561064,0.254753498707331,-0.0674286
79.57,8.72580154800334,-0.50854244471404,0.249663054494177,-0.06545085
79.58,8.73606863224977,-0.50586903108975,0.244679217434213,-0.06344599
79.59,8.76480862464255,-0.493470916225091,0.239799929938001,-0.06141754
79.6,8.64499934836297,-0.475038301413851,0.235023158333289,-0.05936907
79.61,8.67628471328767,-0.469294304908942,0.230347185240692,-0.05730415
79.62,8.63261557630275,-0.460911096919787,0.225769661925737,-0.05522642
79.63,8.60544302576913,-0.450430827916139,0.221288920322068,-0.05313953
79.64,8.60815605696675,-0.449049482283196,0.216903027187293,-0.05104712
79.65,8.50336328402881,-0.439793270390492,0.21261009537578,-0.04895288
79.66,8.44202535346816,-0.431997623739938,0.208408317802854,-0.04686047
79.67,8.4601528160899,-0.420508568407485,0.204295727029448,-0.04477358
79.68,8.40256626722776,-0.407051261275353,0.200270547914508,-0.04269585
79.69,8.33903632408449,-0.400854142157562,0.196331001734409,-0.04063093
79.7,8.29691351489665,-0.391607697548643,0.192475293764146,-0.03858246
79.71,8.21743620575339,-0.38021497601368,0.188701685365706,-0.03655401
79.72,8.16118264893766,-0.357653449883815,0.185008464808437,-0.03454915
79.73,8.18692130316368,-0.353526959236843,0.181393932898016,-0.0325714
79.74,8.1982764072177,-0.341054615927536,0.177856448921074,-0.03062422
79.75,8.13700236132213,-0.328447195033343,0.174394339320402,-0.02871104
79.76,8.14218110337551,-0.325695138432425,0.171005987442208,-0.0268352
79.77,8.11903733822698,-0.324524113744841,0.167689796454386,-0.025
79.78,8.12975209549693,-0.320302776327033,0.164444188157394,-0.02320866
79.79,8.16515910114875,-0.318548114658227,0.161267671716882,-0.02146432
79.8,8.1349111782568,-0.30959225587369,0.15815871813795,-0.01977004
79.81,8.07094900862174,-0.313054647576194,0.155115813789277,-0.0181288
79.82,8.07866636136191,-0.314030340327976,0.152137532023099,-0.01654347
79.83,8.04494877800686,-0.299527238082042,0.149222462848335,-0.01501683
79.84,8.03599688037347,-0.288391994249124,0.146369177128879,-0.01355157
79.85,8.0081143468385,-0.276866088750254,0.143576315364745,-0.01215025
79.86,7.99267658310625,-0.273802665822284,0.140842534745245,-0.01081533
79.87,7.9485988572153,-0.270738626098077,0.138166518937556,-0.00954915
79.88,7.9505796424813,-0.260428363369829,0.135546978749842,-0.00835394
79.89,7.95559577713911,-0.256765671019465,0.132982652396469,-0.00723179
79.9,7.96712826778143,-0.239942976329385,0.130472305077074,-0.00618467
79.91,7.97989273449131,-0.238185590754008,0.12801472971341,-0.00521441
79.92,7.99260903738146,-0.236196994069319,0.125608745544909,-0.00432273
79.93,7.96313354521009,-0.226654701281432,0.123253198602555,-0.00351118
79.94,7.94207496264008,-0.21991950592988,0.120946961140394,-0.00278118
79.95,7.89776601972183,-0.219051843627744,0.118688931543885,-0.00213403
79.96,7.89238035863042,-0.209330548638296,0.1164780337145,-0.00157084
79.97,7.7962110974224,-0.213451691682295,0.1143132165668,-0.00109262
79.98,7.81489660404637,-0.215291923087554,0.112193454861401,-0.0007002
79.99,7.77629196319632,-0.211845406391802,0.110117746603251,-0.00039426
80,7.79111924038475,-0.211185298180828,0.108085115095734,-0.00017536
80.01,7.78014623774092,-0.207207590369303,0.106094573130218,-0
80.02,7.82078433146429,-0.195837673561448,0.104145239450544,-0
80.03,7.7667776199952,-0.191306066090435,0.102236493505298,-0.00039426
80.04,7.80848409416437,-0.181135720944126,0.100368111020086,-0.00157084
80.05,7.72383969204458,-0.169893723877316,0.0985400096992761,-0.00351118
80.06,7.66978594164439,-0.16303545309669,0.0967519167060763,-0.00618467
80.07,7.62796778049421,-0.160340191727376,0.0950036682597553,-0.00954915
80.08,7.59914434871562,-0.159043397977388,0.0932951651088169,-0.01355157
80.09,7.58133881913204,-0.164777632019321,0.0916263926699025,-0.0181288
80.1,7.55700933222445,-0.157645430754085,0.0900009210466598,-0.02766531
80.11,7.55149133924442,-0.160675819927553,0.0884242308630813,-0.042081
80.12,7.55650286035698,-0.155495451693163,0.0869000620982806,-0.06128907
80.13,7.60954682841253,-0.147853180407162,0.0854324808783108,-0.08519747
80.14,7.62622443842725,-0.144770904393789,0.0840264056853221,-0.11371029
80.15,7.57904770356837,-0.13506380916777,0.0826873725979785,-0.14672926
80.16,7.55701187469176,-0.118584380896027,0.0814211895457676,-0.18415538
80.17,7.54188493232834,-0.106934225325766,0.0802336558851615,-0.2258904
80.18,7.48434091754394,-0.098366308303539,0.0791304218280326,-0.2718384
80.19,7.48898179715101,-0.0912903086748078,0.0781130869555493,-0.31745066
80.2,7.41610307710032,-0.0837280355288555,0.0771810659240201,-0.36264041
80.21,7.38813050472621,-0.0764442269980231,0.076335198955537,-0.40732752
80.22,7.38331369585574,-0.0661557933804414,0.0755755838494435,-0.45143983
80.23,7.34834123281498,-0.0678613219012008,0.0749010308026957,-0.4949142
80.24,7.3678719700413,-0.0675655667907363,0.0743092621203207,-0.53769758
80.25,7.38694389286352,-0.0650349067378001,0.0737973555527319,-0.5797478
80.26,7.35850384375314,-0.0633470016741687,0.0733620531871604,-0.62103426
80.27,7.39336586849498,-0.0535251131091997,0.0729999068356743,-0.66148002
80.28,7.40266536013268,-0.0486449992128104,0.0727079188008484,-0.7016483
80.29,7.46679286952739,-0.0417800780118339,0.0724834758665103,-0.7416998
80.3,7.51930496095546,-0.0282359554920123,0.0723237612794611,-0.78163465
80.31,7.49729954529922,-0.0173186817770035,0.0722258384167907,-0.82145328
80.32,7.50670131014822,-0.00684034682775693,0.072186741661396,-0.86115635
80.33,7.49827602029438,0.000881588395170842,0.0722028264214684,-0.90074482
80.34,7.44677525247455,0.0110013546354232,0.0722614826996046,-0.94021991
80.35,7.41123489621962,0.0242298127869278,0.0723382059498159,-0.9795831
80.36,7.37406626561299,0.0288828651556345,0.0724216282675442,-1.01883612
80.37,7.32827644847453,0.033950989265472,0.0725078515023393,-1.057981
80.38,7.29024971464833,0.0329046693690763,0.0725955130230103,-1.09701997
80.39,7.26864925550982,0.0280707739703293,0.0726841360149218,-1.13595554
80.4,7.25731641307045,0.0295401939259259,0.0727735514556767,-1.17479045
80.41,7.21453662858249,0.0247583384338515,0.0728636938644815,-1.21352768
80.42,7.18590852685552,0.0193449594162416,0.0729545435778108,-1.25217043
80.43,7.15551919440143,0.0161885646764136,0.0730460876506531,-1.29072214
80.44,7.11748158935356,0.0132809707054265,0.0731383193926197,-1.32918643
80.45,7.12103764579093,0.0161519128346198,0.0732312114370764,-1.36756716
80.46,7.12333837048836,0.0209291540631937,0.0733247034253796,-1.40586837
80.47,7.06027545657314,0.0145566620636908,0.073418879950164,-1.44409427
80.48,7.02272392262186,0.00534223906425154,0.0735138107218557,-1.48224927
80.49,7.00916027070442,0.011153396123169,0.0736094554123246,-1.52033793
80.5,6.98018746573073,0.0129608785901023,0.0737058489113358,-1.55836498
80.51,6.94044610821067,0.00784771672880157,0.0738028743260784,-1.59633527
80.52,6.91142899340879,0.00211454220862071,0.0739005672735871,-1.63425381
80.53,6.85940071319953,-0.000453170621023426,0.0739989425862917,-1.67212571
80.54,6.83062311253482,0.0113663072510921,0.074098007868767,-1.7099562
80.55,6.84510401461703,0.0124015861957117,0.0741977646617927,-1.74775061
80.56,6.8068700123192,0.00542714350976959,0.0742980907181521,-1.78551433
80.57,6.7655533927551,-0.00253234466740159,0.0743991761000139,-1.82325286
80.58,6.73014362129833,0.00213047273999176,0.0745009807348029,-1.86097173
80.59,6.70176724925758,0.00631649320058319,0.0746035268693009,-1.89867652
80.6,6.66279901148414,0.0107090240074138,0.0747026200201606,-1.9319162
80.61,6.67825930891427,0.00579184520784976,0.0747929320082312,-1.96069641
80.62,6.63717680391776,0.0108296353365572,0.0748724515224352,-1.98502278
80.63,6.60302326244376,0.0101720681380619,0.0749366949027414,-2.00084945
80.64,6.61220526634378,0.0202423069226005,0.0749802715890353,-2.00818204
80.65,6.63577688299495,0.0153368121530258,0.0750014584705943,-2.00702614
80.66,6.65522907257434,0.00429380801326279,0.0749995514273421,-1.99738727
80.67,6.67867921504133,0.0028959732787077,0.0749742732444265,-1.97927093
80.68,6.65566453853489,0.00668570723785188,0.0749254766706445,-1.95268251
80.69,6.69649149075877,-0.00627928625672041,0.0748573257706895,-1.922084
80.7,6.73942070698455,-0.0122497497091659,0.0747751807419419,-1.88748062
80.71,6.74583433811697,-0.0266477862411411,0.0746807772155686,-1.84887749
80.72,6.78672089259724,-0.0270337820814282,0.0745786556269809,-1.81033112
80.73,6.79199138429846,-0.0258977263802521,0.0744736037939622,-1.77184636
80.74,6.8015995862167,-0.0276994455437579,0.0743676654278137,-1.73342794
80.75,6.85031017168059,-0.0350732873630743,0.0742614635218236,-1.69508042
80.76,6.88702000020325,-0.0256387278035207,0.0741551994913093,-1.65680821
80.77,6.94570082480385,-0.0210323464816025,0.0740489435112871,-1.61861552
80.78,7.00580578094697,-0.0212942851079224,0.0739427343160681,-1.58050639
80.79,6.98602368695963,-0.0179022070980194,0.073836585850578,-1.54248468
80.8,7.05738215341454,-0.011990233562504,0.0737305074938409,-1.50455402
80.81,7.09970480737017,-0.00992696774388306,0.0736245070887099,-1.46671782
80.82,7.18585436081568,-0.0159391753822288,0.0735185914430704,-1.42897931
80.83,7.23597887679847,-0.0241826687799827,0.0734127658096338,-1.39134146
80.84,7.27875521232571,-0.0213811531154372,0.07330703547275,-1.35380701
80.85,7.29541050748247,-0.0110685040919276,0.0732014051715264,-1.31637847
80.86,7.39337442382697,-0.0158017907899914,0.07309587905872,-1.27905807
80.87,7.38895913226221,-0.0204006274801836,0.0729904599595182,-1.24184784
80.88,7.4437174798557,-0.0218660687480008,0.072884817759257,-1.20474951
80.89,7.46815148981261,-0.0170372581098846,0.0727735370147341,-1.16776456
80.9,7.53105368061817,-0.0142211153996043,0.0726410885309167,-1.13089421
80.91,7.50465111511336,-0.0176001216899768,0.0724690366343895,-1.09413942
80.92,7.54186550576963,-0.0257889377988801,0.0722429792600051,-1.05744247
80.93,7.53722342037677,-0.0341713636168941,0.071954833043117,-1.02097893
80.94,7.5237788275241,-0.039347972723046,0.0716019885332624,-0.98490966
80.95,7.51707291648407,-0.0427615374558429,0.071185671096418,-0.94962271
80.96,7.46506283960985,-0.0553432328481115,0.0707091348958497,-0.91509951
80.97,7.46302351143446,-0.0645555264697926,0.0701763489452491,-0.88130946
80.98,7.51623490924431,-0.0732694206820717,0.069591577884864,-0.84821042
80.99,7.53372716126479,-0.0781475594802049,0.0689590301550296,-0.8157493
81,7.59424089244047,-0.079096240611825,0.06828267038719,-0.783863
81.01,7.66165021705641,-0.0872722611759732,0.0675661158248146,-0.75247933
81.02,7.6564616851317,-0.0922369411415435,0.0668126026484486,-0.72151817
81.03,7.71019339736968,-0.0849432778616114,0.0660249879225455,-0.69089275
81.04,7.7280259410703,-0.081996127312025,0.0652057602435126,-0.660511
81.05,7.71551560863619,-0.0816191651198365,0.0643570815402786,-0.63027701
81.06,7.71630242940284,-0.0822793104236498,0.0634808148029959,-0.60009253
81.07,7.68597593493142,-0.0828012416805569,0.0625784718647362,-0.56985853
81.08,7.69223312328375,-0.0799054708496908,0.0616512878849461,-0.53947678
81.09,7.70459179974444,-0.0878118081159658,0.0607002895650528,-0.50885136
81.1,7.69240634570181,-0.0975171116428588,0.0597262437221663,-0.47789021
81.11,7.6648566227278,-0.102364727442921,0.0587296856978055,-0.44650653
81.12,7.6849968326209,-0.0952632773185874,0.0577109578144809,-0.41462023
81.13,7.679080205523,-0.0930874893311957,0.0566702254516155,-0.38215912
81.14,7.63670213691888,-0.0977124091983826,0.055607499861073,-0.34906007
81.15,7.61813795885143,-0.101524306394775,0.0545226615564038,-0.31527002
81.16,7.62932113321459,-0.101024335098136,0.0534154842034995,-0.28074682
81.17,7.6528175627298,-0.0973380869710765,0.0522856589027756,-0.24545987
81.18,7.6848355908863,-0.101133865134282,0.051132777986403,-0.20934301
81.19,7.67395280822291,-0.112075296956838,0.0499568260935625,-0.17292707
81.2,7.70264154468371,-0.121528121286577,0.0487582109624072,-0.13641594
81.21,7.69790498393245,-0.123489456645461,0.0475371812564798,-0.09980973
81.22,7.69927660240704,-0.122590339324301,0.0463246475005079,-0.09957224
81.23,7.72002363343249,-0.122583489888051,0.0451368047946615,-0.09924039
81.24,7.71189691088089,-0.120997621044464,0.04396016600407,-0.0988148
81.25,7.68464246750264,-0.114646119241705,0.0427995146916734,-0.09829629
81.26,7.66114586741138,-0.109032887395742,0.0416631343541216,-0.09768585
81.27,7.65474555366897,-0.107674686524934,0.0405575024967573,-0.09698463
81.28,7.70945814621561,-0.10072798957826,0.039485608635612,-0.09619398
81.29,7.6848429980718,-0.104109684416478,0.0384478600989365,-0.09531539
81.3,7.67378208070022,-0.104363997655641,0.0374432273073517,-0.09435054
81.31,7.67206040780984,-0.103099186068977,0.036470109657796,-0.09330127
81.32,7.66362355783324,-0.098606006192381,0.0355268294433517,-0.09216957
81.33,7.69129543369767,-0.0987275120020983,0.0346118566444537,-0.0909576
81.34,7.69126744113055,-0.0952351185556196,0.0337238029057549,-0.08966767
81.35,7.58360077421819,-0.097409601800924,0.0328614124892664,-0.08830222
81.36,7.60121763185229,-0.0949409451130425,0.0320235132025947,-0.08686387
81.37,7.59771708788463,-0.0884549595240944,0.0312090042231448,-0.08535534
81.38,7.58560339563444,-0.0894892434077929,0.0304168660538121,-0.08377951
81.39,7.56507140440378,-0.0866522877743995,0.0296460738265733,-0.08213938
81.4,7.51622942408001,-0.0733499612507097,0.0288956708291388,-0.08043807
81.41,7.48465364238943,-0.0713413744792883,0.0281647348658962,-0.07867882
81.42,7.53602796266915,-0.0667811853869177,0.0274523855278114,-0.07686498
81.43,7.5201271637276,-0.0570102623184791,0.026757781547851,-0.075
81.44,7.48133793446469,-0.053396707661669,0.0260801198871655,-0.07308743
81.45,7.4964666239548,-0.0437130440936743,0.0254186352332899,-0.07113091
81.46,7.52516955724255,-0.0366072798695809,0.024772599460355,-0.06913417
81.47,7.55676804247324,-0.0416143739835034,0.0241413208989274,-0.06710101
81.48,7.53262598672903,-0.0479133409864661,0.023524143490366,-0.06503529
81.49,7.54668714394339,-0.0467799548712199,0.022920445774108,-0.06294095
81.5,7.55291672539308,-0.0461165765893387,0.0223296398389931,-0.06082198
81.51,7.57562861831645,-0.0463973313246793,0.021751170243866,-0.05868241
81.52,7.6123713520619,-0.0443680927757603,0.0211845128984971,-0.05652631
81.53,7.57793579765746,-0.0500609762307713,0.0206291740225474,-0.05435779
81.54,7.58339378823812,-0.0552627935760889,0.0200846890222125,-0.05218097
81.55,7.60830472562451,-0.0481463100201413,0.0195506214452756,-0.05
81.56,7.55341792794531,-0.0470044905086275,0.0190265619035656,-0.04781903
81.57,7.53715647612824,-0.045599797555663,0.0185121270468302,-0.04564221
81.58,7.50906172731862,-0.0491409201675402,0.0180069584900361,-0.04347369
81.59,7.46996938375759,-0.0564430753680652,0.0175107217984119,-0.04131759
81.6,7.43657912365194,-0.0558907035538828,0.0170231055060244,-0.03917802
81.61,7.43044534190612,-0.0511218526259974,0.0165438201039877,-0.03705905
81.62,7.41041666549702,-0.0380096352436412,0.0160725970217803,-0.03496471
81.63,7.483514753753,-0.0314165533516756,0.015609187751062,-0.03289899
81.64,7.52594073091634,-0.0343198553179896,0.0151533628759752,-0.03086583
81.65,7.52360641125719,-0.0252707411699174,0.0147049110894867,-0.02886909
81.66,7.49297661903327,-0.0269166110387739,0.0142636383827624,-0.02691257
81.67,7.52641082266174,-0.0291298499798417,0.0138293671047161,-0.025
81.68,7.53904658797952,-0.0351507947377409,0.0134019351614483,-0.02313502
81.69,7.53187970598918,-0.0450844830480703,0.0129811951227334,-0.02132118
81.7,7.48772947156858,-0.0536699547571481,0.0125670134272272,-0.01956193
81.71,7.45253606340348,-0.0535642880158563,0.0121592695703573,-0.01786062
81.72,7.45998452373739,-0.0637615672581416,0.011757855361871,-0.01622049
81.73,7.48449235422278,-0.058145475528707,0.011362674126386,-0.01464466
81.74,7.51359672698595,-0.0627733559579402,0.010973644481605,-0.01313613
81.75,7.45904891446357,-0.0697088790038532,0.0105906861224989,-0.01169778
81.76,7.46672977389359,-0.0731424413610004,0.0102137326501569,-0.01033233
81.77,7.492979145217,-0.0694959977755905,0.00984272635018794,-0.0090424
81.78,7.55306401594616,-0.064389395119532,0.0094776176025937,-0.00783043
81.79,7.5596596309055,-0.0593941163325604,0.00911836415475947,-0.00669873
81.8,7.53386483970158,-0.0597416244608721,0.00876493055220831,-0.00564946
81.81,7.55427254372314,-0.0474377108858675,0.00841728755149267,-0.00468461
81.82,7.58310049477878,-0.0411948546954611,0.00807541145128173,-0.00380602
81.83,7.58758315298183,-0.0468406835651411,0.007739283649256,-0.00301537
81.84,7.58684067872378,-0.0401304004579159,0.00740888997573485,-0.00231415
81.85,7.55665793939441,-0.0410193120618931,0.00708422023070849,-0.00170371
81.86,7.53354368399141,-0.0378027677454301,0.00676526764513811,-0.0011852
81.87,7.56297390520828,-0.0429839995665168,0.00645204134316985,-0.00075961
81.88,7.51890595641259,-0.0460953246840498,0.00614452418018031,-0.00042776
81.89,7.50852704889879,-0.038520284887735,0.00584272300753626,-0.00019027
81.9,7.48142301784773,-0.0289143062883308,0.00554659781096371,-0
81.91,7.49008437013135,-0.0378069510236399,0.00525621935235231,-0
81.92,7.49762418531891,-0.0396771240023856,0.00497192386718347,-0.00039426
81.93,7.49433281466032,-0.0439012708592082,0.00469442359445483,-0.00157084
81.94,7.48164457036442,-0.0359560368447028,0.00442450358498733,-0.00351118
81.95,7.50459253004901,-0.0362647199258408,0.00416282043674839,-0.00618467
81.96,7.52450026555937,-0.0361657255723157,0.00391012745568394,-0.00954915
81.97,7.54300139078876,-0.0316164388603924,0.00366727096507214,-0.01355157
81.98,7.54543585258477,-0.02496060401167,0.00343511458685498,-0.0181288
81.99,7.50974889599379,-0.0246525810080028,0.00321445652371169,-0.02320866
82,7.56393851016135,-0.0212295741241267,0.00300597071399797,-0.02871104
82.01,7.55158805891978,-0.0209776206363425,0.00281017419895033,-0.03454915
82.02,7.56705420146785,-0.0185326909626486,0.00262740404395279,-0.04063093
82.03,7.55273063118056,-0.0117383775003361,0.00245780938038486,-0.04686047
82.04,7.56634702928121,-0.0150018378222782,0.00230134841402869,-0.05313953
82.05,7.56931451591248,-0.0110542783813523,0.00215778933189699,-0.05936907
82.06,7.54668300479092,-0.0112495513084807,0.00202671439441735,-0.06545085
82.07,7.53041689626226,-0.0102818046488867,0.00190752732855145,-0.07128896
82.08,7.52162145997062,-0.0029278912835277,0.00179946211500912,-0.07679134
82.09,7.46187369256105,-0.00085517473998941,0.00170159922194549,-0.0818712
82.1,7.45806797626863,-0.00457593562014916,0.00161289156306413,-0.08644843
82.11,7.45786565860454,-0.00926792115206065,0.00153214302632377,-0.09045085
82.12,7.43396841232587,-0.00425423186861416,0.00145808658931751,-0.09381533
82.13,7.46027777265108,0.00425150478966823,0.00138937897730041,-0.09648882
82.14,7.46271188345629,-0.00259752835964146,0.00132463086497854,-0.09842916
82.15,7.46487460522739,-0.0132534087346122,0.00126242232291375,-0.09960574
82.16,7.44268825732893,-0.0233920508394089,0.00120130367066133,-0.09994504
82.17,7.44903316507051,-0.027002158541258,0.00114036364179454,-0.1
82.18,7.46923927223794,-0.0186421086519106,0.00107912464585502,-0.09994504
82.19,7.46384003528872,-0.020550423642957,0.00101698135483431,-0.0997803
82.2,7.48191588465074,-0.0129036965774909,0.000953372515704246,-0.09950613
82.21,7.49061534879572,-0.00949920016616053,0.00088791318532425,-0.09912313
82.22,7.45388063162475,-0.00302824587077227,0.000820393468010027,-0.09863215
82.23,7.48158848501147,0.00613823602697736,0.000750707845635466,-0.09803426
82.24,7.48157486691989,0.0128141905140083,0.00067880300894734,-0.09733078
82.25,7.37477733582531,0.0216273243186817,0.000604646389548448,-0.09652326
82.26,7.36393656825318,0.00835850450309071,0.000528211216082538,-0.09561348
82.27,7.31808393467459,-0.00653827751625869,0.000449471305370142,-0.09460342
82.28,7.31489824964243,-0.00280069714251149,0.000368400493789237,-0.09349532
82.29,7.34248303035129,-0.00962221584139203,0.000284973620636118,-0.0922916
82.3,7.35659539902627,-0.0138516518060118,0.000199167746271746,-0.09099492
82.31,7.37900835358776,-0.0123746282618273,0.000110963118321957,-0.08960812
82.32,7.46391742713189,-0.0190261013261665,2.03438395761819e-05,-0.08813426
82.33,7.47540133869572,-0.00919636736066373,-7.27016920095431e-05,-0.08657657
82.34,7.51001636057242,-0.0122719305236236,-0.000168180480772875,-0.08493847
82.35,7.51082030379237,-0.0139976954548882,-0.000266094677882569,-0.08322357
82.36,7.49852572174779,-0.00811962287276129,-0.000366441392466634,-0.08143564
82.37,7.54021908162858,-0.00255617374792874,-0.000469212117918096,-0.07957861
82.38,7.51262376795711,-0.0087328082075965,-0.000574393837280735,-0.07765656
82.39,7.50164112661875,-0.00851026340079335,-0.000681967634834569,-0.07567371
82.4,7.51653371755451,-0.011903491220085,-0.000791908990765268,-0.07363443
82.41,7.51469104619681,-0.00378723314341324,-0.000904187720302667,-0.07154319
82.42,7.47969610226252,0.00277746741425954,-0.00101876791369752,-0.06940459
82.43,7.49392786005974,-0.000814801618405008,-0.00113560788071371,-0.06722334
82.44,7.43601325751231,-0.00400048008008577,-0.00125466013982538,-0.06500423
82.45,7.41638924136085,-0.00796361062237355,-0.00137587144010353,-0.06275214
82.46,7.40574686845268,-0.0104310126727771,-0.00149918277979487,-0.06047201
82.47,7.37895615246695,-0.00941219159203489,-0.00162452944539135,-0.05816887
82.48,7.332427678082,-0.00948574473275614,-0.0017518410809676,-0.05584777
82.49,7.35392845717198,-0.0104778910946308,-0.00188104180347748,-0.05351381
82.5,7.35353262203863,-0.00861893358497742,-0.00201205027167334,-0.05117213
82.51,7.35441155389682,-0.00695024247483517,-0.00214477982757269,-0.04882787
82.52,7.36596937557786,-0.00630838871091995,-0.00227913879387656,-0.04648619
82.53,7.38692519068169,-0.00803420427111553,-0.00241503016872914,-0.04415223
82.54,7.38966495229553,-0.0122296593321204,-0.00255235222781666,-0.04183113
82.55,7.47107683291336,-0.00969831923477435,-0.00269099861540477,-0.03952799
82.56,7.43625566674622,-0.0189171942697643,-0.00283085855416606,-0.03724786
82.57,7.3916924111346,-0.0163315755300207,-0.00297181697547096,-0.03499577
82.58,7.40305798350084,-0.0159734880717472,-0.00311375482863394,-0.03277666
82.59,7.41908162617775,-0.00909421490275771,-0.00325654930363995,-0.03059541
82.6,7.41688528848068,-0.00615510052165097,-0.00340007407701236,-0.02845681
82.61,7.40744024401489,-0.00613322608854201,-0.00354419956657684,-0.02636557
82.62,7.35402371448231,-0.00843461263537951,-0.00368879320126614,-0.02432629
82.63,7.40334800890322,-0.00205368015374575,-0.00383371972840853,-0.02234344
82.64,7.43439619197484,-0.0029640818530574,-0.00397884148469776,-0.02042139
82.65,7.48861510950708,-0.0076620130889973,-0.00412401868369088,-0.01856436
82.66,7.50434524707654,-0.0095820614637402,-0.00426910975434461,-0.01677643
82.67,7.46023011781459,-0.00726843726036817,-0.00441397161831731,-0.01506153
82.68,7.48535783236542,-0.00839477747494813,-0.00455846002854997,-0.01342343
82.69,7.48436407432411,-0.0114226655331126,-0.00470242980493809,-0.01186574
82.7,7.4537988665534,-0.0142996605460729,-0.00484573526204217,-0.01039188
82.71,7.49258728849466,-0.0137329097444597,-0.0049882305160969,-0.00900508
82.72,7.45554442366506,-0.0127884001816635,-0.00512976978452523,-0.0077084
82.73,7.45642616132063,-0.0161147376908862,-0.00527020773206492,-0.00650468
82.74,7.50012694095209,-0.0177452647558956,-0.00540939979631096,-0.00539658
82.75,7.49109975211354,-0.0103251800504754,-0.00554720251898862,-0.00438652
82.76,7.45827594989941,-0.0113103032091683,-0.00568347405482671,-0.00347674
82.77,7.43782410626595,-0.00629433810819487,-0.00581807398710975,-0.00266922
82.78,7.40578259790177,-0.00154339588137004,-0.00595086417997838,-0.00196574
82.79,7.38970578902117,0.00175452251196273,-0.00608170890224755,-0.00136785
82.8,7.35806343030003,0.00362451852477047,-0.00621047516701389,-0.00087687
82.81,7.32945439801752,-0.00238163336883479,-0.00633703306791025,-0.00049387
82.82,7.32114330477637,-0.00518282312222451,-0.00646125607591712,-0.0002197
82.83,7.3591907342777,0.00275653172328364,-0.00658307283714992,-0
82.84,7.40693927774971,-0.00531193344283945,-0.00670228349318364,-0
82.85,7.40925932080853,-0.0140523864822943,-0.00681844156862811,-0.00039426
82.86,7.42170398314726,-0.0113484897320116,-0.00693074341158962,-0.00157084
82.87,7.46748207090873,-0.0169831363799183,-0.00703829991993134,-0.00351118
82.88,7.5023297442704,-0.0171268791149268,-0.00714032824126648,-0.00618467
82.89,7.522892459121,-0.0151803552594466,-0.00723614818759843,-0.00954915
82.9,7.53130792409657,-0.0113182776621493,-0.00732479122950337,-0.01355157
82.91,7.49360883576933,-0.00381961866906195,-0.0074053521910321,-0.0181288
82.92,7.47586505816172,0.00299296420106337,-0.00747704300793003,-0.02320866
82.93,7.44529668895776,1.00661217720755e-05,-0.00753922057108598,-0.02871104
82.94,7.41066586138276,0.00651264617585952,-0.00759143428587002,-0.03454915
82.95,7.35927541095759,0.0186957056152552,-0.00763339668383001,-0.04063093
82.96,7.30243638099292,0.024166264232136,-0.00766505802840573,-0.04686047
82.97,7.27628624546894,0.0135707129123788,-0.00768661508890099,-0.05313953
82.98,7.32235888795594,0.0226542816149993,-0.00769852336143257,-0.05936907
82.99,7.34310031967298,0.0194690058517878,-0.00770152588981036,-0.06545085
83,7.35405823242546,0.0174977798668864,-0.00769667572660219,-0.07128896
83.01,7.35707710083054,0.021672569825949,-0.00768553088932787,-0.07679134
83.02,7.35683999000237,0.024848043583768,-0.00767001074129622,-0.0818712
83.03,7.44250854549557,0.0189047378312095,-0.00765229811931749,-0.08644843
83.04,7.4777874655373,0.0207364982536779,-0.00763417143610096,-0.09045085
83.05,7.43405086678308,0.0103366681123628,-0.00761668904593935,-0.09381533
83.06,7.42456018522625,0.0123776722517146,-0.0076004592278183,-0.09648882
83.07,7.3973429864788,0.0146627848467896,-0.00758585486770863,-0.09842916
83.08,7.41777821189029,0.0187477133591746,-0.00757310732114965,-0.09960574
83.09,7.44676236400998,0.00999873961243008,-0.0075624108993241,-0.09994965
83.1,7.38708755705293,0.0129337556464121,-0.00755343404193081,-0.1
83.11,7.34790196713691,0.0139670826832417,-0.00754539819416786,-0.09994965
83.12,7.39219859934996,0.00351414978740608,-0.0075378583208596,-0.09979871
83.13,7.38046801236506,-0.000949503518139615,-0.00753066802534704,-0.09954749
83.14,7.44316956411139,-0.00172687682873884,-0.00752378525854401,-0.09919648
83.15,7.42856596669862,-0.0109921794562072,-0.00751720487465755,-0.0987464
83.16,7.43088649771768,-0.0159077632031028,-0.00751093678885336,-0.09819814
83.17,7.45144759150138,-0.0178594142946544,-0.00750499971165226,-0.09755283
83.18,7.51465093534998,-0.0155005229488983,-0.00749942048484772,-0.09681174
83.19,7.50331147839423,-0.00356248260329614,-0.00749423562245465,-0.09597639
83.2,7.48940987979289,0.00209064645448111,-0.00748949354633769,-0.09504844
83.21,7.45637695762479,0.00124915847067884,-0.00748525925661488,-0.09402978
83.22,7.47586898282415,0.00125460832041203,-0.00748161569654003,-0.09292244
83.23,7.48228655402817,0.00627865041479617,-0.00747866721913269,-0.09172866
83.24,7.50358078511118,-0.00177517388603223,-0.00747654222390374,-0.09045085
83.25,7.47307162138894,-0.00810694930617045,-0.00747539241511258,-0.08909157
83.26,7.45076409699304,-0.0115393798614136,-0.00747539094806698,-0.08765357
83.27,7.47434662589736,-0.0176793245795199,-0.00747672806108703,-0.08613974
83.28,7.51252560213239,-0.0210042523456539,-0.00747960503187232,-0.08455313
83.29,7.47307449966304,-0.0157240938460151,-0.0074842332412928,-0.08289694
83.3,7.46950968727862,-0.0161191779300225,-0.00749080170782426,-0.08117449
83.31,7.4671837067688,-0.00353477831504534,-0.0074995099048744,-0.07938926
83.32,7.45022651874682,-0.00143233076501075,-0.00751053431405188,-0.07754485
83.33,7.49620810615257,-0.00199194623084611,-0.00752403097193773,-0.07564496
83.34,7.5135977143938,0.000979187727867394,-0.00754013532261331,-0.07369343
83.35,7.48853516081348,0.00636562336498125,-0.00755903043903844,-0.07169419
83.36,7.49289322291504,-0.00710642639992242,-0.00758073960254869,-0.06965125
83.37,7.50795646607464,-0.0183572308255211,-0.0076053498348311,-0.06756874
83.38,7.45277594783171,-0.0272988607074443,-0.00763289284804804,-0.06545085
83.39,7.45126278211961,-0.0261924159288184,-0.00766340959423423,-0.06330184
83.4,7.42744380009367,-0.0198317100941675,-0.00769691731846857,-0.06112605
83.41,7.46251099378385,-0.024854972048268,-0.00773339655558546,-0.05892784
83.42,7.45185302483231,-0.026599298911903,-0.00777282002967286,-0.05671166
83.43,7.45879309224169,-0.00637102732354275,-0.00781009426236585,-0.05989612
83.44,7.41490720514222,0.00239773984631904,-0.00783791144740271,-0.0684857
83.45,7.4495100572437,0.0153561087759636,-0.00785115426941219,-0.08248492
83.46,7.43088072652931,0.01882796941288,-0.00784427845743222,-0.10189829
83.47,7.38965235187696,0.0166963975746157,-0.00781065921901928,-0.12673034
83.48,7.32091152977958,0.0194368096931564,-0.00774631530046208,-0.15698556
83.49,7.30391865383715,0.0154706947820853,-0.00765786065170283,-0.19266845
83.5,7.26644467746325,0.0124772550796927,-0.00755080527933052,-0.23378348
83.51,7.31288490337373,0.0249689938202588,-0.00742707866714085,-0.28033506
83.52,7.25287485722309,0.0180389381997287,-0.00729233207106333,-0.32691343
83.53,7.23398821953212,0.00434683041807922,-0.00715331833827976,-0.37352292
83.54,7.21069236357793,0.00676407100619763,-0.00701246770126493,-0.42016779
83.55,7.20282132331737,0.0149619523342138,-0.00687047167452724,-0.46685224
83.56,7.14137880261352,0.0170244273269701,-0.00672763791712686,-0.51358037
83.57,7.10977314961346,0.00804317173696231,-0.00658409886732444,-0.56035622
83.58,7.01258950129665,-0.00177599578050144,-0.00643989014401771,-0.60718372
83.59,6.9738818379472,0.00278182677801288,-0.00629501761905601,-0.65406669
83.6,6.94757318017216,0.0193963280834026,-0.00614947686372069,-0.70100884
83.61,6.8911105524757,0.00600533445692231,-0.00600326000000087,-0.74801377
83.62,6.81038390810147,-8.14658922616656e-05,-0.00585635811271827,-0.79508496
83.63,6.75206814515648,0.0104401673082972,-0.00570876213735644,-0.84222573
83.64,6.71004632594783,0.00740498729895318,-0.00556046317182216,-0.88943928
83.65,6.64422831278642,0.00623589506334094,-0.00541145258778455,-0.93672866
83.66,6.59673732182743,0.00288397663651977,-0.00526159189492205,-0.98409676
83.67,6.50938572167618,0.00685810749136177,-0.00511108988397488,-1.03154633
83.68,6.47514096079815,0.0204287783621361,-0.00495986824813046,-1.07907993
83.69,6.44888574588692,0.02350453844972,-0.00480790955139994,-1.12669998
83.7,6.47639131291383,0.0160450583037574,-0.00465520346453166,-1.17440869
83.71,6.42920953965644,0.0286898116494928,-0.00450174245876005,-1.22220813
83.72,6.44347217764162,0.0268595874710119,-0.00434747671000397,-1.27010015
83.73,6.39815156140181,0.0298512496368919,-0.00419246578151112,-1.31808645
83.74,6.31660955938012,0.0208423896485027,-0.00403669087616471,-1.36616852
83.75,6.24438499169298,0.0203039814379778,-0.00388014269279983,-1.41434764
83.76,6.21432232095555,0.0142481370222651,-0.00372281564580958,-1.46262494
83.77,6.11856968574745,0.0154659262531149,-0.00356470579127523,-1.51100131
83.78,6.09508740138349,0.0115818131593873,-0.00340581011255006,-1.55947747
83.79,5.97505213382656,0.0144129435533761,-0.00324617276475513,-1.60800356
83.8,5.92992969545928,0.00773789222192424,-0.00308571326997803,-1.65673094
83.81,5.93731524316642,0.0145063057129198,-0.00292409282470808,-1.70585259
83.82,5.93950463615065,0.012077072542709,-0.00276066120457582,-1.75575655
83.83,5.89920164927925,0.0168266564973638,-0.00259482315317466,-1.80642426
83.84,5.82953694798352,0.0201885793040645,-0.00242647009431138,-1.85782513
83.85,5.73023936861484,0.00944551893457101,-0.00225559462890705,-1.909917
83.86,5.698182600972,0.0113198393499016,-0.00208227578974065,-1.96264679
83.87,5.65389537278365,0.0226878170032834,-0.00190664251916794,-2.01595141
83.88,5.59606602056397,0.0209102258524514,-0.00172885912270029,-2.06975865
83.89,5.46445907958487,0.0223062689669213,-0.00154911829405199,-2.1239884
83.9,5.41344103231515,0.025292908457963,-0.00136763645368379,-2.1785539
83.91,5.35838340235465,0.0243229976194171,-0.00118464984926137,-2.23336306
83.92,5.30572099858642,0.0319210324419722,-0.00100041061597609,-2.28831998
83.93,5.24937756991818,0.0365952460078314,-0.000815182752113144,-2.34332642
83.94,5.27835274575705,0.0536773480320612,-0.000629237962464993,-2.39828334
83.95,5.45921176322486,0.0916132115044036,-0.000442851379278474,-2.4530925
83.96,5.79785995416506,0.159984800579345,-0.000254934806030303,-2.507658
83.97,6.26247651888473,0.255072745831257,0,-2.56188775
83.98,6.91140309615082,0.370428403649162,0.00247768173738966,-2.61569499
83.99,7.66258883536951,0.495220373883776,0.00693830227628053,-2.66899961
84,8.56415040720109,0.631650587736749,0.0131406567372376,-2.72172941
84.01,9.50654528820297,0.755489449768689,0.0207640831746084,-2.77382127
84.02,10.4377340884976,0.878342381214406,0.0295422298140788,-2.82522214
84.03,11.3871602302955,0.988948999552866,0.0392970324344946,-2.87588986
84.04,12.2323404809517,1.0791158389619,0.0499191967196678,-2.92579381
84.05,13.0594742573813,1.15527938914326,0.0613381299979954,-2.97486787
84.06,13.7738592902103,1.21502839542598,0.0735055370122654,-3.02364284
84.07,14.4159748448843,1.26073541490185,0.0863473542064948,-3.07232263
84.08,14.9450269253416,1.29944707090067,0.0996278443366875,-3.12090734
84.09,15.3810848252681,1.32747842622692,0.113072366854595,-3.16939722
84.1,15.6453980957565,1.325872369643,0.126497503176385,-3.21779275
84.11,15.8794015439225,1.32284270148224,0.139813943061293,-3.26609454
84.12,15.9747731699352,1.30406712766789,0.152989724233795,-3.31430341
84.13,16.1148413814714,1.29885104301951,0.166021257373746,-3.36242035
84.14,16.1825071144656,1.2954490160924,0.178914093932571,-3.41044652
84.15,16.2573815872956,1.27801918623754,0.191674649521759,-3.45838324
84.16,16.3639751178948,1.25398132155729,0.204307462623772,-3.50623204
84.17,16.4653808811134,1.24467623866168,0.216815231975976,-3.55399457
84.18,16.5227885052557,1.21702334637678,0.229199548861436,-3.60167268
84.19,16.6709520684953,1.20425346067054,0.241461471894442,-3.64926836
84.2,16.7933386293194,1.18537634829313,0.253601920792508,-3.69678377
84.21,16.9275777250784,1.16261646870183,0.265619595953876,-3.73880706
84.22,17.0204902476407,1.15392006168446,0.277511069354475,-3.77534069
84.23,17.0737450978696,1.15120178227319,0.289273880925824,-3.80638726
84.24,17.1712968825541,1.13480986803434,0.300905832472499,-3.8319495
84.25,17.2634574223195,1.13312641222516,0.312404801026048,-3.85203028
84.26,17.332332194451,1.12909297900068,0.32376234382098,-3.85207041
84.27,17.4282710655387,1.12305953319057,0.334963593468783,-3.83207299
84.28,17.4865034109719,1.10871407399828,0.34599648683441,-3.79204128
84.29,17.6208656876523,1.0901864320947,0.356849694279545,-3.73197861
84.3,17.7396203849701,1.06470099526077,0.367513954702071,-3.65730261
84.31,17.9119136896507,1.04888962418155,0.377982251361055,-3.5680168
84.32,17.9926295760493,1.02196546825103,0.388245609417605,-3.46412484
84.33,18.1324500414401,0.991079550372387,0.398294519099646,-3.34563046
84.34,18.229562618503,0.962629395362158,0.40811919177775,-3.21253744
84.35,18.3968715349621,0.934868648828732,0.417716472905923,-3.07941187
84.36,18.5421558276835,0.918303346490713,0.427089651534015,-2.94625768
84.37,18.6767681318394,0.89814220228572,0.436238847252772,-2.81307886
84.38,18.7831543502998,0.871581474037403,0.445163194742849,-2.67987944
84.39,18.9785227976929,0.844110721745196,0.453862132111247,-2.54666349
84.4,19.0726286462784,0.819495161639956,0.462335000652122,-2.41343511
84.41,19.2572799451401,0.806816861936211,0.470581734997085,-2.28019844
84.42,19.3793070254321,0.791416181876082,0.478602479773815,-2.14695762
84.43,19.4924196563193,0.759925515989008,0.486397408106972,-2.0137168
84.44,19.661984673478,0.731487070722151,0.493966687047534,-1.88048013
84.45,19.7554213504784,0.714615490303536,0.501310457146213,-1.74725176
84.46,19.8993562430856,0.698771096049529,0.508428829082896,-1.61403581
84.47,20.0429770689733,0.68099476986675,0.515321915515648,-1.48083639
84.48,20.0909901541687,0.6554481305641,0.521989846586566,-1.34765756
84.49,20.23131351045,0.633771967594509,0.52843272961615,-1.21450337
84.5,20.2732558869079,0.615118415291651,0.534650608041275,-1.0813778
84.51,20.3237069788549,0.594601336549145,0.540643600528819,-0.94828479
84.52,20.4687737905785,0.574114038987433,0.546411967777595,-0.8152282
84.53,20.5537430614538,0.558755207025867,0.551955787628282,-0.68221183
84.54,20.6548673069979,0.540043149620728,0.557275174235685,-0.54923941
84.55,20.7606638272552,0.510676848308153,0.562379550857064,-0.43087678
84.56,20.8299183952807,0.48871255261381,0.567285555130124,-0.3271275
84.57,20.9335475246104,0.470551817072511,0.572005532282474,-0.23799501
84.58,21.0032896053483,0.450662835452087,0.576552021531647,-0.16348268
84.59,20.7832519406137,0.377112053661161,0.580939265715958,-0.10359372
84.6,20.1545359848289,0.208235303587381,0.585183333310369,-0.05833128
84.61,19.2023090750962,0.00437671258661201,0.589301546279972,-0.02769834
84.62,18.0600733566362,-0.213480394078619,0.592138018809654,-0.01169778
84.63,16.777271010514,-0.432498047281883,0.588239595739569,-0.01033233
84.64,15.4534208158573,-0.655156601631647,0.579891988749824,-0.0090424
84.65,14.0985655691581,-0.870423249936753,0.569443736811014,-0.00783043
84.66,12.9754220124816,-1.02651536316634,0.558194363112774,-0.00669873
84.67,12.3145366714388,-1.08686255216375,0.546820387245735,-0.00564946
84.68,11.9133515429823,-1.09860973851692,0.535621512945027,-0.00468461
84.69,11.69841128817,-1.08807968115134,0.524688772846783,-0.00380602
84.7,11.58236493253,-1.07879619161443,0.514019422479008,-0.00301537
84.71,11.5277527080142,-1.05369341431325,0.50358427900756,-0.00231415
84.72,11.4707783465748,-1.02845493441634,0.493355814353146,-0.00170371
84.73,11.3996493524184,-1.00555926976063,0.483317677394079,-0.0011852
84.74,11.241920210899,-0.973800736150722,0.473462549582642,-0.00075961
84.75,11.1086811451946,-0.955512917948856,0.463787303197897,-0.00042776
84.76,11.0310319789905,-0.945609510222691,0.45429093334727,-0.00019027
84.77,10.9082585912079,-0.914799377716193,0.444972261715453,-0
84.78,10.7792400480965,-0.908370522141983,0.435829594129837,-0
84.79,10.6818156672746,-0.893573060689709,0.426861044911071,-0.00039426
84.8,10.5580435801001,-0.879001039948394,0.418064788586417,-0.00157084
84.81,10.5059597583438,-0.873914482211238,0.409439039654064,-0.00351118
84.82,10.4482280526848,-0.856917033542272,0.400981902239246,-0.00618467
84.83,10.3632142023363,-0.835915314161898,0.39269147702573,-0.00954915
84.84,10.3209664052481,-0.831207909991843,0.384565874854913,-0.01355157
84.85,10.2447374681511,-0.807769967410796,0.376603237599319,-0.0181288
84.86,10.1072412724564,-0.789158591450899,0.36880167452115,-0.02320866
84.87,10.0690208021268,-0.77589834924834,0.361159285903041,-0.02871104
84.88,9.94466300267775,-0.754693866162891,0.353674095706544,-0.03454915
84.89,9.85461522083524,-0.732497960421764,0.346344038434226,-0.04063093
84.9,9.70509574975195,-0.711209850708971,0.3391672198995,-0.04686047
84.91,9.61415351861517,-0.68920758360853,0.332141379733286,-0.05313953
84.92,9.51676030845554,-0.675805464356993,0.325264201123911,-0.05936907
84.93,9.46122280396933,-0.669908872940957,0.318533245123827,-0.06545085
84.94,9.36466884624386,-0.655833281922271,0.311946401889523,-0.07128896
84.95,9.29148121047345,-0.639671143199684,0.305501194007602,-0.07679134
84.96,9.21453555201044,-0.634574563425187,0.299195079091592,-0.0818712
84.97,9.19338463242236,-0.624193155018418,0.29302544776539,-0.08644843
84.98,9.08097150780292,-0.615980655358223,0.286989638343856,-0.09045085
84.99,9.05928741010542,-0.594654928598002,0.281085023409528,-0.09381533
85,9.06787945762335,-0.575025172192717,0.275308866185347,-0.09648882
85.01,9.04136133901451,-0.561291050580316,0.269658322793647,-0.09842916
85.02,9.00498752352317,-0.546581889842511,0.264130594450634,-0.09960574
85.03,9.01420635052799,-0.534051359491604,0.25872283057014,-0.09994965
85.04,8.95723129857139,-0.524388998794403,0.253432396182819,-0.1
85.05,8.94671529836898,-0.511131182763625,0.248257127181094,-0.09994965
85.06,8.88817386479621,-0.507361775807447,0.243194771910116,-0.09979871
85.07,8.7794529790073,-0.487966120094098,0.238243013506038,-0.09954749
85.08,8.69615744170805,-0.473416084148662,0.233399580170612,-0.09919648
85.09,8.69697739051104,-0.461987468428481,0.228662271792098,-0.0987464
85.1,8.63399556979144,-0.44822198304109,0.224028952274126,-0.09819814
85.11,8.55654543210856,-0.43622506241179,0.219497569191853,-0.09755283
85.12,8.50159971526488,-0.424694101574085,0.215065984155639,-0.09681174
85.13,8.47788327718499,-0.422072254308366,0.210732141301434,-0.09597639
85.14,8.44831237547814,-0.427379393710293,0.206494000390568,-0.09504844
85.15,8.41802949836412,-0.424105246354547,0.202349535496933,-0.09402978
85.16,8.32994026854849,-0.420363812160771,0.198296735176842,-0.09292244
85.17,8.28473631583238,-0.414985953604825,0.194333606940904,-0.09172866
85.18,8.32506119086636,-0.40733146811089,0.190458180387717,-0.09045085
85.19,8.33359659881789,-0.402637518944762,0.186668507427375,-0.08909157
85.2,8.30636928921141,-0.381314750671901,0.182962665945692,-0.08765357
85.21,8.3009999696914,-0.369068828345366,0.179338756448429,-0.08613974
85.22,8.31154255045163,-0.358643765706336,0.175794904426137,-0.08455313
85.23,8.33412320577918,-0.357480687832272,0.172329261228842,-0.08289694
85.24,8.31591712943533,-0.349444393834973,0.16894000417481,-0.08117449
85.25,8.26036710604953,-0.34045670968505,0.165625335650543,-0.07938926
85.26,8.19011061522552,-0.323134450164934,0.162383490161997,-0.07754485
85.27,8.1608152630212,-0.316998969672319,0.15921272485445,-0.07564496
85.28,8.11584188632967,-0.311421638371561,0.156111329880753,-0.07369343
85.29,8.0607983961342,-0.303063050848309,0.153077622530263,-0.07169419
85.3,8.01608407670474,-0.282716340926722,0.150109958294431,-0.06965125
85.31,8.00426513573154,-0.280635940337925,0.147206698334617,-0.06756874
85.32,7.99039643367112,-0.271257995890587,0.144366245648663,-0.06545085
85.33,8.02439709969191,-0.269507842539142,0.141587061272959,-0.06330184
85.34,8.03292924988998,-0.267885601194085,0.13886761188547,-0.06112605
85.35,8.01772548798234,-0.257220286170368,0.136206401330631,-0.05892784
85.36,7.99829592572846,-0.255092924453171,0.133601967530349,-0.05671166
85.37,8.01200616572907,-0.253811433618008,0.131052880876165,-0.05448197
85.38,7.97388518083246,-0.242046328966332,0.128557744293312,-0.05224324
85.39,7.9616471777569,-0.238371885190389,0.126115192874917,-0.05
85.4,7.91142930954772,-0.235553531446351,0.123723894462388,-0.04775676
85.41,7.84942067920955,-0.229392411867454,0.121382549876372,-0.04551803
85.42,7.83170028748902,-0.218616530243883,0.119089893533686,-0.04328834
85.43,7.84239682829303,-0.215574081812983,0.116844691314946,-0.04107216
85.44,7.81186409353014,-0.219255657150222,0.114645743498603,-0.03887395
85.45,7.80251009735532,-0.223497733189336,0.11249188267852,-0.03669816
85.46,7.77844384722369,-0.21572199316349,0.110381973950218,-0.03454915
85.47,7.7728382117181,-0.215320925692976,0.108314914662043,-0.03243126
85.48,7.77387055549124,-0.214880294222886,0.106289634167056,-0.03034875
85.49,7.7919444140399,-0.214057550154723,0.104305110482524,-0.02830581
85.5,7.74937682601797,-0.197403669482986,0.102360302075395,-0.02630657
85.51,7.73542575316732,-0.183783415028867,0.100454250735443,-0.02435504
85.52,7.74293204572309,-0.169411134133866,0.0985860088456669,-0.02245515
85.53,7.73041999160778,-0.173074633229502,0.0967546587590366,-0.02061074
85.54,7.77551931976533,-0.162791228109095,0.0949593142975375,-0.01882551
85.55,7.83571342169203,-0.161520709781275,0.093199117398659,-0.01710306
85.56,7.81970585092999,-0.16153051022885,0.091473237817388,-0.01544687
85.57,7.84019310445576,-0.167602268138775,0.0897809102859599,-0.01386026
85.58,7.81374607538934,-0.165497279245151,0.0881213050108646,-0.01234643
85.59,7.75596092491639,-0.165391095240572,0.0864936854217459,-0.01090843
85.6,7.78970146869817,-0.15322207636185,0.0848973342743019,-0.00954915
85.61,7.74272483836871,-0.15509222601007,0.0833315531041714,-0.00827134
85.62,7.67190760851884,-0.145918921274389,0.0817956665028141,-0.00707756
85.63,7.64873472457436,-0.148195854900481,0.0802890211571255,-0.00597022
85.64,7.65782058616548,-0.140972155014288,0.0788109870616586,-0.00495156
85.65,7.65883941401317,-0.143411756033931,0.0773609572518869,-0.00402361
85.66,7.70603347858033,-0.14441787012394,0.0759383462693787,-0.00318826
85.67,7.6616132490581,-0.150780158393802,0.0745425893757729,-0.00244717
85.68,7.69288140524765,-0.145828637719463,0.0731731413726013,-0.00180186
85.69,7.6763583213111,-0.14729370366451,0.0718294759426508,-0.0012536
85.7,7.69448384030814,-0.138495865295486,0.0705110846724615,-0.00080352
85.71,7.63456743139423,-0.148434107775374,0.0692174764510491,-0.00045251
85.72,7.64649378462811,-0.14531970241697,0.0679481766153367,-0.00020129
85.73,7.61405280512747,-0.146052925649884,0.0667026849400504,-0
85.74,7.62152111815744,-0.134093060337003,0.065480616062159,-0
85.75,7.57201174304384,-0.13723949579956,0.0642818686501671,-0.00039426
85.76,7.63814654083389,-0.131318389761096,0.0631066748043976,-0.00157084
85.77,7.61985204416321,-0.136576319305701,0.0619553743793145,-0.00351118
85.78,7.64865493202168,-0.122579059075713,0.0608281993257323,-0.00618467
85.79,7.64409377572448,-0.114222940361836,0.0597254617242182,-0.00954915
85.8,7.63763997969666,-0.104158517306601,0.058647553887822,-0.01355157
85.81,7.59951503950901,-0.108368151853634,0.05759489894934,-0.0181288
85.82,7.5883668271198,-0.100037916069923,0.0565678772099972,-0.02320866
85.83,7.55119590459224,-0.100079853737898,0.0555667709196429,-0.02871104
85.84,7.53913454181859,-0.0921782384157571,0.0545917218985487,-0.03454915
85.85,7.53884212470782,-0.0917298473197266,0.0536427522724941,-0.04063093
85.86,7.52151427673874,-0.0915717763899465,0.0527197167395124,-0.04686047
85.87,7.52471020965243,-0.0914641139739769,0.0518223125691044,-0.05313953
85.88,7.55111891168244,-0.0865577664890503,0.0509500787558479,-0.05936907
85.89,7.52136016416132,-0.0879493867756941,0.0501023976197907,-0.06545085
85.9,7.4846949397955,-0.0789118467361343,0.0492784962436632,-0.07128896
85.91,7.49414262989205,-0.073424770420311,0.0484774607602329,-0.07679134
85.92,7.51370109135392,-0.074973150288044,0.0476982316625433,-0.0818712
85.93,7.52396987627298,-0.0763913744436414,0.0469396229704046,-0.08644843
85.94,7.53578490429352,-0.0737652378346887,0.0462003348087092,-0.09045085
85.95,7.57159021390439,-0.0710601475653207,0.0454789679081317,-0.09381533
85.96,7.62497728413943,-0.0664448335340829,0.0447740414277785,-0.09648882
85.97,7.62798730082029,-0.0664105869984289,0.0440840120819528,-0.09842916
85.98,7.61408079370807,-0.0641199465449127,0.0434072938689168,-0.09960574
85.99,7.58141530103551,-0.0680906424203728,0.0427422010147146,-0.09993977
86,7.55426415542878,-0.0750399843117758,0.0420875908692498,-0.1
86.01,7.52653638740298,-0.066693252548429,0.0414427137856508,-0.09993977
86.02,7.50253336316342,-0.0651986037634001,0.0408066692826471,-0.09975924
86.03,7.45916329412077,-0.0674412434650577,0.0401786193666178,-0.09945883
86.04,7.45831272141215,-0.0718250826289814,0.0395579203621619,-0.09903926
86.05,7.44112118084217,-0.073583897329554,0.0389441173675188,-0.09850156
86.06,7.45648525974506,-0.0630096445770415,0.0383368786160972,-0.09784702
86.07,7.46438201844207,-0.0582407207319655,0.0377359419827277,-0.0970772
86.08,7.44909364426256,-0.0660036811014361,0.0371410759604874,-0.09619398
86.09,7.41973303299809,-0.0679140642900664,0.0365520612899041,-0.09519946
86.1,7.42057505812367,-0.0653391742367126,0.0359686845216103,-0.09409606
86.11,7.39572333923038,-0.0620878114789744,0.0353907372792176,-0.09288643
86.12,7.43218857392647,-0.0479952869702983,0.0348180176283163,-0.09157348
86.13,7.42789905988096,-0.045725841571602,0.0342503316955464,-0.09016038
86.14,7.41388515533263,-0.0372227351369519,0.0336874948791774,-0.08865052
86.15,7.4676947717888,-0.0346344764416828,0.0331293325405808,-0.08704756
86.16,7.4972007600779,-0.0334425650961282,0.032575680356931,-0.08535534
86.17,7.49172906870999,-0.0339794309275359,0.0320263844573484,-0.08357795
86.18,7.52363988648135,-0.0391592810146563,0.03148130142538,-0.08171966
86.19,7.48445797982048,-0.0504285320198831,0.0309402983499721,-0.07978497
86.2,7.48898016288229,-0.0517779974917922,0.0304032527686235,-0.07777851
86.21,7.51579944980874,-0.0560432625451495,0.0298700526169843,-0.07570514
86.22,7.50364640668616,-0.054597430263253,0.0293405962089312,-0.07356984
86.23,7.47636438681188,-0.0532408430030366,0.0288147921563677,-0.07137775
86.24,7.5416664278331,-0.0551840380948966,0.0282925593159502,-0.06913417
86.25,7.54252694431591,-0.0449781630344501,0.0277738266800662,-0.06684449
86.26,7.52048786708029,-0.0442856350565543,0.0272585338696042,-0.06451423
86.27,7.5467656049815,-0.0449485815829052,0.0267466290618426,-0.06214901
86.28,7.52580422887258,-0.041402942826259,0.0262380708825905,-0.05975452
86.29,7.48726177152579,-0.0368949152505909,0.0257328274677643,-0.05733652
86.3,7.4757501735044,-0.0387402149578088,0.0252308763473428,-0.05490086
86.31,7.42262089515405,-0.0362175372788728,0.024732204212914,-0.05245338
86.32,7.42307339922897,-0.0380865091854176,0.0242368066641637,-0.05
86.33,7.46956952305741,-0.0418105586740399,0.0237446880244782,-0.04754662
86.34,7.44321563146053,-0.035181497314287,0.0232558609963532,-0.04509914
86.35,7.43983988933609,-0.0439738000118767,0.0227703464658134,-0.04266348
86.36,7.44535911209178,-0.0498320706267267,0.0222881731622984,-0.04024548
86.37,7.5088728527163,-0.0511748038822701,0.0218093773842925,-0.03785099
86.38,7.52674107398614,-0.051643836647487,0.0213340027027897,-0.03548577
86.39,7.52327191358689,-0.0486356029135662,0.0208620995518883,-0.03315551
86.4,7.58497461045225,-0.0464146999421421,0.020393724945108,-0.03086583
86.41,7.56475611460384,-0.0551353606814312,0.0199289432303596,-0.02862225
86.42,7.60650302287463,-0.0450604661960037,0.0194678225412578,-0.02643016
86.43,7.58893950959371,-0.0455371389989611,0.0190104374490088,-0.02429486
86.44,7.55399109482324,-0.040314021598456,0.0185568676086792,-0.02222149
86.45,7.57854098604783,-0.0394764141640526,0.0181071973842911,-0.02021503
86.46,7.53685894035551,-0.0476023389715251,0.017661515426411,-0.01828034
86.47,7.47347403454056,-0.0459522411076622,0.0172199142692431,-0.01642205
86.48,7.53413140387298,-0.0416404144275435,0.0167824899484951,-0.01464466
86.49,7.50557441996182,-0.0346937538918667,0.0163493415341844,-0.01295244
86.5,7.55554603284922,-0.0268179873610317,0.0159205707609888,-0.01134948
86.51,7.56810666350445,-0.0273834781209291,0.0154962815680676,-0.00983962
86.52,7.53135124290291,-0.023107942751652,0.015076579643789,-0.00842652
86.53,7.59225939020009,-0.0176300684535046,0.0146615720706708,-0.00711357
86.54,7.57078727407063,-0.0143064625984773,0.01425136682348,-0.00590394
86.55,7.5062073232745,-0.0136221911197399,0.0138460723676229,-0.00480054
86.56,7.47265233718838,-0.0225742971623301,0.013445797215964,-0.00380602
86.57,7.45994857548727,-0.0328648078480024,0.0130506495449514,-0.0029228
86.58,7.44080370965571,-0.0357054702379222,0.0126607367137473,-0.00215298
86.59,7.47357153082482,-0.0326366714111878,0.0122761648337696,-0.00149844
86.6,7.47452728288369,-0.0420648985484425,0.0118970384461418,-0.00096074
86.61,7.52971329288733,-0.0475498417455886,0.0115234599758377,-0.00054117
86.62,7.51283021110472,-0.0547545594858365,0.0111555294203288,-0.00024076
86.63,7.5817840731991,-0.0539205643657328,0.0107932888309599,-0
86.64,7.57662959290781,-0.0432232618388041,0.0104369159891396,-0
86.65,7.6075267748274,-0.0412657853418839,0.0100868268708828,-0.00039426
86.66,7.5944032273726,-0.0493708192851263,0.00974376939918256,-0.00157084
86.67,7.57609964242048,-0.0414786139667034,0.00940858194950361,-0.00351118
86.68,7.48255215872892,-0.0422540775564627,0.00908198505129088,-0.00618467
86.69,7.53417399412039,-0.0330729601085567,0.00876475170740264,-0.00954915
86.7,7.5016015252231,-0.0349704255750025,0.00845776201441317,-0.01355157
86.71,7.51495521634297,-0.0406461476401818,0.00816190241883857,-0.0181288
86.72,7.48115767928613,-0.0268300487049014,0.00787798945532513,-0.02320866
86.73,7.45861210230829,-0.0152762129597224,0.00760671462026781,-0.02871104
86.74,7.4549079716939,-0.00852309473474414,0.00734861354465938,-0.03454915
86.75,7.49691389601145,-0.00461580563115685,0.00710404375774183,-0.04063093
86.76,7.47938836803942,-0.00490271263047953,0.00687317703507259,-0.04686047
86.77,7.45217279329101,0.00104276327637794,0.00665599642667326,-0.05313953
86.78,7.4236884243739,0.00792521873776209,0.00645229709959916,-0.05936907
86.79,7.39596031761479,-0.0116943670953565,0.00626169019538322,-0.06545085
86.8,7.39163712898106,-0.0174775535472328,0.00608360975553615,-0.07128896
86.81,7.43109482372588,-0.0210805861618429,0.00591732095416052,-0.07679134
86.82,7.42432643213553,-0.0161955274135963,0.00576193367821503,-0.0818712
86.83,7.4339645225879,-0.0151177635727397,0.00561641721647563,-0.08644843
86.84,7.4451561584314,-0.0175458721542082,0.00547961789030925,-0.09045085
86.85,7.46195770041368,-0.0226965852949541,0.00535027959282846,-0.09381533
86.86,7.50681998601225,-0.0123011926642159,0.00522706549252713,-0.09648882
86.87,7.49878001435521,-0.0203510544903017,0.00510858144356278,-0.09842916
86.88,7.44542638925258,-0.0107885052923926,0.00499339982472695,-0.09960574
86.89,7.48055152057532,-0.0193736882666734,0.0048800332175228,-0.09994665
86.9,7.44523047335755,-0.0257593243455958,0.00476750520576129,-0.1
86.91,7.4331825258212,-0.0213197570441227,0.00465528055523854,-0.09994665
86.92,7.40781977494311,-0.0185261163500084,0.00454269477195433,-0.09978671
86.93,7.400075926771,-0.0219109962693901,0.00442912704266013,-0.09952052
86.94,7.38677356526943,-0.0135472031184042,0.00431415960794646,-0.09914865
86.95,7.40693647631307,-0.0252232352457218,0.00419756325801245,-0.0986719
86.96,7.39924128033979,-0.0152873646565894,0.00407922997736708,-0.09809128
86.97,7.40599276881032,-0.0180210349259591,0.00395911411681543,-0.09740803
86.98,7.40486864722822,-0.0248393270010076,0.00383719545850872,-0.09662361
86.99,7.45320032041585,-0.0284467047794129,0.00371346065356731,-0.09573969
87,7.41850226405,-0.0305312013804544,0.00358789617061943,-0.09475816
87.01,7.43511635450922,-0.0317699635255139,0.00346048699395139,-0.09368112
87.02,7.41926131575663,-0.0301827283900438,0.00333121752283868,-0.09251086
87.03,7.4075303173063,-0.0331813640904372,0.00320007293397887,-0.09124987
87.04,7.37545126933298,-0.026022025710448,0.00306704037633132,-0.08990086
87.05,7.37839059230131,-0.0211470208462504,0.00293210992749181,-0.0884667
87.06,7.40878600696738,-0.0263867798042995,0.00279527465786197,-0.08695045
87.07,7.41699106376691,-0.019242029839921,0.00265653146744111,-0.08535534
87.08,7.41366767140423,-0.0144640542850411,0.00251588122133495,-0.08368478
87.09,7.42986439224169,-0.00915150044731305,0.00237332895608961,-0.08194234
87.1,7.4494495492534,-0.0119702561959072,0.00222888405687511,-0.08013173
87.11,7.45707994345142,-0.00595558587701766,0.002082560426801,-0.07825682
87.12,7.44845770419041,-0.00981114601493711,0.00193437664733609,-0.07632161
87.13,7.3547918103476,-0.00254976167783027,0.00178435608508399,-0.07433022
87.14,7.37279091193576,-0.00807426565286039,0.00163252702957345,-0.07228692
87.15,7.35048765384333,-0.0122786178000735,0.00147892275747252,-0.07019605
87.16,7.33508084008122,-0.0122022200468229,0.00132358188951721,-0.06806208
87.17,7.32822350249462,-0.00697029228734686,0.00116654756466252,-0.06588957
87.18,7.36509047391616,-0.0111900104535088,0.00100786835287106,-0.06368315
87.19,7.36725158112026,-0.00956053328801947,0.000847597944236876,-0.06144753
87.2,7.3886588345512,-0.0120682015783471,0.000685795154481856,-0.05918748
87.21,7.41225939654223,-0.00398530649493857,0.000522523867305015,-0.05690782
87.22,7.45307246122738,0.0023306775980139,0.00035785298651413,-0.05461342
87.23,7.44420438481345,-0.00507736570111476,0.000191856175999806,-0.05230917
87.24,7.41236798150453,-0.00636932791498766,2.46123551052094e-05,-0.05
87.25,7.40490606134236,-0.00262477344405121,-0.000143794967547515,-0.04769083
87.26,7.44105308442079,-0.00458292333012178,-0.000313277739506516,-0.04538658
87.27,7.4889019384079,-0.00775879355317468,-0.000483743349496666,-0.04309218
87.28,7.48869941658087,-0.0205372615631196,-0.000655094872821603,-0.04081252
87.29,7.51038073458681,-0.0239928843149611,-0.000827231205195515,-0.03855247
87.3,7.47494968315804,-0.0210883184425079,-0.00100004730106931,-0.03631685
87.31,7.52931103899029,-0.0227904102599843,-0.00117343427030023,-0.03411043
87.32,7.51557010569422,-0.0243467319222899,-0.00134727966565301,-0.03193792
87.33,7.49964984090349,-0.0171672317144836,-0.0015214676625435,-0.02980395
87.34,7.48124465164249,-0.0125286883954118,-0.00169587929922743,-0.02771308
87.35,7.46910607530296,-0.000249696040124335,-0.00187039269184358,-0.02566978
87.36,7.4433155707923,-0.000214722596897581,-0.00204488333355309,-0.02367839
87.37,7.47391305920064,0.000378603918757966,-0.00221922430669546,-0.02174318
87.38,7.42624327945441,-0.00339830041871679,-0.0023932865554806,-0.01986827
87.39,7.4293953776579,-0.00753118686353833,-0.00256693913502294,-0.01805766
87.4,7.41253701398879,-0.0126155674410558,-0.00274004952603611,-0.01631522
87.41,7.41590557998535,-0.0111755909968359,-0.00291248390286829,-0.01464466
87.42,7.40474078705217,-0.0117371222028558,-0.00308410743534242,-0.01304955
87.43,7.38653161958594,-0.014807475435592,-0.00325478455055167,-0.0115333
87.44,7.40156591198243,-0.0146817769530289,-0.00342437926087199,-0.01009914
87.45,7.41677408872462,-0.00831963795387459,-0.00359275544670997,-0.00875013
87.46,7.39686901708155,-0.00369726809930225,-0.00375977717753163,-0.00748914
87.47,7.40808265532932,-0.0107519145734993,-0.00392530914464638,-0.00631888
87.48,7.39869741749924,-0.00683867668787496,-0.00408921649235889,-0.00524184
87.49,7.43552276825853,-0.0111702165966391,-0.00425136564219036,-0.00426031
87.5,7.45007737556435,-0.0127913923496975,-0.00441162438926892,-0.00337639
87.51,7.46293921355566,-0.00941261123554154,-0.0045698622251268,-0.00259197
87.52,7.44525649721016,-0.0159505253582228,-0.00472595064270909,-0.00190872
87.53,7.49401132857649,-0.0243463101788435,-0.00487976343528043,-0.0013281
87.54,7.53009792078221,-0.00623118406445867,-0.00503117698886094,-0.00085135
87.55,7.50238357614459,-0.00962386956322631,-0.00518007058672277,-0.00047948
87.56,7.47136811912077,-0.00945932638959733,-0.00532632669092744,-0.00021329
87.57,7.44918871066349,-0.00673893788746796,-0.00546988113172017,-0
87.58,7.41667125304726,-0.0137206584743611,-0.00559840841017336,-0.01310721
87.59,7.45244224999769,-0.00560733718936436,-0.00569365097150338,-0.03971589
87.6,7.4139609829323,0.00219006224014611,-0.00574269572595273,-0.08021409
87.61,7.32950787933234,0.00372839229663872,-0.00573027389219987,-0.13458325
87.62,7.29520876600535,0.00526748878874156,-0.00563899094593284,-0.20279278
87.63,7.24194049729329,0.0131103184422983,-0.00546896213749925,-0.28480051
87.64,7.21378603363191,0.0207471745541761,-0.00524333718279866,-0.38055339
87.65,7.14862092074449,0.0299719997248253,-0.0049726355879619,-0.48998828
87.66,7.01289155796391,0.0368457710394794,-0.00466064283913502,-0.61303301
87.67,6.94878376642231,0.0321178909529451,-0.00432063078759722,-0.73650025
87.68,6.86783481247592,0.0195198223000715,-0.00396879771864557,-0.86030324
87.69,6.78082511169863,0.0239464363590496,-0.00361126159793263,-0.98434989
87.7,6.64776109594446,0.0216837313119211,-0.00325040925639281,-1.1085443
87.71,6.54478535341747,0.0194274979965741,-0.00288729565097531,-1.23278822
87.72,6.45489742670857,0.0145701544287491,-0.00252248083940269,-1.35698263
87.73,6.33675380523431,0.00430193421310967,-0.00215634615077233,-1.48102929
87.74,6.14974333030479,0.0145281033496558,-0.00178920673179017,-1.60483227
87.75,6.03323563812368,0.0289910725503591,-0.00142134826621531,-1.72829952
87.76,5.87645073937723,0.0300714148680908,-0.00105303815594467,-1.85134425
87.77,5.75308541003852,0.0228901085123005,-0.000684527105563713,-1.97388635
87.78,5.61132213074196,0.0224539217341957,-0.000316047226735595,-2.09585364
87.79,5.52102881809747,0.0298336297197567,5.21907499939425e-05,-2.21718299
87.8,5.52516028755836,0.0569392506608132,0.000420000531053753,-2.33782135
87.81,5.63278628119629,0.104085321273734,0.000787222998677072,-2.45772655
87.82,5.84884455469589,0.171932862646556,0.00115381065630468,-2.576868
87.83,6.31487290361317,0.260022696124178,0,-2.69518442
87.84,6.87275846431491,0.386876051852669,0.00252769894525054,-2.813192
87.85,7.63221901054099,0.524883809558553,0.00706825342401569,-2.93111416
87.86,8.43306369528283,0.66463349352454,0.0134036323629315,-3.04895097
87.87,9.27950659783422,0.800966128995709,0.0212119917564009,-3.16670264
87.88,10.2345932284838,0.919094642388013,0.0302186316601887,-3.28436955
87.89,11.1628054143725,1.02867464763541,0.040239458622784,-3.4019522
87.9,11.9580009653319,1.12126380565164,0.0511567561171854,-3.51945124
87.91,12.768587401725,1.19331573587548,0.0628973819874188,-3.63686747
87.92,13.4121537893911,1.2526262553306,0.0754108626686062,-3.75420182
87.93,14.0181926826683,1.29733294508023,0.0886283388934933,-3.87145539
87.94,14.5880712696371,1.32860186876863,0.102327715840188,-3.98862937
87.95,14.9451607923597,1.35728350807934,0.116236886801555,-4.10572512
87.96,15.1604498671736,1.35914636528304,0.130170919551692,-4.22274413
87.97,15.3549960997524,1.36395314778629,0.144037172164767,-4.33968801
87.98,15.5032884163933,1.36105650122627,0.157801306679086,-4.45655851
87.99,15.6049500760631,1.34798466879483,0.171457983168208,-4.57335749
88,15.6855281474162,1.34012370958383,0.185011671146006,-4.69008695
88.01,15.6941269149104,1.33859767524925,0.198468190517265,-4.80674899
88.02,15.7957036521194,1.31836883011776,0.211826761885728,-4.91023865
88.03,15.9112361991496,1.3125362130689,0.225079979588838,-5.00055825
88.04,16.0446609083416,1.30939874658207,0.238221332665523,-5.07771023
88.05,16.1037017694484,1.29899340705353,0.251244620140639,-5.14169715
88.06,16.1861188368062,1.29239241585496,0.264143589159086,-5.19252166
88.07,16.2970285747077,1.28452947354086,0.276903595247111,-5.20958945
88.08,16.4202859155787,1.26088130695031,0.28950163855776,-5.19290335
88.09,16.5066746654689,1.24694061676978,0.301917858298855,-5.14246628
88.1,16.6355548344002,1.22639597200964,0.31413329501971,-5.05828123
88.11,16.7321375466612,1.19588329820871,0.326134721525759,-4.95345849
88.12,16.9019289893629,1.16896176062604,0.337913641997416,-4.82800119
88.13,17.0816722317314,1.13462347183591,0.349458595111217,-4.68191253
88.14,17.2527796668356,1.10605892135961,0.360756793531032,-4.51519578
88.15,17.4465951805517,1.08034635952501,0.371794872613988,-4.32785425
88.16,17.6432335850042,1.05383402301259,0.382568434532729,-4.14048834
88.17,17.8269008578303,1.02559031848701,0.393081576318462,-3.95310147
88.18,18.0348484723145,1.0014228672908,0.403334795940826,-3.76569707
88.19,18.1769752153526,0.970976173294068,0.41332642482312,-3.5782786
88.2,18.3580138320329,0.95147859409752,0.423054881099767,-3.39084957
88.21,18.5385006227923,0.926417009577398,0.432519086610268,-3.20341348
88.22,18.7079357244645,0.903175462778087,0.441718358971671,-3.01597387
88.23,18.8706543621394,0.878188309726003,0.450652010094114,-2.82853425
88.24,19.0410626317968,0.84923829691156,0.459319472291065,-2.64109817
88.25,19.1710385232297,0.815892899042683,0.467720115010271,-2.45366914
88.26,19.3283665796924,0.800818489626134,0.475853345013978,-2.26625067
88.27,19.419877943834,0.770223209019436,0.483718489334311,-2.07884627
88.28,19.5540715224137,0.741199326508612,0.491314544794291,-1.89145939
88.29,19.5980693591063,0.711846269978489,0.498640937796556,-1.70409349
88.3,19.7307943793347,0.677483648440428,0.505697016704407,-1.51675196
88.31,19.8604622475261,0.658418831612716,0.512481870004854,-1.32943817
88.32,19.9663581457131,0.639803271262629,0.518994551268542,-1.14215543
88.33,20.0724478607758,0.615090283833207,0.525234111976949,-0.954907
88.34,20.1715071864854,0.588462951057077,0.53119969611796,-0.7676961
88.35,20.2413447892043,0.569458973429385,0.536902641150679,-0.60112289
88.36,20.4566792625593,0.544547989336876,0.542364619884221,-0.45519045
88.37,20.5674568210163,0.528267237096425,0.547601711470211,-0.32990177
88.38,20.6435015552206,0.509000160221038,0.552629855041531,-0.22525977
88.39,20.7363707772507,0.490885908104292,0.557467160262495,-0.14126728
88.4,20.8203136831787,0.47541272805937,0.56213420441183,-0.07792704
88.41,20.8973004111034,0.465237773415039,0.56665331356707,-0.0352417
88.42,20.9485718298706,0.45632983946192,0.571047994989485,-0.0132138
88.43,20.9557454087266,0.447204828949208,0.575342425814595,-0.0118458
88.44,20.9796704635355,0.438482631056284,0.57954704071912,-0.01054297
88.45,20.7453074046352,0.350418261091308,0.583662773955191,-0.00930756
88.46,20.1129259133854,0.1867601393231,0.587697062771348,-0.00814168
88.47,19.1284261977993,-0.0263065949413982,0.591657544530096,-0.0070473
88.48,17.9653139882164,-0.242918312946131,0.593906237999322,-0.00602631
88.49,16.7291585471174,-0.472808817990166,0.589371327391243,-0.00508045
88.5,15.3685764017736,-0.685316446003702,0.580709636825296,-0.00421133
88.51,14.0241527893712,-0.90118366146298,0.570113432794792,-0.00342045
88.52,12.9520239378048,-1.03475266106019,0.558803900986887,-0.00270914
88.53,12.2408551215558,-1.0906206883315,0.547412577986688,-0.00207863
88.54,11.8787542981106,-1.09383162568667,0.536211716240625,-0.00152999
88.55,11.6929998897032,-1.07772441485111,0.525278957617258,-0.00106416
88.56,11.5687002489669,-1.05528881995187,0.514606828629955,-0.00068193
88.57,11.5135525714142,-1.03521477857005,0.50416574061378,-0.00038397
88.58,11.4112421381569,-1.01957234277462,0.493929308248205,-0.00017078
88.59,11.29598633489,-1.00135191359025,0.483882248879127,-0
88.6,11.2053762714769,-0.980407094527567,0.474017886517095,-0
88.61,11.1143470181974,-0.953133368384446,0.464333538488192,-0.00039426
88.62,11.032191559924,-0.944957007712742,0.454828684205463,-0.00157084
88.63,10.8896539312428,-0.93151265137031,0.445502651987121,-0.00351118
88.64,10.7714062041005,-0.921389311078062,0.436354144398015,-0.00618467
88.65,10.6869182366477,-0.895342007251265,0.427381452146818,-0.00954915
88.66,10.5923553615915,-0.879807992977075,0.418582674325153,-0.01355157
88.67,10.4677540457406,-0.857811852889319,0.409955832321088,-0.0181288
88.68,10.3119170690854,-0.84811820219551,0.40149892509346,-0.02320866
88.69,10.1836250753283,-0.82732326158668,0.393209980792447,-0.02871104
88.7,10.0995453126595,-0.804024790014943,0.385086883226684,-0.03454915
88.71,10.0311262317334,-0.781929808013482,0.377127631870555,-0.04063093
88.72,9.92879842327505,-0.77102352055837,0.369330025950713,-0.04686047
88.73,9.81748617539519,-0.754491760078111,0.361691912013938,-0.05313953
88.74,9.81538196466841,-0.743609988547931,0.354211012122676,-0.05936907
88.75,9.80194965205066,-0.729245491585446,0.346885004491251,-0.06545085
88.76,9.70009171949701,-0.709980051663909,0.339711665863443,-0.07128896
88.77,9.61010300380939,-0.697431306013496,0.332688380242034,-0.07679134
88.78,9.58670416279199,-0.686743426298993,0.325812545315068,-0.0818712
88.79,9.55773808762165,-0.66613391977787,0.3190816162692,-0.08644843
88.8,9.5090251449119,-0.64756289883441,0.312492916040267,-0.09045085
88.81,9.38362072015341,-0.631809828198308,0.306043724547477,-0.09381533
88.82,9.29835397976403,-0.620189722072099,0.299731297575084,-0.09648882
88.83,9.26496769703292,-0.616288522411144,0.293552823929632,-0.09842916
88.84,9.25183866996215,-0.600647493727415,0.287505475251526,-0.09960574
88.85,9.14790202973317,-0.585878361496583,0.28158636462852,-0.09994818
88.86,9.02849214910754,-0.570621613678426,0.275792891447389,-0.1
88.87,9.00862296897135,-0.563084239881113,0.27012284338042,-0.09994818
88.88,8.94037393423347,-0.550764963882323,0.264573947216715,-0.09979284
88.89,8.905920146995,-0.535530614314484,0.259143860249363,-0.0995343
88.9,8.84102273777727,-0.5152309335771,0.253830270372478,-0.09917309
88.91,8.75362295805473,-0.509460952686316,0.248630950994934,-0.09870995
88.92,8.69986902975731,-0.497513631695782,0.243543738271438,-0.09814586
88.93,8.67587559390428,-0.500256075451512,0.238566457751539,-0.09748198
88.94,8.64732499919156,-0.488259847625535,0.233696974936271,-0.09671969
88.95,8.63655090665505,-0.477314920050629,0.228933014308064,-0.09586057
88.96,8.61591493727987,-0.472468416903824,0.224272673659172,-0.09490639
88.97,8.64178470984383,-0.469779001219132,0.219713856162274,-0.09385913
88.98,8.58172674344744,-0.455621041051499,0.215254452201871,-0.09272097
88.99,8.56137540882632,-0.447263790066311,0.210892409464862,-0.09149426
89,8.5495237151061,-0.427595397506675,0.206625673841082,-0.09018156
89.01,8.48363524124609,-0.417163927661436,0.202452264058736,-0.08878556
89.02,8.42728364117119,-0.414240880500272,0.198370232052916,-0.08730918
89.03,8.38700768874663,-0.399761556227963,0.194377684275785,-0.08575548
89.04,8.3487124800225,-0.388931461485104,0.190472403316183,-0.08412766
89.05,8.34113935277377,-0.384738766874726,0.186652647043746,-0.0824291
89.06,8.30992279432779,-0.370910674379876,0.182916507142767,-0.08066334
89.07,8.24350916413754,-0.363531705462732,0.179262102109176,-0.07883402
89.08,8.22595998502504,-0.357906490245082,0.175687609945218,-0.07694493
89.09,8.22964348474056,-0.340969781412103,0.172191136388464,-0.075
89.1,8.15235156033935,-0.337783172273932,0.168770907960814,-0.07300325
89.11,8.12639370723873,-0.324845637243066,0.165425167122132,-0.07095883
89.12,8.13558490883353,-0.315708669196515,0.162152153493115,-0.06887096
89.13,8.10560815176728,-0.313976153777421,0.158950160897918,-0.06674398
89.14,8.13225556021365,-0.315157755503045,0.155817517399436,-0.0645823
89.15,8.123038673675,-0.308521327442077,0.15275256921614,-0.06239039
89.16,8.1055874840602,-0.301403717156594,0.14975371903146,-0.0601728
89.17,8.10965008446814,-0.292489342037904,0.146819353429785,-0.05793413
89.18,8.08882070078779,-0.291079267512733,0.143947910718269,-0.05567901
89.19,8.07966559013461,-0.285289105376498,0.141137863122402,-0.05341212
89.2,8.02708933804587,-0.277566925498171,0.138387689471723,-0.05113816
89.21,7.96530957946136,-0.263965905022488,0.135695951334118,-0.04886184
89.22,7.91730896680246,-0.258769166376156,0.133061217347262,-0.04658788
89.23,7.87288799026712,-0.258092978820563,0.130482088119269,-0.04432099
89.24,7.84419087736597,-0.253972323557851,0.12795719716522,-0.04206587
89.25,7.8237120387613,-0.252149003912282,0.125485229713199,-0.0398272
89.26,7.7768531467281,-0.24263451108419,0.123064848334074,-0.03760961
89.27,7.77234162576556,-0.237574809296594,0.120694800977884,-0.0354177
89.28,7.76909233745222,-0.231710789829783,0.118373852269081,-0.03325602
89.29,7.83567087205676,-0.22493479267187,0.116100798776477,-0.03112904
89.3,7.80892021310068,-0.21870070498133,0.113874468925325,-0.02904117
89.31,7.77412899878307,-0.215470852063425,0.111693723261833,-0.02699675
89.32,7.7104799326439,-0.20547287894008,0.109557454006105,-0.025
89.33,7.70320393069976,-0.207121594789725,0.107464584998516,-0.02305507
89.34,7.74048616634167,-0.20698677198897,0.105414070988923,-0.02116598
89.35,7.75319728906751,-0.201981289098641,0.103404897518932,-0.01933666
89.36,7.72576875148113,-0.20378991988438,0.101436080275206,-0.0175709
89.37,7.77335370595753,-0.207182673575789,0.0995066646029349,-0.01587234
89.38,7.81285540999465,-0.196098158519105,0.0976157251034961,-0.01424452
89.39,7.8552876047097,-0.192680504602936,0.0957623648126698,-0.01269082
89.4,7.84947032112439,-0.187967597611144,0.0939457154211693,-0.01121444
89.41,7.8741149491382,-0.181704732205176,0.0921649352696819,-0.00981844
89.42,7.85707831563913,-0.185810864914639,0.0904192101133142,-0.00850574
89.43,7.83362003175909,-0.176460157154692,0.0887077516851117,-0.00727903
89.44,7.76577423069082,-0.170160422217042,0.0870298088093381,-0.00614087
89.45,7.77053252151339,-0.168204225385609,0.0853846179490085,-0.00509361
89.46,7.73353946208392,-0.162836075095617,0.0837714799341845,-0.00413943
89.47,7.72013200677341,-0.156319489074845,0.0821897032355049,-0.00328031
89.48,7.62422951852941,-0.154100713240927,0.0806386197869771,-0.00251802
89.49,7.62439760843323,-0.142923583773504,0.0791175836277291,-0.00185414
89.5,7.58155000816855,-0.143108299961411,0.0776259697337724,-0.00129005
89.51,7.60394868393572,-0.130811089460775,0.076163173496454,-0.00082691
89.52,7.60485445480843,-0.128168101148652,0.0747286096257253,-0.0004657
89.53,7.61272792792926,-0.121589965819819,0.073321711647985,-0.00020716
89.54,7.64912313053489,-0.116734994428417,0.0719418889966894,-0
89.55,7.71484452542911,-0.11261110326677,0.0705886695054453,-0
89.56,7.68374397144545,-0.109248660969823,0.0692618448783749,-0.00039426
89.57,7.69836063843904,-0.102391244966965,0.0679615925130537,-0.00157084
89.58,7.73783501677793,-0.10573556748695,0.0666881512506744,-0.00351118
89.59,7.71237373180752,-0.111587881314655,0.0654416602424244,-0.00618467
89.6,7.72331568765791,-0.116326847094419,0.0642223387454332,-0.00954915
89.61,7.70898971983479,-0.114657402837852,0.0630304955101462,-0.01355157
89.62,7.68032947130912,-0.116381678163914,0.0618664663293919,-0.0181288
89.63,7.72682412187143,-0.11298764238302,0.0607305457314059,-0.02320866
89.64,7.70385357586357,-0.112229187481375,0.0596229314637879,-0.02871104
89.65,7.65325530869832,-0.106647213736331,0.0585436938060034,-0.03454915
89.66,7.67769358753931,-0.0916343234948023,0.057492780972044,-0.04063093
89.67,7.68467713111562,-0.0893650008366694,0.0564699803692796,-0.04686047
89.68,7.68738203528704,-0.0974918634815509,0.0554749368829238,-0.05313953
89.69,7.70361437471422,-0.0962108790775006,0.0545071148914796,-0.05936907
89.7,7.6868236052355,-0.0978746704909574,0.0535658484803101,-0.06545085
89.71,7.70520901327516,-0.0955994998910359,0.0526503183530227,-0.07128896
89.72,7.7462235228722,-0.0992567789656981,0.0517595638000504,-0.07679134
89.73,7.70883222420955,-0.0997286048751468,0.0508924795491623,-0.0818712
89.74,7.66910688605371,-0.0912200060006821,0.0500478397926313,-0.08644843
89.75,7.64940826321654,-0.0808733341339949,0.0492243071088561,-0.09045085
89.76,7.61122345606447,-0.0789250201333831,0.0484204465666786,-0.09381533
89.77,7.55125864347374,-0.0659131998602702,0.0476347426393997,-0.09648882
89.78,7.52388708611323,-0.0641660388085429,0.0468656193805851,-0.09842916
89.79,7.45522714323369,-0.0598540520375613,0.0461114595482125,-0.09960574
89.8,7.44697826742605,-0.0642565811643566,0.0453705813368778,-0.09994965
89.81,7.4638190624707,-0.069384335202256,0.0446417665796356,-0.1
89.82,7.40913945375198,-0.0816080364503883,0.0439242368848993,-0.09994965
89.83,7.39454909551809,-0.0793275518300314,0.0432170981986443,-0.09979871
89.84,7.44156080761777,-0.0918257520729221,0.0425194994309918,-0.09954749
89.85,7.42595003069044,-0.0880184321933311,0.0418307763019574,-0.09919648
89.86,7.46395822340912,-0.0855775083901674,0.0411504552876571,-0.0987464
89.87,7.46119495102741,-0.0929894734183157,0.0404781921101734,-0.09819814
89.88,7.47263236239184,-0.0887942139475621,0.039813712960502,-0.09755283
89.89,7.50157970621911,-0.0762096240806488,0.0391567760108446,-0.09681174
89.9,7.54048691592851,-0.0741716440236166,0.0385071518998799,-0.09597639
89.91,7.54402874715873,-0.0692746672165711,0.0378646159890414,-0.09504844
89.92,7.58158916139604,-0.0696955972720546,0.0372289481098653,-0.09402978
89.93,7.5566008720121,-0.0751726226950688,0.036599932921657,-0.09292244
89.94,7.56193881565623,-0.0702380274811251,0.0359773620586217,-0.09172866
89.95,7.52618031235544,-0.0702206413235751,0.0353610352350814,-0.09045085
89.96,7.54275819287296,-0.0707750076407527,0.0347507608524211,-0.08909157
89.97,7.53284904632424,-0.0676661729142338,0.0341463562857561,-0.08765357
89.98,7.48713199767953,-0.0675351386103109,0.0335476479361455,-0.08613974
89.99,7.46208493364951,-0.0756114412855129,0.032954471231976,-0.08455313
90,7.49794170607975,-0.0665251632934014,0.0323666705758408,-0.08289694
90.01,7.50152918549315,-0.0637431515902144,0.0317840992659743,-0.08117449
90.02,7.49088738785984,-0.060642526154789,0.0312066194625154,-0.07938926
90.03,7.50722753026258,-0.0574853729775606,0.0306341021418979,-0.07754485
90.04,7.48271885554205,-0.0616106579280449,0.0300664269897464,-0.07564496
90.05,7.53990357701462,-0.0647801865533804,0.0295034812198534,-0.07369343
90.06,7.57454191188431,-0.0557696158486242,0.0289451632782404,-0.07169419
90.07,7.58890957744479,-0.0610698076075545,0.0283913784900264,-0.06965125
90.08,7.59455585104396,-0.0600357593460586,0.0278420399961575,-0.06756874
90.09,7.59936519464802,-0.0634999251904855,0.0272970697138045,-0.06545085
90.1,7.57933459919906,-0.063199774842066,0.0267563978716315,-0.06330184
90.11,7.6216669097456,-0.0574838357412542,0.0262199626989243,-0.06112605
90.12,7.60034912100602,-0.0610454169024748,0.0256877102246094,-0.05892784
90.13,7.56886800028657,-0.0576595874395198,0.0251595940962017,-0.05671166
90.14,7.52429555834853,-0.0525940095113132,0.0246355754509148,-0.05448197
90.15,7.5477237397059,-0.0535884838820471,0.0241156227193358,-0.05224324
90.16,7.5587044349973,-0.0491911540703872,0.0235997114598333,-0.05
90.17,7.55147245213218,-0.051436198066438,0.0230878078694966,-0.04775676
90.18,7.51079676258964,-0.0549886734799235,0.0225799174557955,-0.04551803
90.19,7.52131935440586,-0.0460257578410482,0.0220760376052512,-0.04328834
90.2,7.53184948577534,-0.0490500662358486,0.0215761676275689,-0.04107216
90.21,7.56526967859562,-0.0518226778698606,0.0210803138702691,-0.03887395
90.22,7.51897563253731,-0.0444087261086484,0.0205884911495773,-0.03669816
90.23,7.53965991905718,-0.0444261724335034,0.020100720358226,-0.03454915
90.24,7.53977945561158,-0.0413998880126186,0.0196170274069116,-0.03243126
90.25,7.57389229695241,-0.0442927982117888,0.0191374428344471,-0.03034875
90.26,7.59935071832629,-0.0434347851771457,0.0186620016298773,-0.02830581
90.27,7.57703497936418,-0.0404676678804987,0.0181907431231394,-0.02630657
90.28,7.54511849257342,-0.0430461840420233,0.0177237107842741,-0.02435504
90.29,7.54849095572536,-0.0468178545118852,0.0172609536757484,-0.02245515
90.3,7.50709237835517,-0.0490397066506202,0.0168025214333911,-0.02061074
90.31,7.5236981806669,-0.0442280353717111,0.0163484686170394,-0.01882551
90.32,7.51275325762362,-0.041012207574574,0.0158988529282723,-0.01710306
90.33,7.45178291534416,-0.0491082068721946,0.0154537349099496,-0.01544687
90.34,7.44163553299914,-0.0552828643118509,0.0150131776420192,-0.01386026
90.35,7.45371785965852,-0.0566560187311607,0.0145772464296053,-0.01234643
90.36,7.44548110326354,-0.0552678368237461,0.0141460085058166,-0.01090843
90.37,7.46810001696507,-0.052251960099461,0.0137195327444001,-0.00954915
90.38,7.44040333782841,-0.0539840880825956,0.0132978893830541,-0.00827134
90.39,7.42124691389804,-0.0491931750540717,0.0128811496463701,-0.00707756
90.4,7.42449910461901,-0.0450359463650149,0.0124693855058607,-0.00597022
90.41,7.43441021944012,-0.0428863516975814,0.0120626693765113,-0.00495156
90.42,7.45201329015439,-0.0354157524711834,0.0116610737804319,-0.00402361
90.43,7.50793067041899,-0.0370988370992837,0.0112646710849055,-0.00318826
90.44,7.47051865129027,-0.0435973533210643,0.0108735332014657,-0.00244717
90.45,7.49452140246034,-0.0481723509478689,0.0104877312776116,-0.00180186
90.46,7.46904471129825,-0.0488034803814365,0.0101073354281483,-0.0012536
90.47,7.45785654875748,-0.0426485319639126,0.00973241444259021,-0.00080352
90.48,7.44357440796446,-0.042572884460425,0.00936303551366774,-0.00045251
90.49,7.42730421282164,-0.0420993166461039,0.00899926394327652,-0.00020129
90.5,7.35517371297466,-0.0417095497656892,0.00864111457905823,-0
90.51,7.39086805783343,-0.0321247336512447,0.00828872269383754,-0
90.52,7.38965426669516,-0.0327254749629338,0.00794247560101666,-0.00039426
90.53,7.39951139157525,-0.0287661217200053,0.00760312614413997,-0.00157084
90.54,7.43221792577602,-0.0278950878607638,0.00727150039888104,-0.00351118
90.55,7.43661297204943,-0.0274245478664737,0.00694829366459611,-0.00618467
90.56,7.4200120662483,-0.0235861130610553,0.00663429204338358,-0.00954915
90.57,7.42764544611725,-0.0179158297298468,0.00633037282304018,-0.01355157
90.58,7.43863291633463,-0.0206068816717572,0.00603742673155947,-0.0181288
90.59,7.43913223478733,-0.0225960542790037,0.00575627857540854,-0.02320866
90.6,7.4805101393602,-0.0233136699266023,0.00548762906530045,-0.02871104
90.61,7.44680146086223,-0.0214403901401267,0.00523202218423688,-0.03454915
90.62,7.49833247667231,-0.0295239935940375,0.00498982310119197,-0.04063093
90.63,7.47029827285302,-0.0333657735142158,0.00476121799052792,-0.04686047
90.64,7.48193217592502,-0.0387683049378194,0.00454618623732678,-0.05313953
90.65,7.49582779263435,-0.0386451193378162,0.00434453202887545,-0.05936907
90.66,7.46905035655479,-0.0281779440693471,0.00415587219215095,-0.06545085
90.67,7.44922026418541,-0.0254969764015117,0.00397964504092088,-0.07128896
90.68,7.47543976948513,-0.030360279914661,0.00381511959220386,-0.07679134
90.69,7.44822522663977,-0.018418477903186,0.00366140951403511,-0.0818712
90.7,7.51264148076422,-0.0122427762169376,0.0035174879197135,-0.08644843
90.71,7.51803304805133,-0.00601240369147395,0.00338220497687446,-0.09045085
90.72,7.50539674704411,-0.00116201527607298,0.00325430845428351,-0.09381533
90.73,7.49748697011769,-0.00195500656312638,0.00313246539948612,-0.09648882
90.74,7.50400546072337,-0.00204273011453317,0.00301528555733248,-0.09842916
90.75,7.50873191841131,0.000774357133610923,0.00290134520364085,-0.09960574
90.76,7.46234244551129,0.00663582249527866,0.00278915607064132,-0.09994161
90.77,7.41611796775011,0.00741486568059596,0.00267775330255834,-0.1
90.78,7.43864086345973,-0.000936905336487691,0.00256660215646118,-0.09994161
90.79,7.41274995610876,-0.00372740537748123,0.00245502357102098,-0.09976658
90.8,7.44719321433256,-0.00163916861170738,0.00234238955528568,-0.09947532
90.81,7.4550728765312,-0.00195286222040887,0.00222827676782488,-0.09906851
90.82,7.4430680095531,-0.00891301596574973,0.00211244678731174,-0.09854709
90.83,7.50161218214302,-0.0104998053562281,0.00199477981539535,-0.09791229
90.84,7.50028178810293,-0.0188262077981877,0.00187521718192017,-0.09716559
90.85,7.51555223042695,-0.0163568490936509,0.00175372550232432,-0.09630873
90.86,7.47267033031201,-0.0151444848544187,0.00163027885804043,-0.09534372
90.87,7.49730679095151,-0.0177458992155569,0.00150485210443017,-0.0942728
90.88,7.51231689657503,-0.0155973878750214,0.0013774197421605,-0.09309848
90.89,7.48024459859119,-0.0108245714549354,0.00124795690026223,-0.09182351
90.9,7.47168806864898,-0.0143988638194577,0.00111644068775799,-0.09045085
90.91,7.47368060053423,-0.00907391615649062,0.000982851380073473,-0.08898372
90.92,7.46211059653576,-0.00448546079777765,0.000847173250756162,-0.08742554
90.93,7.50548707579433,-0.00607010718576156,0.000709395105169215,-0.08577995
90.94,7.49887426272648,-0.00811524635540386,0.000569510662705625,-0.08405079
90.95,7.46956665126093,-0.0152144459833192,0.000427518843590404,-0.08224211
90.96,7.53096302477845,-0.00104867059403153,0.000283423980522021,-0.08035813
90.97,7.53986255582922,-0.00420236839270141,0.000137235988267675,-0.07840324
90.98,7.60784833736925,-0.0041982262922211,-1.1029452401095e-05,-0.07638201
90.99,7.55596261440949,-0.00584480580474252,-0.000161350740435492,-0.07429917
91,7.57071571346396,-0.00304060702533329,-0.000313700262214096,-0.07215958
91.01,7.49577445854794,-0.0011590793400509,-0.000468044304511408,-0.06996823
91.02,7.51898793366643,0.00488359847320683,-0.000624342978875128,-0.06773024
91.03,7.44854665049727,-0.00465124097236576,-0.000782550160343813,-0.06545085
91.04,7.43982270979718,0.000813734009299613,-0.000942613331357856,-0.06313537
91.05,7.41411027059721,0.00212302685950429,-0.00110447386553417,-0.06078921
91.06,7.47431856935491,0.000590371057546573,-0.00126806753458346,-0.05841785
91.07,7.48714998149963,0.000640421201113629,-0.0014333232541931,-0.05602683
91.08,7.55850123303105,0.000101567938402055,-0.00160016402689648,-0.05362174
91.09,7.55331162473876,0.000942648502101278,-0.00176850698705655,-0.05120819
91.1,7.57026954943004,-0.0016084312372525,-0.00193826345674594,-0.04879181
91.11,7.58144557036675,-0.00912573387707931,-0.00210933906989082,-0.04637826
91.12,7.52232348452076,-0.016355106355986,-0.00228163394205166,-0.04397317
91.13,7.45125738512325,-0.0216975573393704,-0.0024550428824862,-0.04158215
91.14,7.42773477749319,-0.0244089298343763,-0.00262945556625635,-0.03921079
91.15,7.38807925417634,-0.0263811245196791,-0.00280475676361367,-0.03686463
91.16,7.37545863805088,-0.0340527392254479,-0.00298082655457684,-0.03454915
91.17,7.39792381987279,-0.0359871530439149,-0.00315754060460168,-0.03226976
91.18,7.36593653823589,-0.034584072550829,-0.0033347704367143,-0.03003177
91.19,7.42063633744058,-0.0205699136865632,-0.00351238369051273,-0.02784042
91.2,7.43800649599634,-0.0135838073831341,-0.0036902443976503,-0.02570083
91.21,7.44861605912155,-0.0142172266108495,-0.00386821331962841,-0.02361799
91.22,7.47058329672581,-0.00778529293793542,-0.00404614826081228,-0.02159676
91.23,7.44378002630005,0.00349241189880327,-0.00422390437148403,-0.01964187
91.24,7.44470264559781,-0.000735283318063771,-0.00440133448339899,-0.01775789
91.25,7.47033542679497,0.0091697651287252,-0.00457828940464093,-0.01594921
91.26,7.45550697578294,0.00550077612940274,-0.00475461837001038,-0.01422005
91.27,7.45236252855311,0.00708484598629267,-0.00493016932619638,-0.01257446
91.28,7.45930061981806,0.0120431082296375,-0.00510478929648087,-0.01101628
91.29,7.43998340283065,0.00563410893456551,-0.00527832473184808,-0.00954915
91.3,7.41737656839391,-0.00257698054095475,-0.00545062201362007,-0.00817649
91.31,7.40768909050302,-0.00206152180725018,-0.00562152760088332,-0.00690152
91.32,7.42983224518185,-0.00354595740142817,-0.00579088854933055,-0.0057272
91.33,7.4061997003637,-0.00741319973392919,-0.00595855305552389,-0.00465628
91.34,7.40740961009464,-0.00487610936411845,-0.00612437024297084,-0.00369127
91.35,7.34173282981709,-0.00335590213410473,-0.00628819111877953,-0.00283441
91.36,7.36483837678477,0.00384919082186948,-0.00644986874455495,-0.00208771
91.37,7.43490133970174,0.00304977528704401,-0.00660925861209525,-0.00145291
91.38,7.44728933549934,0.00287995524540166,-0.00676621900772579,-0.00093149
91.39,7.39895382635161,-0.00595690220941025,-0.00692061137826093,-0.00052468
91.4,7.42465736682274,-0.0080681270580144,-0.00707230068285847,-0.00023342
91.41,7.44756417571066,-0.00749277518281961,-0.00722121033714058,-0
91.42,7.50540713908632,-0.0151510211536287,-0.00736712761538947,-0
91.43,7.46194205350073,-0.0165763832122414,-0.0075096009461106,-0.00039426
91.44,7.46948575719758,-0.0172101003816119,-0.00764783660451788,-0.00157084
91.45,7.40411227108213,-0.0108827236634845,-0.00778095921435288,-0.00351118
91.46,7.41199221566726,-0.00443478486189882,-0.00790822967015109,-0.00618467
91.47,7.41159323673228,-0.0064047094752506,-0.00802882668733505,-0.00954915
91.48,7.38431266714838,-0.0103742377676126,-0.00814185259620558,-0.01355157
91.49,7.394432551707,-0.00952501949902146,-0.00824640665188337,-0.0181288
91.5,7.39255569308429,-0.0187461897579932,-0.00834166202986523,-0.02320866
91.51,7.42479483356264,-0.0151287540161653,-0.00842693104309864,-0.02871104
91.52,7.52333879045981,-0.0234844295087615,-0.00850174291759171,-0.03454915
91.53,7.52388583523782,-0.0209834983051949,-0.00856578663721591,-0.04063093
91.54,7.50378767034967,-0.0195767398156002,-0.00861891094244923,-0.04686047
91.55,7.53356042134864,-0.0124072073428881,-0.00866124617458696,-0.05313953
91.56,7.52602482395226,-0.010542792363881,-0.00869320414448297,-0.05936907
91.57,7.55258188492996,-0.00467448360772676,-0.00871532911368555,-0.06545085
91.58,7.4768440287069,-0.00417668300780099,-0.00872836409331209,-0.07128896
91.59,7.45595242330205,0.00549119354192488,-0.00873336306599956,-0.07679134
91.6,7.40974054813308,0.000900027276519927,-0.00873162446496242,-0.0818712
91.61,7.3872897082363,-0.00238805245598013,-0.00872466796470797,-0.08644843
91.62,7.35180972133574,-0.00936402888763333,-0.00871424035054041,-0.09045085
91.63,7.34144263688938,-0.00523757152879956,-0.00870206430658107,-0.09381533
91.64,7.35337091113611,-0.000171782354505174,-0.00868960668682228,-0.09648882
91.65,7.38797098031258,0.00121104776655625,-0.00867787376550949,-0.09842916
91.66,7.36180199380345,-0.00145390769235298,-0.008667496554476,-0.09960574
91.67,7.38278504741209,-0.00269117148372819,-0.00865891438500364,-0.09995241
91.68,7.36940325660056,0.00516872740761329,-0.00865197240864035,-0.1
91.69,7.38422270234839,0.00309378557329845,-0.00864602533451797,-0.09995241
91.7,7.37294902945111,-0.0042497171130646,-0.00864072108335203,-0.09980973
91.71,7.33904871250979,-0.0102662143864882,-0.00863599336248261,-0.09957224
91.72,7.23695556558028,-0.00852448204855504,-0.00863187652498416,-0.09924039
91.73,7.23784281756502,-0.00273548550953551,-0.00862844541246266,-0.0988148
91.74,7.26576714386419,0.0124349844882894,-0.00862579696065475,-0.09829629
91.75,7.31962066656372,0.0105210995282755,-0.00862404435751485,-0.09768585
91.76,7.32672430379764,0.0187637059132738,-0.00862332708222018,-0.09698463
91.77,7.38233496668761,0.027100592441949,-0.00862377560036679,-0.09619398
91.78,7.35079724974018,0.034339945315769,-0.00862553854917191,-0.09531539
91.79,7.45584804156551,0.0274386653257063,-0.00862876974298691,-0.09435054
91.8,7.44290955940738,0.0238316202844416,-0.00863362458656905,-0.09330127
91.81,7.48270647944703,0.01002650725714,-0.00864025830826852,-0.09216957
91.82,7.46260712463797,0.00808218602175255,-0.00864882598465322,-0.0909576
91.83,7.46157893434433,0.0052111222846888,-0.00865946706376984,-0.08966767
91.84,7.44153241697548,0.00708522513203926,-0.00867231326103922,-0.08830222
91.85,7.51973126169696,-0.00808616159662677,-0.0086874820683048,-0.08686387
91.86,7.47846816815154,-0.00822346253622931,-0.00870508774382309,-0.08535534
91.87,7.49744619920383,0.000552759414533676,-0.00872522116014862,-0.08377951
91.88,7.49771642572871,0.00056631352005615,-0.00874796241157585,-0.08213938
91.89,7.50292913339702,0.00120258339471866,-0.00877338045318742,-0.08043807
91.9,7.54002514200973,-0.00304006431073364,-0.00880151817767311,-0.07867882
91.91,7.5129384044894,-0.0093030272919444,-0.00883242575752213,-0.07686498
91.92,7.48823174284566,0.000258185345149117,-0.00886612751328052,-0.075
91.93,7.5126186052126,0.00327406950324935,-0.00890263827318686,-0.07308743
91.94,7.48312965890418,-0.00821189542941033,-0.00894196247431812,-0.07113091
91.95,7.4257593643014,-0.00808818352057329,-0.00898409412108721,-0.06913417
91.96,7.43485893026311,-0.0173148126306668,-0.00902903071352176,-0.06710101
91.97,7.39930758917743,-0.0187308707354014,-0.00907673356972067,-0.06503529
91.98,7.40603024174839,-0.01438333223721,-0.00912717205278002,-0.06294095
91.99,7.42934511186317,-0.0128814086131686,-0.00918031709158223,-0.06082198
92,7.38489031080832,-0.0113269517539597,-0.00923610461981865,-0.05868241
92.01,7.39960491262147,-0.00974715030096343,-0.00929448476870437,-0.05652631
92.02,7.43640283865891,-0.00540923768038595,-0.00935538825431269,-0.05435779
92.03,7.40488440203027,0.00155335912625466,-0.00941874861406527,-0.05218097
92.04,7.43946353614214,-0.00237363074602996,-0.00948448719916758,-0.05
92.05,7.41891877346833,-0.0111873505306755,-0.00955252089876578,-0.04781903
92.06,7.37147210722591,-0.015358146823278,-0.00962276208266971,-0.04564221
92.07,7.42968117968837,-0.0190734920216916,-0.00969511855848958,-0.04347369
92.08,7.45166045356861,-0.0240248733693767,-0.00976949369780616,-0.04131759
92.09,7.45884938851416,-0.0313616373311063,-0.00984578675193602,-0.03917802
92.1,7.4713239940429,-0.0298793539446164,-0.00992389272543495,-0.03705905
92.11,7.39533566191004,-0.0203284474467599,-0.0100037030808059,-0.03496471
92.12,7.37200146770856,-0.0225646942934451,-0.0100851058485348,-0.03289899
92.13,7.39721244461196,-0.0220312997336032,-0.010167985935592,-0.03086583
92.14,7.38346300254478,-0.0249980346550466,-0.0102522253799615,-0.02886909
92.15,7.34962339588988,-0.0146916856239327,-0.0103377036872216,-0.02691257
92.16,7.34043473006474,-0.0104400916620066,-0.0104242980019551,-0.025
92.17,7.34418567055111,-0.0129812122110973,-0.0105118834194624,-0.02313502
92.18,7.39773458112377,-0.0165550091506454,-0.0106003332435049,-0.02132118
92.19,7.44117319522302,-0.0121141050309573,-0.0106895192474955,-0.01956193
92.2,7.42456649509639,-0.0114112381135327,-0.0107793119189225,-0.01786062
92.21,7.42718011186778,-0.00949149552132135,-0.010869580722357,-0.01622049
92.22,7.48114870572008,-0.010152830144541,-0.0109601943564498,-0.01464466
92.23,7.47386340230844,-0.00945239470682325,-0.0110510210047837,-0.01313613
92.24,7.4835483394412,-0.0140663624246395,-0.0111419285883092,-0.01169778
92.25,7.49152205853654,-0.00911769710610661,-0.0112327850568005,-0.01033233
92.26,7.447382835457,-0.0059321032979515,-0.0113234585722339,-0.0090424
92.27,7.49892706734152,-0.00454652478232213,-0.011413817831165,-0.00783043
92.28,7.49172181643403,-0.00494590792322212,-0.0115037283823256,-0.00669873
92.29,7.44370171454106,-0.0059848488389989,-0.0115930448503595,-0.00564946
92.3,7.46827780353465,-0.0119578023682292,-0.0116816631765933,-0.00468461
92.31,7.46375903271486,-0.013202964122641,-0.0117694468343526,-0.00380602
92.32,7.44921681383091,-0.0165001475026931,-0.0118562688976888,-0.00301537
92.33,7.47653610015303,-0.0182048856768052,-0.0119420073000145,-0.00231415
92.34,7.48896690237656,-0.0212092221030107,-0.0120265261263017,-0.00170371
92.35,7.44725175423884,-0.0149647330312203,-0.0121097441188422,-0.0011852
92.36,7.44947917826062,-0.0162723946792365,-0.0121915209234589,-0.00075961
92.37,7.43223077618434,-0.0170502996594986,-0.0122717517875497,-0.00042776
92.38,7.41626301719122,-0.0120043527933086,-0.0123503291361862,-0.00019027
92.39,7.39698243636351,-0.0101469588812796,-0.0124271881510866,-0
92.4,7.41777777418773,-0.0133362830446107,-0.0125021595347569,-0
92.41,7.38624957460176,-0.0144643107363645,-0.0125748202977831,-0.00039426
92.42,7.40236808031677,-0.0194070290321811,-0.0126443444292889,-0.00157084
92.43,7.40290151547513,-0.0224312115480806,-0.0127098478905753,-0.00351118
92.44,7.40769058507234,-0.0125215845565628,-0.0127706245791762,-0.00618467
92.45,7.39577316829101,-0.0109246603102825,-0.012825873374719,-0.00954915
92.46,7.38984065160487,-0.0103674354037223,-0.0128747001838767,-0.01355157
92.47,7.34755931132101,-0.00993715629863004,-0.0129038153756423,-0.0313906
92.48,7.29106763325323,0.000570523413327952,-0.0128946597939487,-0.06299405
92.49,7.29599237716094,0.00463492624800778,-0.0128348907569903,-0.10828182
92.5,7.29574709713191,0.0131648314531695,-0.0127170101894545,-0.16716713
92.51,7.18777783146343,0.00929024989956626,-0.0125504617686398,-0.2395579
92.52,7.16437338567935,0.0211444551120378,-0.0123419797093622,-0.32535823
92.53,7.09976824740451,0.0290072636000178,-0.0120940199199146,-0.42446987
92.54,6.99428835319353,0.0358408144187031,-0.0118075521007196,-0.53679379
92.55,6.91303378425578,0.0311166692904224,-0.0114829896106399,-0.66223176
92.56,6.78283700921734,0.0298392825970818,-0.0111325998253206,-0.78742605
92.57,6.64558515590134,0.02956120562435,-0.0107723571243712,-0.91228461
92.58,6.559136626613,0.0327996750720732,-0.0104083165443516,-1.03672065
92.59,6.42846259127541,0.0297315454443115,-0.0100428539023752,-1.16065406
92.6,6.34641302690557,0.0333456324218515,-0.00967697865339148,-1.28401266
92.61,6.27227708542827,0.0390616851384384,-0.00931118583222984,-1.40673333
92.62,6.17603622300505,0.0379723591332234,-0.00894576561274173,-1.528763
92.63,6.00992049798669,0.0472309388051846,-0.00858091490874215,-1.65005952
92.64,5.88591994008083,0.0466869462733962,-0.00821677677082027,-1.77059227
92.65,5.78845566502907,0.0530359793835001,-0.00785350041231303,-1.8902909
92.66,5.65987814197785,0.0515582663948608,-0.00749071993334362,-2.0096989
92.67,5.51860568415957,0.0346514722823281,-0.00712766709821423,-2.12900327
92.68,5.45004894870034,0.0364434584231223,-0.00676389409648412,-2.24820411
92.69,5.46968000156503,0.0809417230004094,-0.00639923885939782,-2.36730174
92.7,5.71686650514845,0.143692381988363,-0.00603364243759015,-2.48629671
92.71,6.10581360238024,0.232946240589847,0,-2.60518976
92.72,6.62373322902946,0.332722990413567,0.00193003816530118,-2.72398185
92.73,7.33588540840622,0.461413242915798,0.00586093622371099,-2.84267416
92.74,8.16594063797616,0.612063104126931,0.011679764073339,-2.96126804
92.75,9.05949070693423,0.759466029968145,0.0190685735397041,-3.0797651
92.76,10.013447456007,0.890047611892888,0.0277323148570872,-3.1981671
92.77,10.9102106587761,0.997499760941632,0.0374587171517274,-3.31647603
92.78,11.7641854867446,1.09110255364656,0.0481127335570768,-3.43469405
92.79,12.5691315698114,1.17229072690473,0.0596097670875399,-3.55282352
92.8,13.299985740521,1.23570989116629,0.0718940648816494,-3.670867
92.81,13.919772232106,1.29271276581918,0.0849144173227096,-3.78882719
92.82,14.4367552509311,1.33284228276014,0.098501544662556,-3.90670699
92.83,14.8345329014105,1.35319452678999,0.112376595463602,-4.02450946
92.84,15.1989513502066,1.36964772235631,0.126322912552193,-4.14223782
92.85,15.413962855879,1.36952123647849,0.140223240890346,-4.25989545
92.86,15.5496174029964,1.37053308440687,0.154028536447137,-4.37748587
92.87,15.6347733015129,1.36509005726075,0.167726963146763,-4.49501273
92.88,15.6895885173535,1.35580843402706,0.181316165103758,-4.59921803
92.89,15.7803753212826,1.34991188122563,0.194791950347276,-4.69010568
92.9,15.9074281270734,1.34042423239448,0.208151058235009,-4.76767972
92.91,15.9651845704455,1.3180742531327,0.221389311667528,-4.83194428
92.92,16.100584810852,1.3065187376078,0.234501390560719,-4.88290361
92.93,16.2153391147979,1.29340185268237,0.247474433150133,-4.90357034
92.94,16.2630078838471,1.27689315894641,0.260288504268972,-4.8939489
92.95,16.4068627927041,1.25194338141465,0.272926086851196,-4.85404375
92.96,16.5776323275567,1.22023809806317,0.285370442750298,-4.78385945
92.97,16.6485331802451,1.19967631843395,0.297610348888486,-4.69666238
92.98,16.7641764378828,1.19288144241329,0.309639804389316,-4.5924572
92.99,16.8943794583974,1.17266516018013,0.321449900468434,-4.47124856
93,17.0133950296325,1.14311860080211,0.333030448516459,-4.33304117
93.01,17.1748686978105,1.11675059305143,0.344370844318708,-4.17783974
93.02,17.3458732115566,1.08348910614017,0.355467717691507,-4.02264067
93.03,17.4617190009584,1.05885932496216,0.366324772321766,-3.86744868
93.04,17.6760659336797,1.03508073384759,0.376942482053812,-3.71226845
93.05,17.8826531954488,1.00687942825837,0.387320191019357,-3.55710467
93.06,18.0507809209416,0.979176582541317,0.397457463430933,-3.40196197
93.07,18.2097994512729,0.956553688673324,0.407353429355798,-3.24684496
93.08,18.3907178357604,0.935646403944407,0.417007723354878,-3.09175817
93.09,18.5519107009477,0.921192005801192,0.426420287936503,-2.93670608
93.1,18.6980367348589,0.903447220889029,0.435591099743777,-2.78169311
93.11,18.8325274447386,0.8738930137163,0.444520063923536,-2.62672357
93.12,18.9665072987285,0.838993746279432,0.453207116051247,-2.47180172
93.13,19.1042699768953,0.823179015760864,0.461652131800587,-2.31693168
93.14,19.2731594182539,0.80411052306531,0.469854985468327,-2.16211749
93.15,19.4503095394027,0.776193217388562,0.477815568666391,-2.00736306
93.16,19.591654013204,0.754483013820692,0.48553372535878,-1.85267218
93.17,19.6865706073132,0.731380921414623,0.493008990638197,-1.69804852
93.18,19.8262225632081,0.709399812660635,0.500241583813959,-1.5434956
93.19,19.927050620884,0.692840998691196,0.507231337736783,-1.38901678
93.2,20.0143777208422,0.671953822760012,0.513978021726076,-1.23461529
93.21,20.1179873542972,0.639892211118023,0.520481404972144,-1.0802942
93.22,20.2277819399332,0.624095415607412,0.526741282948922,-0.92605638
93.23,20.2929166732349,0.597619181030827,0.532757571417159,-0.77190457
93.24,20.4546454161246,0.569873975887561,0.538529843854973,-0.6178413
93.25,20.490194529547,0.55310410705069,0.544068358868433,-0.48086062
93.26,20.5647942897656,0.533106524000333,0.549391749060221,-0.36096469
93.27,20.6712839041084,0.506784425138796,0.554513914483855,-0.25815549
93.28,20.6930876337658,0.493135600118128,0.559448660290313,-0.1724348
93.29,20.7199251252399,0.469928527141256,0.564211644981869,-0.10380421
93.3,20.7715389547473,0.45766496449612,0.568820533946227,-0.05226508
93.31,20.8075471631461,0.440681295881191,0.573294411574371,-0.01781859
93.32,20.8794463950041,0.424077633309965,0.577653214250574,-0.0004657
93.33,20.9120289739092,0.415590567302548,0.581917359280657,-0.00020716
93.34,20.9097388263371,0.406167973020612,0.586095798832246,-0
93.35,20.9905154626452,0.403543217968826,0.590189667072962,-0
93.36,21.022058735296,0.397715939873054,0.594205761289668,-0.00039426
93.37,21.0067337182922,0.390889990595044,0.598151038430699,-0.00157084
93.38,21.0035641910105,0.395305493360314,0.602030472558807,-0.00351118
93.39,21.0312974071843,0.383426904802161,0.605846888013256,-0.00618467
93.4,21.0570073357079,0.377404221823192,0.609601998342642,-0.00954915
93.41,21.1164846166621,0.36822777744751,0.613297142277728,-0.01355157
93.42,21.1037089930058,0.355731352887713,0.616933632181657,-0.0181288
93.43,21.1674017489844,0.35182312647323,0.620512844477663,-0.02320866
93.44,21.2403839815514,0.348661196234958,0.624036182193529,-0.02871104
93.45,20.9106910323612,0.242222723629256,0.627505009770461,-0.03454915
93.46,20.1278048677995,0.0743244115637168,0.630920600070129,-0.04063093
93.47,19.1092704124403,-0.127549037336827,0.634284103921127,-0.04686047
93.48,17.8609923811666,-0.344967501812923,0.634702984444536,-0.05313953
93.49,16.5845102015756,-0.563715926886048,0.628748767345884,-0.05936907
93.5,15.2987266754868,-0.782955530095948,0.619295037033891,-0.06545085
93.51,13.9589940831678,-0.99450717618722,0.608235195728883,-0.07128896
93.52,13.0332289794466,-1.10408552903261,0.59663129272137,-0.07679134
93.53,12.446352258181,-1.14315849480201,0.585020525333021,-0.0818712
93.54,12.1251843152915,-1.15253509995532,0.573623086192949,-0.08644843
93.55,11.9522497352193,-1.12955043025489,0.562494260427095,-0.09045085
93.56,11.8535754113645,-1.1011542886871,0.55162016968404,-0.09381533
93.57,11.6562368466479,-1.06977498471395,0.540972147729732,-0.09648882
93.58,11.532722070421,-1.04003457671043,0.530526369157168,-0.09842916
93.59,11.4009274940185,-1.01208133584477,0.520269500723225,-0.09960574
93.6,11.2903219222653,-0.982059471073997,0.510195326491928,-0.09995839
93.61,11.1484966259843,-0.951047590790542,0.50030114206645,-0.1
93.62,10.9991041975091,-0.932211511960345,0.490585404428581,-0.09995839
93.63,10.8907664257385,-0.916604016158681,0.481046790334319,-0.09983363
93.64,10.8183623629181,-0.90436907341191,0.471683459484309,-0.09962593
93.65,10.7127951862989,-0.899141992815446,0.462493162054227,-0.09933562
93.66,10.5839919095848,-0.886292079886527,0.453473408175906,-0.09896321
93.67,10.5004153169027,-0.872106339859307,0.444621682418779,-0.0985093
93.68,10.4130786419815,-0.864865386895607,0.435935638570853,-0.09797465
93.69,10.335047313253,-0.846040833867697,0.427412836095754,-0.09736015
93.7,10.2755866012097,-0.828775831948739,0.419050891557406,-0.09666683
93.71,10.1749637684403,-0.813629599733118,0.410847494533724,-0.09589583
93.72,10.148376219018,-0.802233792602592,0.402800313898983,-0.09504844
93.73,10.0638113275063,-0.788643565130171,0.394907031154701,-0.09412608
93.74,9.96645207601396,-0.77664585488616,0.387165350440209,-0.09313027
93.75,9.93703852534771,-0.75590898909846,0.379572977083982,-0.09206268
93.76,9.89925602331491,-0.747973155569295,0.372127611276575,-0.09092507
93.77,9.78967810243871,-0.737912005870369,0.364826989549462,-0.08971935
93.78,9.72445175043861,-0.723377809635705,0.35766890398866,-0.08844753
93.79,9.59554764943199,-0.704598731171704,0.350651236313648,-0.08711171
93.8,9.56207768183039,-0.691977078302468,0.343771535238687,-0.08571412
93.81,9.54008533397712,-0.670289202176691,0.33702762891061,-0.08425709
93.82,9.43109599887635,-0.653225559949584,0.330417314922875,-0.08274304
93.83,9.40062387298386,-0.638695008741223,0.323938414692941,-0.08117449
93.84,9.36434584599055,-0.620207401997907,0.317588752201267,-0.07955406
93.85,9.29812114546421,-0.608916217089958,0.311366163611477,-0.07788443
93.86,9.23882603484272,-0.589061284955085,0.305268497288289,-0.0761684
93.87,9.21633728835532,-0.572224760039111,0.299293630900713,-0.07440881
93.88,9.15991960298117,-0.574439572784139,0.293439442223042,-0.0726086
93.89,9.12503355549357,-0.563657866314494,0.287703851891285,-0.07077075
93.9,9.01590923325005,-0.549594103895133,0.282084738055598,-0.06889834
93.91,8.95801886861742,-0.542863676020544,0.276580105623479,-0.06699447
93.92,8.90412215417832,-0.533210763431958,0.271187895840061,-0.06506231
93.93,8.89869479251293,-0.523400318885701,0.265906034621256,-0.06310508
93.94,8.81062112271841,-0.516306378293809,0.260732556002989,-0.06112605
93.95,8.77061791033228,-0.494911875159212,0.255665446373481,-0.05912849
93.96,8.71155296725588,-0.483039676908305,0.250702752267973,-0.05711574
93.97,8.70500434898423,-0.478888930743891,0.245842470106138,-0.05509115
93.98,8.66027445874714,-0.458283643273507,0.241082719085771,-0.05305808
93.99,8.66427980199091,-0.443754277159346,0.236421584544733,-0.05101993
94,8.66698310457103,-0.441696904076469,0.231857167530378,-0.04898007
94.01,8.63513842001087,-0.432526895229682,0.227387565882826,-0.04694192
94.02,8.56193956789326,-0.432669183273413,0.223010949330352,-0.04490885
94.03,8.54371345077256,-0.431802318118477,0.218725505142232,-0.04288426
94.04,8.47508051564842,-0.417697350444299,0.214529426034116,-0.04087151
94.05,8.47393158060934,-0.422650816733111,0.210420961104652,-0.03887395
94.06,8.38913725909237,-0.419967234306641,0.206398319731311,-0.03689492
94.07,8.35401577250347,-0.409099350209158,0.202459765817211,-0.03493769
94.08,8.30249941443165,-0.398602073448969,0.198603582921609,-0.03300553
94.09,8.33829635513385,-0.383352790791048,0.194828062327194,-0.03110166
94.1,8.34548414371825,-0.372252038204025,0.191131566148982,-0.02922925
94.11,8.32251193168325,-0.365947170411574,0.187512454734727,-0.0273914
94.12,8.31023570775479,-0.344848688673616,0.183969114637362,-0.02559119
94.13,8.29410231823717,-0.340565114294319,0.180499957370743,-0.0238316
94.14,8.20190511738684,-0.336679022806956,0.17710344282089,-0.02211557
94.15,8.19143685541636,-0.329855561806173,0.173778021657453,-0.02044594
94.16,8.12263576145082,-0.322690086928286,0.170522142997369,-0.01882551
94.17,8.02202081671443,-0.316701042744979,0.167334350109084,-0.01725696
94.18,8.0288041987255,-0.314210897644264,0.164213183976696,-0.01574291
94.19,7.961241148746,-0.313465329448874,0.161157211215779,-0.01428588
94.2,7.9315937715463,-0.295647664853289,0.158165024614321,-0.01288829
94.21,7.94607717609139,-0.283478208572852,0.155235243269787,-0.01155247
94.22,7.93297681551123,-0.278866020592619,0.152366513518973,-0.01028065
94.23,7.95193431653891,-0.27117405713333,0.149557507604347,-0.00907493
94.24,7.98684391744576,-0.263808704248322,0.146806924135968,-0.00793732
94.25,7.99273007852797,-0.252237905324839,0.144113487987204,-0.00686973
94.26,8.00719397275117,-0.251849493346989,0.141475950235114,-0.00587392
94.27,8.0357532536058,-0.247617622684362,0.138893087694034,-0.00495156
94.28,8.01795816708301,-0.248615001615995,0.136363702382131,-0.00410417
94.29,7.9872421322659,-0.243705064567849,0.133886622969047,-0.00333317
94.3,7.94217552741379,-0.240871421692166,0.131460703397527,-0.00263985
94.31,7.90323787645214,-0.235038477347787,0.129084822095172,-0.00202535
94.32,7.88276687243525,-0.231567820261248,0.126757882727668,-0.0014907
94.33,7.87213526406343,-0.227284373157846,0.124478811450287,-0.00103679
94.34,7.86569106971628,-0.226918856870781,0.122246557226763,-0.00066438
94.35,7.85675328192201,-0.219910718263048,0.120060103690609,-0.00037407
94.36,7.85543170657218,-0.218878509729034,0.11791844825594,-0.00016637
94.37,7.84450422107474,-0.210175780264154,0.115820581978545,-0
94.38,7.86026844386532,-0.205040469918492,0.113765594466015,-0
94.39,7.82036481255042,-0.205298862173736,0.111752849493904,-0.00039426
94.4,7.78853763062745,-0.201979825874232,0.109782093998775,-0.00157084
94.41,7.79972214839948,-0.200296884464857,0.107853223304519,-0.00351118
94.42,7.77447834371966,-0.196045824229428,0.105965939579974,-0.00618467
94.43,7.73649334932443,-0.190514077601844,0.104120051805996,-0.00954915
94.44,7.71367605776622,-0.194387671596766,0.102315431063943,-0.01355157
94.45,7.721299156398,-0.199426482793327,0.100552034339631,-0.0181288
94.46,7.73211032110883,-0.19272758614829,0.098829761683517,-0.02320866
94.47,7.71239524482533,-0.184014446868945,0.0971484366725608,-0.02871104
94.48,7.73164861822192,-0.177013006202226,0.095507777649486,-0.03454915
94.49,7.74128769439674,-0.165386408138985,0.0939073819752266,-0.04063093
94.5,7.74549296811825,-0.156993478163742,0.0923467183399421,-0.04686047
94.51,7.75248938671659,-0.153000928380673,0.090825123918378,-0.05313953
94.52,7.68826368843264,-0.146398826599107,0.0893418115350831,-0.05936907
94.53,7.66003974251867,-0.147395994248671,0.0878958265307765,-0.06545085
94.54,7.62965865519209,-0.143048654436241,0.0864861171531909,-0.07128896
94.55,7.59650553357438,-0.136648729094555,0.0851114922452197,-0.07679134
94.56,7.60370688350023,-0.136878323817993,0.0837706565785644,-0.0818712
94.57,7.59255482983403,-0.13377501479075,0.0824621645234425,-0.08644843
94.58,7.59026069071329,-0.126029375187426,0.0811844894241021,-0.09045085
94.59,7.64571877585027,-0.124223827010258,0.0799360202941121,-0.09381533
94.6,7.6701646789364,-0.11423424977604,0.0787150702553803,-0.09648882
94.61,7.72042143784068,-0.111554493403723,0.0775198974440801,-0.09842916
94.62,7.71730228963739,-0.113967525456245,0.0763487220539718,-0.09960574
94.63,7.72170182662567,-0.115018552799487,0.0751997039555573,-0.09994818
94.64,7.72231267572036,-0.118702470769285,0.0740714497051197,-0.1
94.65,7.7197762672096,-0.123788573541896,0.0729629979296592,-0.09994818
94.66,7.70207421787539,-0.122633997856711,0.0718733030824921,-0.09979284
94.67,7.72704989995372,-0.123613105298422,0.0708013244434254,-0.0995343
94.68,7.6417184997008,-0.131217832728616,0.0697462024505254,-0.09917309
94.69,7.66269036876499,-0.127338035886839,0.0687072575285097,-0.09870995
94.7,7.65522024312275,-0.12168327350951,0.0676839338748723,-0.09814586
94.71,7.65020675895152,-0.111765720630351,0.0666757451976651,-0.09748198
94.72,7.61769510247662,-0.102207984560289,0.065682239080872,-0.09671969
94.73,7.59526469779476,-0.0977180025785512,0.0647029794777749,-0.09586057
94.74,7.54654096056026,-0.0918899172632401,0.0637375408104621,-0.09490639
94.75,7.6328933626505,-0.0833912702948071,0.0627855076092291,-0.09385913
94.76,7.5339849459549,-0.0807408014291608,0.0618464761796411,-0.09272097
94.77,7.48586160921503,-0.0799311241247277,0.0609200560341589,-0.09149426
94.78,7.50088338440311,-0.0813056225669139,0.0600058710015374,-0.09018156
94.79,7.55189667934178,-0.0755463591149109,0.0591035596272911,-0.08878556
94.8,7.53489630526635,-0.0706938745496503,0.0582127752500584,-0.08730918
94.81,7.55880275056058,-0.0719845621572391,0.0573331856220035,-0.08575548
94.82,7.52451794680439,-0.0719604832303587,0.0564644737689757,-0.08412766
94.83,7.56426616701475,-0.0771243757137006,0.0556063361099918,-0.0824291
94.84,7.59421304654834,-0.0807250328020515,0.0547584834060637,-0.08066334
94.85,7.61577805074426,-0.0774305514984778,0.0539206403723918,-0.07883402
94.86,7.57873589611276,-0.0822805833384751,0.0530925452961583,-0.07694493
94.87,7.65768355100407,-0.0773209621591037,0.052273949942645,-0.075
94.88,7.62656584343834,-0.0726547299642192,0.0514646192911081,-0.07300325
94.89,7.61100516809389,-0.0727093326717755,0.0506643312326628,-0.07095883
94.9,7.56841377851276,-0.0664615927353884,0.0498728764108385,-0.06887096
94.91,7.55424790718985,-0.0628383956798473,0.0490900580055079,-0.06674398
94.92,7.48943909917384,-0.0643051207675465,0.0483156914747315,-0.0645823
94.93,7.51999808459282,-0.0731969456538364,0.0475496042965913,-0.06239039
94.94,7.46353842215094,-0.079691824510952,0.0467916356521656,-0.0601728
94.95,7.46144793923856,-0.0902087960898082,0.0460416343166497,-0.05793413
94.96,7.49794608467215,-0.0856293022931413,0.0452994639697485,-0.05567901
94.97,7.56715795627415,-0.0857993227695164,0.0445649981635619,-0.05341212
94.98,7.62734359990345,-0.0838936779763363,0.0438381191882308,-0.05113816
94.99,7.64722886058838,-0.0841169248537085,0.0431187205853871,-0.04886184
95,7.60143042646656,-0.0669956190654589,0.0424067061348814,-0.04658788
95.01,7.60415272822642,-0.0572852177336237,0.0417019893943334,-0.04432099
95.02,7.62319509675557,-0.0520889092227821,0.0410044931533745,-0.04206587
95.03,7.59993477170422,-0.054694862442287,0.0403141491181212,-0.0398272
95.04,7.58098227278595,-0.0472044751165086,0.0396308976649308,-0.03760961
95.05,7.53597727825258,-0.0481738050827208,0.0389546874682417,-0.0354177
95.06,7.58383208203992,-0.0540639696816306,0.0382854600793686,-0.03325602
95.07,7.62005950412867,-0.058344620852826,0.037623177595716,-0.03112904
95.08,7.63264785674579,-0.0649365736672388,0.0369678360964168,-0.02904117
95.09,7.59807431119271,-0.062140019182739,0.036319406412449,-0.02699675
95.1,7.608669299101,-0.0617798417497966,0.0356778690612874,-0.025
95.11,7.60038371466368,-0.0666381433510623,0.0350432163215238,-0.02305507
95.12,7.57529407456971,-0.0751249075539413,0.0344154476587662,-0.02116598
95.13,7.55779585223528,-0.0598816329461693,0.0337945675904861,-0.01933666
95.14,7.57175431301811,-0.0693192514614461,0.0331805860682386,-0.0175709
95.15,7.53941438057652,-0.0612108689483317,0.0325735137461685,-0.01587234
95.16,7.60319325419393,-0.0566441619302532,0.0319733685669487,-0.01424452
95.17,7.56632976779014,-0.0490889259372691,0.0313801711770701,-0.01269082
95.18,7.57617206029794,-0.0484962103036196,0.0307939457298257,-0.01121444
95.19,7.58227792840351,-0.0351936199559308,0.030214719638135,-0.00981844
95.2,7.55617250365002,-0.0423333551006662,0.0296425265688345,-0.00850574
95.21,7.47757566174732,-0.0354687018931825,0.0290773960696634,-0.00727903
95.22,7.51197474064062,-0.0493769704731361,0.0285193630987877,-0.00614087
95.23,7.51145077696586,-0.0516372059090341,0.0279684643881289,-0.00509361
95.24,7.5995307449701,-0.056623513852109,0.0274247380917575,-0.00413943
95.25,7.57751404524358,-0.0523311870360896,0.0268882234481365,-0.00328031
95.26,7.58477671423219,-0.0613599979559001,0.0263589603365191,-0.00251802
95.27,7.60413755882112,-0.057652662866753,0.0258369889954411,-0.00185414
95.28,7.60219256633848,-0.0526907596578401,0.0253223496636264,-0.00129005
95.29,7.59834366232627,-0.0449995492314584,0.0248150822464062,-0.00082691
95.3,7.56215490545016,-0.0429883819105805,0.0243152259655186,-0.0004657
95.31,7.4774724529266,-0.0427948885786189,0.023822819057862,-0.00020716
95.32,7.50558702712398,-0.0441317586247817,0.0233378487482764,-0
95.33,7.47025007645833,-0.0377051304741859,0.0228604281446477,-0
95.34,7.45765052476692,-0.0367669948520114,0.0223909117021182,-0.00039426
95.35,7.53860258372107,-0.0478577244948464,0.0219300207376993,-0.00157084
95.36,7.53359283566878,-0.045660174340475,0.0214785513790835,-0.00351118
95.37,7.51704522241392,-0.0397613869144013,0.0210371697765358,-0.00618467
95.38,7.50480616142384,-0.0343589561357981,0.0206066297613597,-0.00954915
95.39,7.49754002495511,-0.0413935301655547,0.0201877756797287,-0.01355157
95.4,7.49911563049235,-0.0445171029339862,0.0197814652100719,-0.0181288
95.41,7.4717660425977,-0.0442256829882255,0.0193884929162031,-0.02320866
95.42,7.42616355484013,-0.0345110638960339,0.0190095325544986,-0.02871104
95.43,7.44569418435778,-0.040744469007242,0.0186451044481761,-0.03454915
95.44,7.44190063480193,-0.0492052184142031,0.0182955558272376,-0.04063093
95.45,7.45284272820362,-0.0441432399681456,0.0179610429028349,-0.04686047
95.46,7.39808295664912,-0.0362743144922755,0.0176415502016731,-0.05313953
95.47,7.4273644179396,-0.0399011478206847,0.017336883814942,-0.05936907
95.48,7.46951041088551,-0.0432788328706178,0.0170466397698337,-0.06545085
95.49,7.49892872865615,-0.0345043669825844,0.0167702606724873,-0.07128896
95.5,7.48894838896544,-0.0285165083389134,0.0165070177003106,-0.07679134
95.51,7.53524276900187,-0.0239866025585206,0.0162560256327801,-0.0818712
95.52,7.55889861235732,-0.0308144547337748,0.0160162576023787,-0.08644843
95.53,7.55031313440311,-0.0306861505977842,0.015786561663199,-0.09045085
95.54,7.5366398089758,-0.0224106941031998,0.0155656797375828,-0.09381533
95.55,7.53938211464889,-0.0143097565020201,0.0153522677721753,-0.09648882
95.56,7.49677369806412,-0.0173523044885806,0.0151449176662901,-0.09842916
95.57,7.472571354976,-0.0117160891530629,0.014942180120416,-0.09960574
95.58,7.45180322279168,-0.0135433365487286,0.0147425438194833,-0.09995241
95.59,7.46799615777511,-0.0178500877822502,0.0145449834745676,-0.1
95.6,7.49015503673326,-0.0234765955638993,0.0143489219283983,-0.09995241
95.61,7.49593761123691,-0.0259719864748475,0.0141536716471723,-0.09980973
95.62,7.48510467675576,-0.0305485093871707,0.0139585769997277,-0.09957224
95.63,7.50819616421283,-0.0285527924912452,0.0137631968766748,-0.09924039
95.64,7.50876350925749,-0.0322408549688117,0.0135672886362596,-0.0988148
95.65,7.46810733547741,-0.0278129532712105,0.0133707405108325,-0.09829629
95.66,7.42336023801188,-0.028126531052216,0.0131735096198804,-0.09768585
95.67,7.45392326585034,-0.0224779403202264,0.0129755810482724,-0.09698463
95.68,7.44988780925039,-0.0275838425539952,0.012776946938254,-0.09619398
95.69,7.43164156124794,-0.0342612047929784,0.0125775981642603,-0.09531539
95.7,7.4269342647996,-0.0384254085868363,0.0123775225111582,-0.09435054
95.71,7.42659331697676,-0.0363178946798535,0.0121767055657059,-0.09330127
95.72,7.44598667876901,-0.0390130346004274,0.0119751321402675,-0.09216957
95.73,7.48493403265117,-0.0365777005313831,0.0117727875817866,-0.0909576
95.74,7.53241475659076,-0.0381099305383861,0.0115696586684622,-0.08966767
95.75,7.5337076832269,-0.0406391187083742,0.0113657341903372,-0.08830222
95.76,7.5765330400027,-0.0381383989448621,0.0111610053596385,-0.08686387
95.77,7.58161461008822,-0.0387535271241348,0.0109554661619775,-0.08535534
95.78,7.57902144454306,-0.0405334123305175,0.0107491132722533,-0.08377951
95.79,7.60364995838706,-0.0313422198455179,0.0105419465670661,-0.08213938
95.8,7.56126858438112,-0.0250302638074763,0.0103339691618755,-0.08043807
95.81,7.48103542225177,-0.0281378951185273,0.0101251875760333,-0.07867882
95.82,7.50218034834062,-0.0152093615019132,0.00991561188365521,-0.07686498
95.83,7.45058907762671,-0.00572602733534624,0.00970525582621983,-0.075
95.84,7.38336802524239,-0.00235914508943183,0.00949413691752787,-0.07308743
95.85,7.35285146865647,-0.00276720384804444,0.00928227653403952,-0.07113091
95.86,7.33842904650694,-0.0129006365158985,0.00906970019557688,-0.06913417
95.87,7.3583179911518,-0.00676971004053317,0.00885643701127925,-0.06710101
95.88,7.41135731809268,-0.00546905111587151,0.00864252030470592,-0.06503529
95.89,7.40893595396206,-0.0107271668305308,0.00842798746342943,-0.06294095
95.9,7.42612781207446,-0.0208286240201457,0.0082128799481616,-0.06082198
95.91,7.48319453727269,-0.0242579823690606,0.00799724325857307,-0.05868241
95.92,7.53796128512508,-0.0276816787338965,0.00778112691466867,-0.05652631
95.93,7.53828018607387,-0.0277485353332098,0.00756458433320005,-0.05435779
95.94,7.55328831770702,-0.0345315506783849,0.00734767307092615,-0.05218097
95.95,7.53021742628999,-0.0303532135019828,0.00713045445068938,-0.05
95.96,7.51330165811106,-0.0265181241885624,0.00691299359941111,-0.04781903
95.97,7.50472444711606,-0.0193419518465845,0.00669535933074717,-0.04564221
95.98,7.51621413076013,-0.0248565522399814,0.00647762408743808,-0.04347369
95.99,7.48622564699562,-0.018919114673334,0.00625986376929282,-0.04131759
96,7.45429071704708,-0.0166297293498581,0.00604215765002357,-0.03917802
96.01,7.46308891240554,-0.0198295923839187,0.00582458824369319,-0.03705905
96.02,7.45386696760723,-0.0204814829676879,0.00560724116697158,-0.03496471
96.03,7.43752504958748,-0.0237205224925885,0.00539020496702924,-0.03289899
96.04,7.42996269997497,-0.0304637309232498,0.00517357097820569,-0.03086583
96.05,7.42802105657903,-0.0236691634325459,0.00495743313527845,-0.02886909
96.06,7.45712822569484,-0.0216016586908894,0.00474188779064653,-0.02691257
96.07,7.49314904069098,-0.0180859032328892,0.00452703356103228,-0.025
96.08,7.47637572455373,-0.00661539780763538,0.00431297110620131,-0.02313502
96.09,7.47539459750956,-0.00729378828818802,0.00409980296076471,-0.02132118
96.1,7.48908993827324,-0.00231085640217557,0.00388763329091667,-0.01956193
96.11,7.4730105079426,0.00028058978948651,0.00367656759641307,-0.01786062
96.12,7.43993783763625,0.00213874280064755,0.00346671284961707,-0.01622049
96.13,7.43147813546548,0.000803676341815051,0.003258176915843,-0.01464466
96.14,7.41808139003715,-0.00344735949499487,0.00305106846339241,-0.01313613
96.15,7.41008469115175,-0.0177588422489229,0.00284549672243375,-0.01169778
96.16,7.39178299897698,-0.0119009953701003,0.00264157125747942,-0.01033233
96.17,7.3738162854776,-0.0210787051830489,0.00243940175402147,-0.0090424
96.18,7.40049105416409,-0.0235972036182703,0.00223909778113664,-0.00783043
96.19,7.43791517929054,-0.0241690073689368,0.00204076853853827,-0.00669873
96.2,7.42620467333248,-0.0270644221063598,0.00184452266072118,-0.00564946
96.21,7.41417240885148,-0.0249979979090307,0.00165046795535086,-0.00468461
96.22,7.42467585305899,-0.0201892932016448,0.00145871115693066,-0.00380602
96.23,7.43893793104073,-0.0210400426663075,0.00126935775012901,-0.00301537
96.24,7.4077558100383,-0.00372319516115936,0.00108251166942712,-0.00231415
96.25,7.3874111766021,0.00264740950949326,0.000898275114718692,-0.00170371
96.26,7.36316632475124,-0.00448311992948302,0.000716748305719377,-0.0011852
96.27,7.36965716707997,0.00135091777409151,0.000538029242243556,-0.00075961
96.28,7.33376159913378,-0.00697801843134726,0.000362213526416418,-0.00042776
96.29,7.31458293096908,-0.0118741528500097,0.000189394098550085,-0.00019027
96.3,7.31378360731136,-0.015804364240356,1.96165398991741e-05,-0
96.31,7.35407533793394,-0.0213246772240034,-0.000146962604641851,-0
96.32,7.38492562561779,-0.0211522677141808,-0.000309923229336762,-0.00039426
96.33,7.38473742750916,-0.0146756735560419,-0.000468470617447155,-0.00157084
96.34,7.35021822756517,-0.0113264455469071,-0.000621746066508782,-0.00351118
96.35,7.42337199291022,-0.00839305439532786,-0.000769023998145067,-0.00618467
96.36,7.4071206326789,-0.00923702279885083,-0.000909487613493704,-0.00954915
96.37,7.37941002376781,-0.0074458304752204,-0.00104223487793283,-0.01355157
96.38,7.38431214835976,-0.00806797323037464,-0.00116635314139359,-0.0181288
96.39,7.38042698248009,-0.00232278526940567,-0.0012809964127542,-0.02320866
96.4,7.4260332015609,-0.00456603760012979,-0.00138547612313931,-0.02871104
96.41,7.42561673231549,-0.0123775923693841,-0.0014792651975696,-0.03454915
96.42,7.40108154758565,-0.00591654147318136,-0.00156200144390404,-0.04063093
96.43,7.48064277844598,-0.00200044838744396,-0.00163358640232411,-0.04686047
96.44,7.5260345267917,-0.00302233280344255,-0.00169405752340623,-0.05313953
96.45,7.50297972732182,-0.00820689602999299,-0.00174376291108139,-0.05936907
96.46,7.48936398664392,-0.0157852599571821,-0.00178311953245952,-0.06545085
96.47,7.42958377477213,-0.0222599856059982,-0.0018128329885594,-0.07128896
96.48,7.48203179174736,-0.0217767871593453,-0.00183379527667362,-0.07679134
96.49,7.49858230027972,-0.0261663431812311,-0.00184708067373083,-0.0818712
96.5,7.42120145181666,-0.0161742395777354,-0.00185392977030513,-0.08644843
96.51,7.43393050881101,-0.0125305550175559,-0.00185572128631373,-0.09045085
96.52,7.43360192475085,-0.0171731589638513,-0.001853907367833,-0.09381533
96.53,7.46218682763364,-0.0212081562788194,-0.00184998334657428,-0.09648882
96.54,7.46771108637614,-0.010951903227648,-0.00184523763686592,-0.09842916
96.55,7.40546834481369,-0.0118669288631212,-0.00184080687589156,-0.09960574
96.56,7.39080023128381,-0.00473268369203233,-0.00183759617868707,-0.09994504
96.57,7.4509616750278,-0.00335352212048153,-0.00183584413507049,-0.1
96.58,7.41548823087828,0.000763508434057304,-0.00183524718978267,-0.09994504
96.59,7.4648357395449,-0.0018230141338532,-0.00183573859053051,-0.0997803
96.6,7.48108897285327,0.00554990827031211,-0.00183743323703149,-0.09950613
96.61,7.48866829331909,-0.000193638238907163,-0.00184048415551208,-0.09912313
96.62,7.52510640467297,-0.00295633731184047,-0.00184502632124915,-0.09863215
96.63,7.52267620743583,-0.00450882800023025,-0.00185120943223575,-0.09803426
96.64,7.48796443809472,-0.00883449244281113,-0.00185917917838071,-0.09733078
96.65,7.49913439469967,-0.0205933658844224,-0.00186910910891003,-0.09652326
96.66,7.49446912725602,-0.0111253237488018,-0.00188111465760141,-0.09561348
96.67,7.4966306756606,-0.0135844590522618,-0.00189532028854576,-0.09460342
96.68,7.48680905403146,-0.0134803372983429,-0.00191185461388651,-0.09349532
96.69,7.4839650252959,-0.010910073248881,-0.00193083484051733,-0.0922916
96.7,7.50686907480183,-0.0130765078505617,-0.0019523760748676,-0.09099492
96.71,7.50983324788268,-0.0130153593518891,-0.00197656774964399,-0.08960812
96.72,7.51420384866513,-0.00893846245285739,-0.00200349942645973,-0.08813426
96.73,7.48281163420435,-0.00661123625394329,-0.00203324064312018,-0.08657657
96.74,7.48767896423114,-0.00470080208548052,-0.00205704665290525,-0.09428514
96.75,7.46843938571495,0.0016651427464144,-0.00206251543480452,-0.11126357
96.76,7.40605289837027,0.00939632223207499,-0.00204121772395435,-0.13751564
96.77,7.36195472981639,0.0110688016216425,-0.00198409001091482,-0.17304527
96.78,7.28754967281065,0.00873399905155081,-0.00188737948979234,-0.21785654
96.79,7.21204411085976,0.0093571542185925,-0.0017582611479796,-0.27195369
96.8,7.16990110872244,0.0157220646610436,-0.00160055353431951,-0.33534106
96.81,7.06030671534331,0.0212470133110594,-0.00141552732554272,-0.40802315
96.82,7.02712145650057,0.0188277984961527,-0.00120357004650868,-0.49000455
96.83,7.00891018916018,0.0173596502534282,-0.000973325099563108,-0.57194329
96.84,6.97013290343523,0.0239619113902826,-0.000735944151273097,-0.65384417
96.85,6.9325066212231,0.0221231041729229,-0.000495470330445074,-0.73571207
96.86,6.89325571472013,0.0335634695318095,-0.000253356668026974,-0.81755193
96.87,6.84072945494497,0.0367314618285484,-1.01183779072818e-05,-0.89936878
96.88,6.7583695229086,0.0372112858152113,0.000234066631412181,-0.98116767
96.89,6.72333342858021,0.0383381682278215,0.000479141913401138,-1.0629537
96.9,6.64432821146811,0.033553137621587,0.000725094857765313,-1.14473201
96.91,6.59341531262019,0.0294253462108463,0.000971928544947953,-1.22650775
96.92,6.53383604598752,0.037900897468964,0.00121965225008337,-1.30828606
96.93,6.4341221864617,0.0308950842012722,0.00146827716673722,-1.39007209
96.94,6.3440957335276,0.0308557314634013,0.00171781532564211,-1.47187098
96.95,6.27169108998087,0.0309398620874986,0.00196827906123351,-1.55368783
96.96,6.16925683583599,0.0422386455712559,0.00221968080806547,-1.63552769
96.97,6.15501020406635,0.0500999432358518,0.00247203302779248,-1.71739559
96.98,6.0226918931981,0.0484562388120702,0.00272534815645767,-1.79929647
96.99,5.96261320114904,0.0481280584735692,0.00297963852924298,-1.88123521
97,5.88138429713221,0.047669139107005,0.00323491639434376,-1.96321661
97.01,5.77999899410491,0.0366942695659393,0.00349119384451762,-2.04524536
97.02,5.68524587659008,0.0330822645963989,0.00374848279128789,-2.12732607
97.03,5.62663964278024,0.0274671575180872,0.00400679494892267,-2.20946321
97.04,5.47305420285426,0.0231233383005642,0.00426614179913882,-2.29166115
97.05,5.44589843963478,0.0307215315377775,0.00452653462286117,-2.37392411
97.06,5.43789632553421,0.0701070843214361,0.00478798419120707,-2.45625617
97.07,5.6501420215009,0.135123078392079,0.00505050116037018,-2.53866126
97.08,6.05037272428999,0.230084450560373,0,-2.62114315
97.09,6.60816354809726,0.341284218538669,0.00178766066282707,-2.70370545
97.1,7.25971151588136,0.462024314914162,0.00556271244585223,-2.78635158
97.11,8.06235159484467,0.595825690127409,0.0112161211147897,-2.86908477
97.12,8.95895208717826,0.743326467663722,0.0184288105174818,-2.95190808
97.13,9.96229615886785,0.865883883888415,0.0269066100284414,-3.03482436
97.14,10.8982773000725,0.981734346902836,0.0364358332708482,-3.11783625
97.15,11.8073385408324,1.07093649245012,0.0468828015997913,-3.20094618
97.16,12.630090615703,1.15041315891477,0.058163949520882,-3.28415639
97.17,13.3756901660161,1.21957999412053,0.0702226669386051,-3.36746886
97.18,14.0481803890292,1.26807235862214,0.0830088490918183,-3.45088537
97.19,14.6302765734934,1.30755235606456,0.0963573516264528,-3.53440748
97.2,15.0821725172662,1.32032622740968,0.109985924340769,-3.61803649
97.21,15.4080063475106,1.31808277722918,0.123672520138315,-3.70177348
97.22,15.5939034044651,1.32890076533812,0.137296737612783,-3.7856193
97.23,15.7192464463217,1.32891343629678,0.150807914043949,-3.86951959
97.24,15.8399148597753,1.31576495701749,0.164194057953525,-3.95363958
97.25,15.9388488833008,1.31780372742054,0.177458621961052,-4.03815383
97.26,16.0151489937125,1.29813987888061,0.190608278858824,-4.1234504
97.27,16.054106625652,1.29255748937402,0.203648792386224,-4.20951073
97.28,16.1598938098933,1.29157040988989,0.216583942580398,-4.29630421
97.29,16.2438800377615,1.28631274645905,0.229416086143419,-4.38378868
97.3,16.3229697542381,1.26793046994143,0.242146845674685,-4.47191109
97.31,16.4245861333356,1.26518706770087,0.254777548390785,-4.56060832
97.32,16.4889830612489,1.24590325281634,0.267305674302743,-4.6404615
97.33,16.5444280093277,1.24552749799496,0.279724982476406,-4.71139054
97.34,16.6347789508549,1.23985821766921,0.292030752122563,-4.77330864
97.35,16.7179449562032,1.23446209954152,0.304218834048676,-4.82612376
97.36,16.8321650571169,1.21155246163187,0.316285049528056,-4.86973996
97.37,16.9901689304352,1.19581780124728,0.328224754407237,-4.90405901
97.38,17.0662279124062,1.18444116904009,0.340033634205894,-4.92898188
97.39,17.1730310794833,1.16789294327639,0.351699895264946,-4.92798286
97.4,17.270618498213,1.14415848186284,0.363204925896955,-4.90096602
97.41,17.3532666585257,1.1277402620084,0.374536698230344,-4.85718598
97.42,17.443118142101,1.10220537984156,0.385688006808604,-4.79655595
97.43,17.5798947832942,1.07814471582203,0.396649929966763,-4.71899582
97.44,17.6469785789699,1.06568198503124,0.407411948397002,-4.6244334
97.45,17.7404557870854,1.03822157188143,0.417963555069995,-4.51280557
97.46,17.8644212997652,1.01835071235733,0.428293575533467,-4.38405928
97.47,17.9901085884767,1.00104975609251,0.438390767105661,-4.23815235
97.48,18.1638461070173,0.980617258480351,0.448251483451559,-4.09148167
97.49,18.3329333613416,0.947143207211172,0.457878483819205,-3.94397205
97.5,18.4626524799941,0.922081064981012,0.467271588378393,-3.79618142
97.51,18.6587758439333,0.894451914173909,0.47642952541633,-3.64827753
97.52,18.7616866205137,0.868311736061705,0.485351678871354,-3.50026051
97.53,18.9471295231571,0.845392425410791,0.494037264926478,-3.35213072
97.54,19.1178388131244,0.816754336642118,0.502485650138296,-3.20388883
97.55,19.2636564288172,0.791243830288414,0.51069673033182,-3.05553572
97.56,19.3676917694008,0.77519606526576,0.518670376811669,-2.90707253
97.57,19.5139953822401,0.752828673033261,0.526406438337007,-2.75850067
97.58,19.5708103890345,0.728760313208253,0.533904741947097,-2.60982176
97.59,19.7750649087236,0.702312170352298,0.541165090585983,-2.46103771
97.6,19.8878994145551,0.679071932436007,0.548187256336119,-2.31215063
97.61,19.9851193405749,0.654522223866722,0.554971001726962,-2.16316287
97.62,20.0920805672429,0.630653233096908,0.56151606314239,-2.01407702
97.63,20.2400430039824,0.61008099792438,0.567822175899718,-1.86489588
97.64,20.3223483356023,0.592149114208764,0.57388908439336,-1.71562248
97.65,20.4877666714242,0.566315274253804,0.579716485053869,-1.56626005
97.66,20.6007915944103,0.550121864626644,0.585304037631129,-1.41681201
97.67,20.6617964081568,0.530849731712605,0.590651427910306,-1.26728201
97.68,20.6400255227264,0.473024545988716,0.595758322503242,-1.11767384
97.69,20.1336032490631,0.30574640167618,0.600624366468763,-0.96799149
97.7,19.2775315468372,0.0922629527117369,0.605249184814664,-0.81823913
97.71,18.2449781721075,-0.143618242292118,0.609110790015418,-0.66842107
97.72,17.0573006966621,-0.380272985521978,0.606590515378497,-0.53496924
97.73,15.7900327101957,-0.615866599228107,0.598803336361439,-0.41788826
97.74,14.486616024732,-0.843846539942872,0.588514305046585,-0.31718285
97.75,13.3082973303589,-1.02316180422939,0.57719430142381,-0.23285785
97.76,12.593115778155,-1.09474452314564,0.565624283507856,-0.16491824
97.77,12.1695474140291,-1.10809990390541,0.554166209051397,-0.11336905
97.78,11.8739464673754,-1.1056695801858,0.542947163537522,-0.07821542
97.79,11.7828197033427,-1.07969115928047,0.531985006198675,-0.05946256
97.8,11.6667510065083,-1.06246994358482,0.521261972573782,-0.05711574
97.81,11.5995252220267,-1.04194206744223,0.510752982755536,-0.0547528
97.82,11.5157360514785,-1.02323820094835,0.500436216648463,-0.0523791
97.83,11.4206999357002,-1.00084198133326,0.490302916803001,-0.05
97.84,11.2886235143786,-0.990530126594312,0.480350373663552,-0.0476209
97.85,11.2012747534989,-0.966478639886597,0.470577755688669,-0.0452472
97.86,11.028397481313,-0.954433468413343,0.46098420697355,-0.04288426
97.87,10.9102288984751,-0.931348190378458,0.451568479107862,-0.04053744
97.88,10.8335507136775,-0.909795218109052,0.442328533532263,-0.03821205
97.89,10.7281840560966,-0.900543511015391,0.433261908646461,-0.03591337
97.9,10.5726684508556,-0.883386796645758,0.424366164933686,-0.0336466
97.91,10.514317664586,-0.86902192456864,0.415638864730835,-0.03141688
97.92,10.4042836782007,-0.848468384458397,0.407077619825835,-0.02922925
97.93,10.3150215727884,-0.82892270957171,0.398680086847189,-0.02708867
97.94,10.2046057047969,-0.819087683482731,0.390443984814523,-0.025
97.95,10.0737994505316,-0.803740694973233,0.382367006025094,-0.02296796
97.96,9.96731382396136,-0.772727366314132,0.374446850112452,-0.02099715
97.97,9.88574161781056,-0.756953627623761,0.36668125310279,-0.01909205
97.98,9.77679259783652,-0.73860300071991,0.359067998689788,-0.01725696
97.99,9.74008511309492,-0.727824640802502,0.351604839960111,-0.01549605
98,9.66302673515352,-0.722860770485126,0.344289569574961,-0.0138133
98.01,9.57826564367398,-0.713174338565954,0.337120088467375,-0.01221252
98.02,9.52667889371117,-0.699713036821159,0.330094228712094,-0.01069735
98.03,9.51365296371156,-0.694932265724306,0.32320967122651,-0.0092712
98.04,9.45464963218672,-0.683345299498359,0.316464270222559,-0.00793732
98.05,9.38241943084304,-0.665007924464837,0.309855925163995,-0.00669873
98.06,9.30506439530632,-0.648028089721701,0.303382525909312,-0.00555823
98.07,9.27436828486813,-0.624915181170987,0.297041967359556,-0.0045184
98.08,9.26188291495088,-0.601891955494228,0.290832196864854,-0.0035816
98.09,9.17810083860213,-0.588433466438672,0.284751096478478,-0.00274996
98.1,9.07020068072614,-0.578851073713918,0.278796616566551,-0.00202535
98.11,9.06662180936934,-0.562022074095913,0.272966716117034,-0.00140942
98.12,9.00735059921976,-0.552296535324289,0.267259371820464,-0.00090357
98.13,8.96356654936205,-0.537678167715628,0.261672576263916,-0.00050893
98.14,8.83563522009225,-0.524076741094048,0.256204329228768,-0.0002264
98.15,8.77146146936316,-0.523545174743003,0.25085262014605,-0
98.16,8.77415824744147,-0.515751832933935,0.245615552867824,-0
98.17,8.76008317169974,-0.502656521540083,0.240491362856201,-0.00039426
98.18,8.67145624591947,-0.495148915478478,0.23547873174979,-0.00157084
98.19,8.63841591644371,-0.482859029099949,0.230576348654988,-0.00351118
98.2,8.5798170807889,-0.477551070961308,0.225782632006771,-0.00618467
98.21,8.58613279874768,-0.472441257974697,0.221096398675506,-0.00954915
98.22,8.58153454350287,-0.449818891578452,0.216516261401834,-0.01355157
98.23,8.50867089729802,-0.436373041379419,0.212040908068484,-0.0181288
98.24,8.48036020234999,-0.422484041634545,0.207669035002652,-0.02320866
98.25,8.45307891195325,-0.405987540952342,0.203399086283208,-0.02871104
98.26,8.41880822890764,-0.392329471527216,0.199229631961947,-0.03454915
98.27,8.40048700528631,-0.381370787436009,0.195159140444694,-0.04063093
98.28,8.36581504941594,-0.372784387946433,0.19118596662521,-0.04686047
98.29,8.31579403616055,-0.365692699057506,0.187308352751433,-0.05313953
98.3,8.29485063801255,-0.357504385068648,0.183524509453175,-0.05936907
98.31,8.19372317847703,-0.349536281109899,0.179832543089385,-0.06545085
98.32,8.21765062626363,-0.350033104973611,0.176230394894778,-0.07128896
98.33,8.20829922982316,-0.346116053291463,0.172716014993748,-0.07679134
98.34,8.17578593842414,-0.335020910954246,0.169287178838814,-0.0818712
98.35,8.15253822735457,-0.331336617568712,0.165941604964994,-0.08644843
98.36,8.11619827735536,-0.318553239972206,0.162676957873067,-0.09045085
98.37,8.11652089536121,-0.32037774945784,0.159490817286634,-0.09381533
98.38,8.14395006169028,-0.315584876145907,0.156380704516731,-0.09648882
98.39,8.10080227505494,-0.304386943768501,0.153344113281099,-0.09842916
98.4,8.10381262466943,-0.298849217015222,0.150378462622792,-0.09960574
98.41,8.07646606405889,-0.288507470665413,0.147481135543912,-0.09994504
98.42,8.04216366364276,-0.278071571080666,0.144649920284478,-0.1
98.43,8.01836922111928,-0.276053562591285,0.141882985608012,-0.09994504
98.44,7.98652865526549,-0.261809808670221,0.139178443434565,-0.0997803
98.45,7.94873747288122,-0.257975305631874,0.136534371897311,-0.09950613
98.46,7.892611631876,-0.254123631135452,0.133948967456549,-0.09912313
98.47,7.87237283024018,-0.244026164135219,0.13142056054744,-0.09863215
98.48,7.85973442479287,-0.244732958981841,0.128947580723942,-0.09803426
98.49,7.86010411306865,-0.239599208650714,0.126528519228577,-0.09733078
98.5,7.89707702323914,-0.234321288215777,0.124161905117808,-0.09652326
98.51,7.88787613018753,-0.223278397619409,0.121846293621242,-0.09561348
98.52,7.84394079437152,-0.216219467505482,0.119580264580725,-0.09460342
98.53,7.86116568352295,-0.215015685206865,0.117362424184857,-0.09349532
98.54,7.80520716520189,-0.209450250123477,0.115191407307714,-0.0922916
98.55,7.79103858565494,-0.200964871796278,0.113065879389374,-0.09099492
98.56,7.80386925140696,-0.194670432084651,0.110984537597475,-0.08960812
98.57,7.70788298615388,-0.187509232714979,0.10894611215341,-0.08813426
98.58,7.67034456402758,-0.185270917213721,0.106949364922671,-0.08657657
98.59,7.70768110271254,-0.183445986731763,0.104993090960115,-0.08493847
98.6,7.71672641612864,-0.171316348356209,0.103076117829709,-0.08322357
98.61,7.78258214268156,-0.175794284005875,0.101197307495503,-0.08143564
98.62,7.79679848924032,-0.174639360750302,0.0993555462499259,-0.07957861
98.63,7.75040958239941,-0.172886700237489,0.0975497656290519,-0.07765656
98.64,7.76842318271587,-0.174180079193647,0.0957789227728823,-0.07567371
98.65,7.84606349853572,-0.174304312260913,0.0940420082387621,-0.07363443
98.66,7.85911286189319,-0.170205660050741,0.0923380451907501,-0.07154319
98.67,7.84641319007116,-0.1676810961496,0.0906660890621222,-0.06940459
98.68,7.8033420813681,-0.152148873024139,0.0890252267812482,-0.06722334
98.69,7.83813065596078,-0.153753702334318,0.0874145769094212,-0.06500423
98.7,7.867784167777,-0.148245033778543,0.0858332889733014,-0.06275214
98.71,7.87442267493622,-0.14010383755444,0.0842805433531393,-0.06047201
98.72,7.81283751229418,-0.134465557609224,0.082755550789563,-0.05816887
98.73,7.7992837048396,-0.12848540153165,0.0812575520550008,-0.05584777
98.74,7.7445918993715,-0.132325782902374,0.0797858170827018,-0.05351381
98.75,7.66693919487468,-0.132027912870128,0.0783396450211385,-0.05117213
98.76,7.57995849226007,-0.121273515359119,0.0769183633682422,-0.04882787
98.77,7.55630503906952,-0.123362746600382,0.0755213273373529,-0.04648619
98.78,7.57313790008051,-0.126722075928187,0.0741479193222799,-0.04415223
98.79,7.5796965564352,-0.134377066960364,0.0727975587646793,-0.04183113
98.8,7.54610214552069,-0.133964176984792,0.0714696684803191,-0.03952799
98.81,7.57549444141413,-0.130253812482932,0.0701637021023151,-0.03724786
98.82,7.64112203439448,-0.123214712547536,0.068879152575446,-0.03499577
98.83,7.65507340785539,-0.121086808003941,0.067615528215033,-0.03277666
98.84,7.66682847592692,-0.114283126902193,0.0663723610106243,-0.03059541
98.85,7.65297040928805,-0.107755424159675,0.0651492051507659,-0.02845681
98.86,7.6274298317809,-0.0985866600225143,0.0639456363453836,-0.02636557
98.87,7.63643140592229,-0.0987378853678915,0.0627612670745086,-0.02432629
98.88,7.58700259136964,-0.100239141402673,0.0615956900871669,-0.02234344
98.89,7.58217748460309,-0.117225193655703,0.0604485479939102,-0.02042139
98.9,7.56242160587352,-0.12355993326225,0.059319498284472,-0.01856436
98.91,7.5788195176665,-0.113857857559636,0.0582082138738904,-0.01677643
98.92,7.58008982517875,-0.117946416782252,0.0571143839939801,-0.01506153
98.93,7.58755990190669,-0.117671769793323,0.056037714475704,-0.01342343
98.94,7.56240443625003,-0.121184496892773,0.0549813362366827,-0.01583877
98.95,7.58123294350976,-0.117534966022516,0.0539501129552107,-0.02231097
98.96,7.51924358418493,-0.108081006954521,0.0529474075067168,-0.03284327
98.97,7.53379702805211,-0.100472398529441,0.0519771056830257,-0.04743872
98.98,7.48689644463319,-0.104340796633167,0.0510440455529222,-0.06610016
98.99,7.49215302351449,-0.098071959098456,0.0501537948063884,-0.08883025
99,7.49267640460548,-0.0961030191582715,0.0493122732623785,-0.11563142
99.01,7.52917367155898,-0.086063801670072,0.0485254861335582,-0.14650589
99.02,7.51946280945356,-0.0759429094209307,0.0477993807460489,-0.18145566
99.03,7.56490717820073,-0.0649302282283686,0.0471362427133865,-0.21650947
99.04,7.56103802180774,-0.0557530531406934,0.0465364989419999,-0.25166887
99.05,7.57865251966482,-0.0485921242471341,0.0460020142366707,-0.28693518
99.06,7.54576702795002,-0.0394459288359958,0.0455339144063708,-0.32230947
99.07,7.49572018008517,-0.0222725909565638,0.0451321614373074,-0.35779259
99.08,7.4621354528312,-0.00523598301568089,0.0447957395647249,-0.39333017
99.09,7.44902221926843,-0.000549969979841818,0.0445232213428774,-0.42908746
99.1,7.4613706837898,0.0106234595107579,0.0443131665439873,-0.46523902
99.11,7.425308205201,0.0193253012124049,0.0441643775233594,-0.50217288
99.12,7.40761367497045,0.022924756039388,0.0440756342859767,-0.5398705
99.13,7.42473542216203,0.0318502304120017,0.0440453536413671,-0.57830128
99.14,7.43610211697218,0.0301459894056232,0.0440710146089417,-0.61742306
99.15,7.4078378568462,0.0230395152760834,0.0441387195900415,-0.65718276
99.16,7.41743107234667,0.0204600749730355,0.0442247029684351,-0.69751728
99.17,7.38001902581001,0.0109854258094636,0.0443186341213861,-0.73835443
99.18,7.39879896474728,0.00177506479120259,0.0444167654482048,-0.77961409
99.19,7.32669979386663,0.00321752709919837,0.044517616515733,-0.8212095
99.2,7.31036463610052,-0.00346819047411619,0.0446203972139262,-0.86304857
99.21,7.28236928329028,-0.00215522580354024,0.0447249255587213,-0.9050354
99.22,7.24655117914366,0.000809168641470344,0.0448308103781061,-0.94707174
99.23,7.20818410406546,0.0111542972673162,0.0449378819320683,-0.98905857
99.24,7.14957582558634,0.018024350189649,0.0450456423087843,-1.03089764
99.25,7.09368863264693,0.0226949552666111,0.0451538219087159,-1.07249304
99.26,7.09634114469163,0.023957205590375,0.0452621649957594,-1.11375271
99.27,7.01471434048997,0.0194235701363465,0.0453704113359895,-1.15458986
99.28,6.98429251305585,0.00668169967797955,0.0454783059054387,-1.19492438
99.29,6.9571630112797,0.0147636582413294,0.0455854860480275,-1.23468408
99.3,6.90997955095586,0.00855162052758214,0.0456918585832097,-1.27380586
99.31,6.88933511336122,0.0106584929575786,0.0457973079753441,-1.31223663
99.32,6.81939161317579,0.00331144743908871,0.045901628396507,-1.34993426
99.33,6.78697389977457,-0.00127192788200338,0.0460045663937328,-1.38686812
99.34,6.77297168085135,0.00132801006892493,0.0461061220153567,-1.42296786
99.35,6.73944502367257,0.00909260236471523,0.0462066311288957,-1.45877696
99.36,6.69651465562296,0.00968414791378115,0.0463070386736055,-1.49448244
99.37,6.68778574563727,0.0170900646164627,0.046407540437333,-1.53008438
99.38,6.62925700610485,0.0124690959594745,0.0465082941403014,-1.56558313
99.39,6.62473067049564,0.020820718371641,0.0466094042354131,-1.6009792
99.4,6.58641610609398,0.0288350539066683,0.0467108820814971,-1.63627336
99.41,6.55397386259322,0.0306235226542496,0.0468127280582541,-1.67146656
99.42,6.5130919691661,0.0372437409476308,0.0469149391489437,-1.70655997
99.43,6.51807745227863,0.021767406217706,0.0470175116731186,-1.74155496
99.44,6.45092215233125,0.0130511409620831,0.047120442216085,-1.77645313
99.45,6.42195856511817,0.0125249115640813,0.0472237279091362,-1.81125623
99.46,6.40783003534155,0.0100093019693049,0.0473273665463884,-1.84596627
99.47,6.40232197578336,0.00895494489609329,0.0474313566168172,-1.8805854
99.48,6.38584979571639,0.00650818639928132,0.0475356972677965,-1.91511598
99.49,6.34405193267615,-0.0021368583058296,0.047640388347428,-1.94956056
99.5,6.26909534332415,0.00436114900959587,0.0477454303673336,-1.98392186
99.51,6.2925242177813,0.00168768688455037,0.0478508244676848,-2.01820276
99.52,6.30388642613965,0.000547790691969646,0.0479528369650112,-2.04843331
99.53,6.2704706065186,0.00508526968987668,0.0480467541011384,-2.07461672
99.54,6.25725220066516,-0.00970739758785228,0.0481262293557736,-2.09174688
99.55,6.22321217182788,-0.016835946179844,0.0481841318494741,-2.09982733
99.56,6.24491393116496,-0.0133225317784436,0.0482182390942921,-2.09886171
99.57,6.27906689241596,-0.0159279359402177,0.0482276563090726,-2.08885382
99.58,6.26383827147957,-0.0170716133101863,0.0482120364136109,-2.06980757
99.59,6.25045490140598,-0.0171617109119313,0.0481712026070501,-2.04172701
99.6,6.23548985637341,-0.0175385497208076,0.0481051045586286,-2.00461625
99.61,6.22321388226433,-0.01533365332751,0.0480173792182631,-1.96245259
99.62,6.24930048064119,-0.00350799133389166,0.0479127366528545,-1.91524033
99.63,6.26422830095339,-0.00623009658687916,0.0477975001206319,-1.86799337
99.64,6.30068801742186,-0.00120784666599676,0.0476784195805131,-1.82071619
99.65,6.34095627605098,-0.00122466541892299,0.0475575766643673,-1.77341332
99.66,6.40129140541372,-0.00447128686091789,0.047435835495235,-1.72608937
99.67,6.50619584436608,-0.00579215975133335,0.0473135175291611,-1.67874898
99.68,6.57323256049302,0.00247188339846796,0.0471907399344422,-1.63139681
99.69,6.66947684543071,-0.00559341379164203,0.0470675502944901,-1.58403757
99.7,6.72394939830805,-0.00710369133403291,0.0469439717255697,-1.53667598
99.71,6.7530810251911,-0.0132066593697663,0.0468200196483336,-1.48931674
99.72,6.81726048954261,-0.0158063198680038,0.0466957062172866,-1.44196457
99.73,6.85703650043813,-0.0108489082299511,0.0465708786503576,-1.39462418
99.74,6.91730311851911,-0.0156965430733255,0.0464457705190103,-1.34730023
99.75,6.93479202391819,-0.0235056597701247,0.0463203761566127,-1.29999736
99.76,6.96402598277404,-0.0145931651710699,0.0461946797489818,-1.25272018
99.77,6.98914765400982,-0.0142478592273524,0.0460686770952004,-1.20547322
99.78,7.0849572690922,-0.0123274784428166,0.0459423850809386,-1.15826096
99.79,7.12251861430086,-0.00883303443095978,0.0458158112216904,-1.11108782
99.8,7.21631378425278,-0.00816774111876374,0.0456889656698029,-1.06395812
99.81,7.27692469927447,-0.015477202999458,0.0455618585184379,-1.01687609
99.82,7.36171180966256,0.000415251836014005,0.0454345002636269,-0.96984588
99.83,7.38932486278737,-0.00757221604030899,0.0453068985370874,-0.92287152
99.84,7.48927307461366,-0.00853170406676522,0.0451790405267806,-0.87595692
99.85,7.50502466967066,-0.0143864503283263,0.0450485256149389,-0.82910588
99.86,7.53955939778182,-0.0205231424633515,0.0449013628306288,-0.78232205
99.87,7.53755712033832,-0.0279880131594597,0.0447148100050589,-0.73560895
99.88,7.56154094637431,-0.0239576980643523,0.0444685532305812,-0.68896997
99.89,7.55999594643272,-0.0397856803575043,0.0441496865216131,-0.64240831
99.9,7.59687258028478,-0.0492402467583917,0.0437525148843839,-0.59592704
99.91,7.54256464491509,-0.0614928992342097,0.0432765270733696,-0.54952906
99.92,7.52573511084165,-0.0659403196684634,0.0427242133218283,-0.50321707
99.93,7.52630248038048,-0.0669443561612186,0.0420994972821896,-0.45699364
99.94,7.52941161353358,-0.0849894107004434,0.0414067950632991,-0.41086111
99.95,7.49035615586035,-0.0943061024946253,0.040650268947018,-0.36482165
99.96,7.49128627633425,-0.109754963206998,0.0398338417184179,-0.31887725
99.97,7.51197180390189,-0.117151906358085,0.0389610742293865,-0.27302968
99.98,7.58301060141487,-0.11989733233541,0.0380351900350878,-0.22728052
99.99,7.60093985009064,-0.120990921587931,0.0370591223735934,-0.18163115
100,7.60274847534984,-0.134187886783242,0.0360355600990921,-0.13608275
100.01,7.59226311672868,-0.127844337107258,0.0349669844091514,-0.09063626
100.02,7.57198071103093,-0.125896716382237,0.0338556969907705,-0.04529243
100.03,7.61494147546315,-0.125748335539677,0.0327037952870695,-0
100.04,7.58392123622735,-0.117996884688323,0.0315513915472307,-0
100.05,7.56178029934016,-0.116028701155963,0.0304201317903223,-0.00039426
100.06,7.58478188613119,-0.120205418771185,0.0292950582802859,-0.00157084
100.07,7.58681462176384,-0.106420147027955,0.0281838080507345,-0.00351118
100.08,7.61048380374839,-0.107322076931108,0.0270980429310042,-0.00618467
100.09,7.60192153592339,-0.10496656581976,0.0260471894155465,-0.00954915
100.1,7.56401728073457,-0.0953184581582053,0.0250363247352855,-0.01355157
100.11,7.55202550839608,-0.0910471498050477,0.0240672893799108,-0.0181288
100.12,7.59231810399785,-0.0845827543639253,0.0231401066336056,-0.02320866
100.13,7.58229459373703,-0.0822519162480559,0.022253966165261,-0.02871104
100.14,7.5554839879862,-0.0813889557772479,0.0214078035305451,-0.03454915
100.15,7.52962992186549,-0.0741735106184691,0.0206005107979494,-0.04063093
100.16,7.56483981817654,-0.0745112437297527,0.0198310120615377,-0.04686047
100.17,7.57646489773947,-0.0662419360824521,0.0190982478955224,-0.05313953
100.18,7.5839857630388,-0.0515337473410201,0.0184010035311273,-0.05936907
100.19,7.56082176864956,-0.0490612694533929,0.0177379776240724,-0.06545085
100.2,7.6121395500086,-0.0435590897805127,0.0171077778236412,-0.07128896
100.21,7.6347331258353,-0.0385441572847662,0.0165088762293969,-0.07679134
100.22,7.64465104378835,-0.0386471290376303,0.015939593611792,-0.0818712
100.23,7.65585431246101,-0.0408770318668134,0.0153981463182204,-0.08644843
100.24,7.63885646700103,-0.0334983673068125,0.0148826558635985,-0.09045085
100.25,7.66279826066123,-0.043699611255583,0.0143911579258221,-0.09381533
100.26,7.63903859150397,-0.0405039525912119,0.0139216242191798,-0.09648882
100.27,7.54320867474884,-0.0412223055367236,0.0134719805182372,-0.09842916
100.28,7.57500651917763,-0.044598546689552,0.0130401304738076,-0.09960574
100.29,7.56175672010654,-0.0419007907415007,0.0126239344823589,-0.09995241
100.3,7.53316330470081,-0.0291899662806212,0.0122217440407205,-0.1
100.31,7.52094050799599,-0.0370120701108336,0.0118323772161679,-0.09995241
100.32,7.55018358152201,-0.0351728619764048,0.0114545588505869,-0.09980973
100.33,7.5490228515625,-0.0372184790001389,0.0110870911204669,-0.09957224
100.34,7.61013349241853,-0.0333671210849184,0.0107289913853115,-0.09924039
100.35,7.55077390388269,-0.0299659373268328,0.010379498773389,-0.0988148
100.36,7.49541801180725,-0.0269489988256822,0.0100380128620917,-0.09829629
100.37,7.52577177148863,-0.0296208904018578,0.00970401657808412,-0.09768585
100.38,7.55398759593178,-0.0287481589976317,0.0093770501122607,-0.09698463
100.39,7.53489540321991,-0.0285505277033541,0.00905668294087265,-0.09619398
100.4,7.55222407288936,-0.0240456663100643,0.00874250468897369,-0.09531539
100.41,7.52143223305447,-0.0265234258384035,0.00843412257148388,-0.09435054
100.42,7.53285512784879,-0.0281424556498227,0.00813116152841186,-0.09330127
100.43,7.59332303624621,-0.0285722454765211,0.0078332643805592,-0.09216957
100.44,7.55295525514171,-0.0352193361126412,0.00754009388019862,-0.0909576
100.45,7.52072554867717,-0.0370441099268,0.00725133110317959,-0.08966767
100.46,7.4747065468991,-0.0362391251942016,0.00696667572041585,-0.08830222
100.47,7.44958454791265,-0.041250735298002,0.00668584556473016,-0.08686387
100.48,7.49549807031601,-0.0336129740538896,0.00640857609254861,-0.08535534
100.49,7.52910298071119,-0.0318641407285118,0.00613461977732906,-0.08377951
100.5,7.49746924266067,-0.0308464196859035,0.00586374560618366,-0.08213938
100.51,7.54032530842506,-0.0289290816898451,0.0055957384937032,-0.08043807
100.52,7.5447618151036,-0.0232467414751617,0.00533041118705249,-0.07867882
100.53,7.51604425685858,-0.0320613707203187,0.0050675642474141,-0.07686498
100.54,7.54413597477203,-0.02909336358294,0.00480703292056532,-0.075
100.55,7.50710687914793,-0.0326566940767893,0.00454866209808337,-0.07308743
100.56,7.46723735214173,-0.0339262002894224,0.00429230846702641,-0.07113091
100.57,7.50825725191592,-0.0350819626081721,0.0040378414042814,-0.06913417
100.58,7.476249306102,-0.0301398182336651,0.0037851430544217,-0.06710101
100.59,7.48463288995856,-0.0277233314119167,0.00353410797282675,-0.06503529
100.6,7.49617162195588,-0.0250062550247978,0.00328464271477964,-0.06294095
100.61,7.43575574019892,-0.0235077564108032,0.00303666528589621,-0.06082198
100.62,7.39032822172377,-0.0213241557204121,0.00279010470682374,-0.05868241
100.63,7.40948990972387,-0.0136769439422848,0.00254490053677537,-0.05652631
100.64,7.38746926297489,-0.0134239869436094,0.00230100246905874,-0.05435779
100.65,7.38102980026944,-0.016847989740222,0.00205836992464575,-0.05218097
100.66,7.34572982678906,-0.0276274128111717,0.00181697169240167,-0.05
100.67,7.36329914876662,-0.0198441617432778,0.00157678551762887,-0.04781903
100.68,7.41704886404102,-0.0180488281976213,0.00133779773130626,-0.04564221
100.69,7.46780729838269,-0.0189820730103384,0.00110000290968987,-0.04347369
100.7,7.4733706686174,-0.0220706133001353,0.000863403676781749,-0.04131759
100.71,7.47931455014667,-0.0277302948409858,0.000628009711723601,-0.03917802
100.72,7.47912775260152,-0.0187160384742457,0.000393838040861938,-0.03705905
100.73,7.54019494114149,-0.0163506160070577,0.000160912435274489,-0.03496471
100.74,7.537187539449,-0.0237974439161709,-7.07369156593609e-05,-0.03289899
100.75,7.46232841659418,-0.0199091203954181,-0.000301073764492146,-0.03086583
100.76,7.44047628087634,-0.027499936924604,-0.000530056169670187,-0.02886909
100.77,7.37407811236985,-0.035295269202037,-0.000757636858470967,-0.02691257
100.78,7.38964833451258,-0.0293116261544499,-0.000983763540111827,-0.025
100.79,7.38941981718574,-0.0349429157445769,-0.0012083792676629,-0.02313502
100.8,7.37002962885516,-0.0299952967808239,-0.00143142278617646,-0.02132118
100.81,7.38810572825278,-0.0201275363172852,-0.00165282886498086,-0.01956193
100.82,7.41244467511327,-0.0368635157322551,-0.00187252864832448,-0.01786062
100.83,7.38285974938154,-0.0338999572693281,-0.00209044997631041,-0.01622049
100.84,7.43917094328267,-0.0292843135663897,-0.00230651771625885,-0.01464466
100.85,7.39722193465199,-0.0313868596622311,-0.00252065410888214,-0.01313613
100.86,7.3942747612275,-0.0295233291745755,-0.00273277908372164,-0.01169778
100.87,7.37321804804408,-0.0275266939605674,-0.0029428105955423,-0.01033233
100.88,7.36340601033081,-0.0344721935392274,-0.00315066493120439,-0.0090424
100.89,7.40073384628783,-0.0263707547423732,-0.00335625703478637,-0.00783043
100.9,7.41232001716714,-0.0250349336357268,-0.00355950083587705,-0.00669873
100.91,7.40557725624692,-0.0195204626631356,-0.00376030952794874,-0.00564946
100.92,7.48200783685529,-0.0155258365772337,-0.00395859590614622,-0.00468461
100.93,7.48297401083504,-0.0217499180406537,-0.00415427266652154,-0.00380602
100.94,7.52379385307654,-0.0286941349355977,-0.00434725267192748,-0.00301537
100.95,7.49678288513795,-0.0294761186322278,-0.00453744929362471,-0.00231415
100.96,7.51869396064936,-0.029707033163717,-0.00472477667550017,-0.00170371
100.97,7.53739163982595,-0.0329581017969443,-0.0049091500050801,-0.0011852
100.98,7.51292400276441,-0.0399717270894353,-0.00509048582375435,-0.00075961
100.99,7.46371896565951,-0.0417096178182242,-0.00526870225681387,-0.00042776
101,7.49947052205295,-0.0426729536473849,-0.00544371932097183,-0.00019027
101.01,7.51180746845749,-0.0399409115757685,-0.0056155036716202,-0
101.02,7.54905271986854,-0.0427544150644905,-0.00578391025349895,-0
101.03,7.51791142049942,-0.0361832230570777,-0.00594852991573918,-0.00039426
101.04,7.53770501507265,-0.0273202169392547,-0.0061085782697836,-0.00157084
101.05,7.56561770855462,-0.0203738475412862,-0.00626320630860915,-0.00351118
101.06,7.56692172178184,-0.0193917268884642,-0.00641169751570036,-0.00618467
101.07,7.53510235464134,-0.0138767215395557,-0.00655324359475098,-0.00954915
101.08,7.48289530077454,-0.0106540334593308,-0.00668695046398259,-0.01355157
101.09,7.4685630971615,-0.00608397121680453,-0.0068119157357553,-0.0181288
101.1,7.45552423433557,-0.0130916960844727,-0.00692730934204932,-0.02320866
101.11,7.41094656214221,-0.0110259767903421,-0.00703241994641194,-0.02871104
101.12,7.39656308685734,-0.0182231919622787,-0.00712675699451403,-0.03454915
101.13,7.38767345912142,-0.0133407310822985,-0.00720994807446311,-0.04063093
101.14,7.38803273069413,-0.0129356475827509,-0.0072819045177841,-0.04686047
101.15,7.44483873304793,-0.0114289008696775,-0.00734266788141736,-0.05313953
101.16,7.40531675147791,-0.0130933464081127,-0.00739252320783615,-0.05936907
101.17,7.43422805430672,-0.00510121069569663,-0.00743205805489034,-0.06545085
101.18,7.44793581281673,-0.00954787561877741,-0.00746185440762836,-0.07128896
101.19,7.46328185497545,-0.0048508474528119,-0.00748283449242645,-0.07679134
101.2,7.47298994187859,0.00593575805197068,-0.00749608560660034,-0.0818712
101.21,7.45484674990853,0.00749820002788155,-0.00750285841917412,-0.08644843
101.22,7.44255138209611,0.00314878661534197,-0.00750453931446692,-0.09045085
101.23,7.44707095948055,0.0016959864776013,-0.00750259983386614,-0.09381533
101.24,7.4089707947645,-0.00462417281451718,-0.00749850697974008,-0.09648882
101.25,7.40176670150344,-0.00419648020971849,-0.00749360359958928,-0.09842916
101.26,7.38058569704875,-0.00074444503726383,-0.00748900585082275,-0.09960574
101.27,7.36110099550767,-0.0152183799208972,-0.00748562145416918,-0.09994965
101.28,7.40092212891309,-0.0130578564977858,-0.00748368978265617,-0.1
101.29,7.35494461432856,-0.0173556432805799,-0.00748290078710989,-0.09994965
101.3,7.40129194478869,-0.009033196429577,-0.00748316449931636,-0.09979871
101.31,7.3844150563468,0.000405107962872536,-0.00748458357743048,-0.09954749
101.32,7.42086133618867,0.00179134976965131,-0.00748730280786449,-0.09919648
101.33,7.42659087914935,0.00145699349901848,-0.00749146528410393,-0.0987464
101.34,7.47012735875263,-0.000581905316273369,-0.00749719327774264,-0.09819814
101.35,7.4324520898872,-0.00306706246322538,-0.00750463890471046,-0.09755283
101.36,7.4795955816393,0.00236442241493174,-0.00751392216263821,-0.09681174
101.37,7.45141684024023,0.000419825740918559,-0.00752516574291993,-0.09597639
101.38,7.51790849745846,-0.01118796386818,-0.00753849483320855,-0.09504844
101.39,7.48488679337093,-0.0110356072283557,-0.0075540284184438,-0.09402978
101.4,7.49766526930825,-0.0140582831015597,-0.00757186891707141,-0.09292244
101.41,7.4661938451744,-0.00783268221743503,-0.00759211200948238,-0.09172866
101.42,7.49530031363248,-0.00793570648697003,-0.007614848697429,-0.09045085
101.43,7.44582340929145,-0.0123908802121447,-0.00764014879693175,-0.08909157
101.44,7.45100058611173,-0.00852057107638973,-0.00766808762531627,-0.08765357
101.45,7.40369819461525,-0.00864693196748853,-0.00768586388729936,-0.09979496
101.46,7.38318150625308,-0.00441758856084954,-0.00767527182693786,-0.12551878
101.47,7.29219619706105,-0.00122656595277719,-0.00762417269909249,-0.16482824
101.48,7.27205462571837,0.00248496585818527,-0.00752207293439629,-0.21772665
101.49,7.16891893751452,0.00957358926121307,-0.00737257033087282,-0.28421751
101.5,7.14903082194583,0.022009468679467,-0.00718131849955729,-0.3643044
101.51,7.0942478224713,0.0323775663543783,-0.00695026051973907,-0.45799103
101.52,7.03121103032943,0.0480458815569366,-0.00667998406890751,-0.56528123
101.53,6.94099717311033,0.0502257418221542,-0.00637061406144828,-0.68617893
101.54,6.90175363818807,0.0534510855471433,-0.00603449168479057,-0.80703294
101.55,6.81595928084104,0.0497107917078435,-0.00568778687374636,-0.92784738
101.56,6.7205185985988,0.0517974406878078,-0.00533643888974514,-1.04862644
101.57,6.60438277669381,0.043508844730859,-0.00498261670315622,-1.16937438
101.58,6.52878274433258,0.0380646877005833,-0.00462710566161166,-1.29009553
101.59,6.38695548269986,0.0287026046709313,-0.004270187204089,-1.41079428
101.6,6.32226068558532,0.0253388932860139,-0.00391195777984316,-1.53147504
101.61,6.21131477494892,0.0253895665511867,-0.0035524465977583,-1.65214229
101.62,6.07685399704283,0.0255972785983714,-0.00319165815798561,-1.77280052
101.63,6.02783075761298,0.0187649601348936,-0.00282958801979175,-1.89345422
101.64,5.9007907224019,0.0210034569483496,-0.00246622788565191,-2.01410793
101.65,5.73036025903926,0.0264567966130829,-0.00210156856713807,-2.13476616
101.66,5.6802054454286,0.0379992226303359,-0.00173560020284699,-2.25543341
101.67,5.62005666805992,0.0611844048754654,-0.00136831270581116,-2.37611417
101.68,5.74219324131522,0.113325478570119,-0.000999695854578032,-2.49681292
101.69,5.97220990176589,0.192519758800982,0,-2.61753407
101.7,6.33975834476825,0.297716122796493,0.000991682235522155,-2.73828201
101.71,6.93260553088772,0.424318624941918,0.00376762837581098,-2.85906107
101.72,7.66108185204261,0.543232907943091,0.00854883561544031,-2.97987551
101.73,8.51914451198077,0.68164559664332,0.0150881983142269,-3.10072952
101.74,9.41395486273274,0.822919179100387,0.023065255705635,-3.22162722
101.75,10.2754420749795,0.943132130469746,0.0322155119877304,-3.34257264
101.76,11.1791377962656,1.05168256152688,0.0423649285357348,-3.4635697
101.77,12.0675360864028,1.13458825769628,0.053401457671444,-3.58462224
101.78,12.8219958528908,1.19895124999603,0.0652559903126224,-3.70573396
101.79,13.494767658092,1.26829459961304,0.0778796567778932,-3.82690846
101.8,14.0341441812844,1.3235942019893,0.0911912806969098,-3.94814921
101.81,14.5565830346293,1.3593207756482,0.104952184329558,-4.06945955
101.82,15.0006273194561,1.38128407435888,0.118897739086663,-4.19084267
101.83,15.2493567807855,1.38335694758357,0.132855415491385,-4.31230162
101.84,15.42944236485,1.3858112165136,0.146741466264059,-4.43383929
101.85,15.5110089828253,1.39407219004007,0.160526436464108,-4.55545842
101.86,15.592669839879,1.39115933015937,0.174207003299499,-4.67716159
101.87,15.6853655459166,1.37759545402226,0.187788087986043,-4.79895121
101.88,15.7489820084188,1.36013776255397,0.201270099691668,-4.90717427
101.89,15.7938512983911,1.34509513153614,0.214646811924484,-5.00183284
101.9,15.877055448795,1.3404694662765,0.227912395940356,-5.08292878
101.91,15.9569581978469,1.32464271105209,0.241060878483574,-5.15046378
101.92,16.0422318544208,1.30160858229584,0.254077657042055,-5.18346882
101.93,16.1879907521576,1.28681280954587,0.266939607624328,-5.1819452
101.94,16.2088112606839,1.26765557699914,0.279626697860283,-5.14589401
101.95,16.2998357122161,1.25461587524696,0.292119960014136,-5.07531618
101.96,16.47242112899,1.23350643121565,0.304400132457532,-4.9702124
101.97,16.6905894149427,1.19981557465187,0.316453636960311,-4.84418804
101.98,16.8414667828648,1.17851821806406,0.328271641324076,-4.69739447
101.99,17.0585359511943,1.14768234432715,0.339842526165763,-4.53002464
102,17.2174197251277,1.11404376644031,0.351153570811078,-4.34246662
102.01,17.46575573765,1.0857927669379,0.362200817732131,-4.15567236
102.02,17.663936796697,1.04699315522816,0.37298881042678,-3.96961125
102.03,17.8637001516127,1.02190186436584,0.383518152428462,-3.78424113
102.04,18.0503658859909,0.998902419839245,0.393788362325017,-3.59950895
102.05,18.1713175888389,0.969348096036035,0.403798183790634,-3.41535158
102.06,18.3512349700094,0.949187585185584,0.413546760169461,-3.23169685
102.07,18.5348034745759,0.930648766036357,0.423033742321319,-3.04846462
102.08,18.717193565402,0.900215952388564,0.432258804237257,-2.86556814
102.09,18.8772823237797,0.877210154256471,0.441221779624145,-2.68291532
102.1,18.9728850092902,0.850556422082538,0.449922243977102,-2.50041026
102.11,19.052547935346,0.8279147014856,0.458359685373808,-2.31795472
102.12,19.2889990767235,0.806230418510992,0.466533514294546,-2.13544966
102.13,19.4222273647089,0.782589743014534,0.47444306147845,-1.95279684
102.14,19.5226695994216,0.747738364270836,0.482087345905609,-1.76990036
102.15,19.6735767325719,0.726774184302348,0.489465405343495,-1.58666813
102.16,19.8350844288385,0.709548881078697,0.496576515127734,-1.40301339
102.17,19.9518733123619,0.682878963814114,0.503419435165832,-1.21885603
102.18,20.1687503271829,0.654902385588573,0.509992816238118,-1.03412385
102.19,20.3111421283919,0.635306992654988,0.516295264266448,-0.84875373
102.2,20.4677233058292,0.603227925827595,0.522337740181397,-0.68366313
102.21,20.606654201565,0.578198503256897,0.52814149615617,-0.53880989
102.22,20.6799951408547,0.559208570113936,0.533721890784817,-0.4141634
102.23,20.804080430947,0.533420655886938,0.539094060595346,-0.3096624
102.24,20.9213329212961,0.512193739963761,0.544275466416791,-0.22582307
102.25,20.9303275215767,0.50013662097085,0.549286262664217,-0.16286882
102.26,20.9079735650927,0.481764804870875,0.55414824830742,-0.12079974
102.27,20.9113306433474,0.471433713070782,0.558884136703626,-0.09961603
102.28,20.9170171116829,0.465519908199327,0.56351735371204,-0.09931807
102.29,20.9259678414651,0.449098616521522,0.568057760281875,-0.09893584
102.3,20.6014159993615,0.366535310502936,0.572505602237598,-0.09847001
102.31,19.8810970408615,0.199938569927116,0.576867725105602,-0.09792137
102.32,18.8824751927224,-0.0113157704779676,0.581151067629471,-0.09729086
102.33,17.7210849969376,-0.234347536978397,0.583706855353168,-0.09657955
102.34,16.4288982592672,-0.459714128306922,0.579339063000877,-0.09578867
102.35,15.1478641745748,-0.692838236849015,0.570808654222098,-0.09491955
102.36,13.8335709094304,-0.902901934691097,0.560349138507464,-0.09397369
102.37,12.7845217246408,-1.04229556970528,0.549184325882988,-0.0929527
102.38,12.1473936149841,-1.08491456539336,0.537945060298053,-0.09185832
102.39,11.8031108985639,-1.08874605532633,0.526901029798604,-0.09069244
102.4,11.5940998290184,-1.07604554966454,0.516127822289066,-0.08945703
102.41,11.513265190499,-1.05521621779295,0.505615591678228,-0.0881542
102.42,11.357655695818,-1.02212431679146,0.495333511446435,-0.0867862
102.43,11.2930319928217,-0.999135002808514,0.485254459140886,-0.08535534
102.44,11.131524122674,-0.975964343815114,0.475362934384927,-0.08386408
102.45,11.0114100892476,-0.962034613817805,0.465651943845742,-0.08231496
102.46,10.8649695097443,-0.938068946659636,0.456119185234296,-0.08071064
102.47,10.8235794107572,-0.919598942769584,0.446763436944468,-0.07905384
102.48,10.7083276057824,-0.898965893711649,0.437583325309745,-0.07734741
102.49,10.6523995598138,-0.881524445555378,0.428577018494593,-0.07559425
102.5,10.5512393149273,-0.867526571794278,0.419742317513806,-0.07379737
102.51,10.505566247695,-0.855852185410368,0.411076816986193,-0.07195983
102.52,10.430075205309,-0.839052175259182,0.402578047631369,-0.07008477
102.53,10.3555383071391,-0.82236452967054,0.394243555108886,-0.0681754
102.54,10.2406076794675,-0.805242363913503,0.386070951379526,-0.06623497
102.55,10.138267568923,-0.786171580157658,0.378057778940781,-0.06426681
102.56,10.0288891224316,-0.777802630139686,0.370201764349988,-0.06227427
102.57,9.93302756047809,-0.76191015613619,0.36250050001925,-0.06026077
102.58,9.85958095102122,-0.74661903786943,0.35495165410822,-0.05822973
102.59,9.77901166049391,-0.72838010392444,0.347552926160743,-0.05618463
102.6,9.69171319509444,-0.719029694190762,0.340302019237336,-0.05412897
102.61,9.5993619623468,-0.70107179648751,0.333196869062248,-0.05206625
102.62,9.51439081491423,-0.684885482084368,0.326234944500376,-0.05
102.63,9.47701998413205,-0.667471243739115,0.319413964899238,-0.04793375
102.64,9.40842069057361,-0.647773206343492,0.312731730251374,-0.04587103
102.65,9.35176021802375,-0.632161265694771,0.306186025564719,-0.04381537
102.66,9.27869343175809,-0.619137666396905,0.299774674196895,-0.04177027
102.67,9.223695610728,-0.604886741575467,0.293495395233097,-0.03973923
102.68,9.11876265352502,-0.594797780058315,0.287346036090313,-0.03772573
102.69,9.0763818505409,-0.583055606317365,0.281324435009415,-0.03573319
102.7,9.01480436492037,-0.568635377695089,0.27542844006306,-0.03376503
102.71,8.9518914977171,-0.567752156745402,0.269655917011557,-0.0318246
102.72,8.88135840808558,-0.552558227734161,0.26400474970823,-0.02991523
102.73,8.84529090377148,-0.53957821808078,0.25847283889538,-0.02804017
102.74,8.78021867390718,-0.532521721717564,0.253058102320489,-0.02620263
102.75,8.81318985574336,-0.523535262161904,0.24775846719926,-0.02440575
102.76,8.81238972850214,-0.514881155371226,0.242571898438393,-0.02265259
102.77,8.77956279864156,-0.507211823849224,0.237496354802307,-0.02094616
102.78,8.72734873743092,-0.494105199945962,0.232529836319738,-0.01928936
102.79,8.70655288077727,-0.484620236611664,0.227670382149873,-0.01768504
102.8,8.69709336955845,-0.486459511166919,0.222915825960393,-0.01613592
102.81,8.70216298808585,-0.473747865213463,0.218264412418359,-0.01464466
102.82,8.65566353604301,-0.464379078720998,0.213714202690479,-0.0132138
102.83,8.59206068321752,-0.456144566485986,0.209263250184412,-0.0118458
102.84,8.59567283802178,-0.446759021000052,0.204909654572957,-0.01054297
102.85,8.56659416778694,-0.435356944575783,0.200651544930395,-0.00930756
102.86,8.5607126764749,-0.416830909833862,0.196487076837182,-0.00814168
102.87,8.49165500584508,-0.398290466033052,0.19241440063601,-0.0070473
102.88,8.45970316645348,-0.390546195988844,0.188431735392269,-0.00602631
102.89,8.40795916668973,-0.38028503663152,0.184537333885141,-0.00508045
102.9,8.30075483185849,-0.370427778895323,0.180729487601264,-0.00421133
102.91,8.19718839823425,-0.369905970875889,0.177006221090602,-0.00342045
102.92,8.15978083123246,-0.362683985304686,0.173365974860242,-0.00270914
102.93,8.11385305045158,-0.360362661907198,0.169807035062063,-0.00207863
102.94,8.11373945353906,-0.351170835581349,0.16632772738074,-0.00152999
102.95,8.05772313757358,-0.34508395940831,0.162926422076275,-0.00106416
102.96,8.05767421072837,-0.338838846706748,0.159601430599737,-0.00068193
102.97,8.11207072710867,-0.335372709715088,0.15635116669272,-0.00038397
102.98,8.1384947135093,-0.31803736390522,0.153174059500314,-0.00017078
102.99,8.15324154061358,-0.312352543808782,0.150068500556564,-0
103,8.11889113261853,-0.313267971485479,0.147033001180504,-0
103.01,8.09107941825184,-0.315497551195683,0.144066373173742,-0.00039426
103.02,8.09388188452926,-0.302464667247507,0.141167707815614,-0.00157084
103.03,8.06165973753902,-0.300851037449711,0.138336239400352,-0.00351118
103.04,8.02535564842816,-0.293202492148001,0.135571170179394,-0.00618467
103.05,8.00211571159181,-0.292350081471227,0.132871659378554,-0.00954915
103.06,7.98905236386184,-0.282307598641602,0.130236967587976,-0.01355157
103.07,7.9684279684473,-0.275558989794675,0.127666362311453,-0.0181288
103.08,7.90945683809352,-0.264924181750327,0.125159158170729,-0.02320866
103.09,7.89968171347561,-0.263113059732144,0.122714576115218,-0.02871104
103.1,7.86159188871736,-0.248202070167875,0.120331752618164,-0.03454915
103.11,7.85219973286765,-0.238405976353213,0.118009736687453,-0.04063093
103.12,7.82919440609263,-0.233273308836833,0.115747449422387,-0.04686047
103.13,7.77732869876975,-0.23513522040287,0.113543700022756,-0.05313953
103.14,7.75849575956248,-0.223819920307303,0.111397208124162,-0.05936907
103.15,7.78423756214384,-0.219934260005882,0.109306569203493,-0.06545085
103.16,7.72080207417324,-0.205763538620998,0.107270265612512,-0.07128896
103.17,7.76647835724904,-0.192366169868506,0.105286669420958,-0.07679134
103.18,7.77740451579221,-0.184528884702058,0.103354047634214,-0.0818712
103.19,7.77844065445905,-0.170872741664551,0.101470569301157,-0.08644843
103.2,7.81608361709839,-0.168896866314712,0.0996343151045446,-0.09045085
103.21,7.84817906653012,-0.166967283008675,0.0978432988279486,-0.09381533
103.22,7.79137983147041,-0.155299422480959,0.0960954500327588,-0.09648882
103.23,7.81031042951419,-0.154875587516052,0.0943886619139144,-0.09842916
103.24,7.75600849585162,-0.158080135401688,0.0927207969317094,-0.09960574
103.25,7.72660810656561,-0.157758896884846,0.0910896701106679,-0.09995729
103.26,7.68103231766508,-0.158896660202342,0.0894935109541766,-0.1
103.27,7.60221986884822,-0.144380554656962,0.0879309809521778,-0.09995729
103.28,7.54051174834062,-0.133280752919814,0.0864007154972291,-0.09982922
103.29,7.55275273139687,-0.136131547214669,0.0849013228484441,-0.09961603
103.3,7.60253611243998,-0.134857885074184,0.0834315883361739,-0.09931807
103.31,7.61145967781172,-0.138844394674815,0.0819904382527803,-0.09893584
103.32,7.62916519035877,-0.137882439538974,0.0805769607306468,-0.09847001
103.33,7.63660168828432,-0.133923122171795,0.0791903049872259,-0.09792137
103.34,7.67091613737169,-0.130344219763156,0.0778296609849665,-0.09729086
103.35,7.6768854381222,-0.137993544742063,0.076494242953603,-0.09657955
103.36,7.68786199433909,-0.124423921165331,0.0751832835407016,-0.09578867
103.37,7.62329203531005,-0.129612642093811,0.0738960341715248,-0.09491955
103.38,7.61936739441347,-0.131199882621619,0.0726317665823741,-0.09397369
103.39,7.61996321292004,-0.127873561479849,0.0713897745394165,-0.0929527
103.4,7.60653361083409,-0.124355274407474,0.0701693745472462,-0.09185832
103.41,7.60409904526343,-0.122986990808967,0.0689699060996067,-0.09069244
103.42,7.63563095297297,-0.104049133274789,0.0677907313496821,-0.08945703
103.43,7.64596306288549,-0.10996370143276,0.0666312350110159,-0.0881542
103.44,7.63277868938581,-0.106389942494558,0.0654908237484286,-0.0867862
103.45,7.58566561936053,-0.103953857109022,0.0643689258587559,-0.08535534
103.46,7.61324040754059,-0.0961253283276177,0.0632649906692102,-0.08386408
103.47,7.64807719720147,-0.0989516504943717,0.0621784883898684,-0.08231496
103.48,7.62656282019267,-0.0937315936049902,0.0611089094896812,-0.08071064
103.49,7.6266541551847,-0.104033900077565,0.0600557645277126,-0.07905384
103.5,7.63745514627113,-0.0996243238875029,0.0590185896167844,-0.07734741
103.51,7.62295614032283,-0.0959740477525291,0.0579969259040752,-0.07559425
103.52,7.62330000690231,-0.0869815189259535,0.0569903392685894,-0.07379737
103.53,7.57815048492839,-0.0901990674692528,0.0559984200058816,-0.07195983
103.54,7.57041893850106,-0.0871058577883568,0.0550207722394116,-0.07008477
103.55,7.58185581339913,-0.092139917727927,0.0540570246933343,-0.0681754
103.56,7.58041877000843,-0.0919989821982637,0.0531068068387297,-0.06623497
103.57,7.55634319659835,-0.0973345809377154,0.05216977380983,-0.06426681
103.58,7.60678692511869,-0.0920891689777064,0.0512455992015393,-0.06227427
103.59,7.66259880413874,-0.0950320662590765,0.0503339705029812,-0.06026077
103.6,7.67971656990998,-0.0912505266200395,0.0494345899088626,-0.05822973
103.61,7.63996229541676,-0.0851977602706826,0.0485471745359106,-0.05618463
103.62,7.61622233511868,-0.0858834914948271,0.047671455558234,-0.05412897
103.63,7.57181826000414,-0.088807444563743,0.0468071783626769,-0.05206625
103.64,7.51970130906201,-0.0779475125830284,0.0459541020447712,-0.05
103.65,7.47124489982311,-0.0811046684625222,0.0451119989553774,-0.04793375
103.66,7.46180615089383,-0.0738428154003471,0.0442806541690918,-0.04587103
103.67,7.4378054319527,-0.0769251860297129,0.0434598650371978,-0.04381537
103.68,7.44541538892272,-0.0774336585198513,0.0426494406940734,-0.04177027
103.69,7.47396879019559,-0.0764097556322662,0.0418492017144651,-0.03973923
103.7,7.49006357806462,-0.0700221834823129,0.0410589796571382,-0.03772573
103.71,7.56385523823059,-0.0736047971746589,0.0402786166517381,-0.03573319
103.72,7.61007644323973,-0.0720266186864963,0.0395079649659187,-0.03376503
103.73,7.5677935443214,-0.0722251078657414,0.0387468866577692,-0.0318246
103.74,7.58484119423949,-0.0752068914463573,0.0379952531354818,-0.02991523
103.75,7.61857699871659,-0.080661710932814,0.0372529447431057,-0.02804017
103.76,7.60127984343708,-0.0733107624821543,0.0365198503332531,-0.02620263
103.77,7.59598140446173,-0.0764258514024719,0.0357958669664653,-0.02440575
103.78,7.58532447593866,-0.075582991256262,0.0350841129737286,-0.02628102
103.79,7.54553263450792,-0.0741620157294082,0.0343892480312233,-0.03183146
103.8,7.55745517000554,-0.078798852759883,0.0337145244131179,-0.04105996
103.81,7.48174456900024,-0.0653343023367316,0.03306373867079,-0.05396937
103.82,7.42540384458991,-0.0593678393935026,0.0324416062929052,-0.07056241
103.83,7.36370784266803,-0.0584927270205687,0.0318535206431836,-0.09084175
103.84,7.31968415060867,-0.0490980520062225,0.0313051982229886,-0.11480992
103.85,7.30252214641721,-0.0501685353065687,0.0308024149533676,-0.14246937
103.86,7.3075664516592,-0.0477922418223718,0.0303508619893661,-0.17382245
103.87,7.32934918801457,-0.0314760832861436,0.0299527591204581,-0.20524293
103.88,7.38501460286166,-0.0250849866811852,0.0296086316420079,-0.23673294
103.89,7.38645897851983,-0.0115574858753402,0.0293202647828813,-0.26829446
103.9,7.43377822325259,-0.00472285559102889,0.0290886599026931,-0.29992936
103.91,7.43573781500215,-0.00339367341704682,0.0289136246236819,-0.33163939
103.92,7.38221453278722,0.00363030628287109,0.0287940027651225,-0.36342617
103.93,7.37215403260336,0.0158615179399221,0.028727978830746,-0.39529118
103.94,7.34243656932412,0.0236502867467696,0.0287131239813861,-0.42723576
103.95,7.30652242519172,0.0259644641850458,0.0287451776361055,-0.45926115
103.96,7.30957686465897,0.0183799569799965,0.0288071821859767,-0.4913684
103.97,7.28080083427719,0.0173355216911941,0.0288808486669985,-0.52355847
103.98,7.28623734134723,0.0176481331504496,0.028959199149507,-0.55583214
103.99,7.32086125341577,0.0110971203516528,0.0290397938443543,-0.58819007
104,7.32893708641904,0.00166147845640664,0.0291217449729526,-0.62063277
104.01,7.27106820971176,-0.0146821720871807,0.0292046320050218,-0.65311789
104.02,7.22870751033005,-0.0171894869504299,0.0292886603525104,-0.68577378
104.03,7.16145853165904,-0.0165044311488508,0.0293739610498501,-0.71882394
104.04,7.22689570046342,-0.0148004386201387,0.0294613944359318,-0.75265641
104.05,7.1883969875012,-0.0178123798922311,0.0295513611302441,-0.78725264
104.06,7.17062539106421,-0.00537179710496435,0.0296439698812282,-0.82258202
104.07,7.1579274528079,-0.00360446439144227,0.0297392381056407,-0.8586024
104.08,7.12591799389195,0.00555499133144403,0.0298370845684511,-0.89526072
104.09,7.10525060517964,-0.00729671427741255,0.0299373757546963,-0.93249384
104.1,7.12561082493084,0.00336542304526279,0.0300399345294302,-0.9702296
104.11,7.00269735732253,0.00278374763123218,0.0301444178310417,-1.00838787
104.12,6.97704181903016,0.00730715012803729,0.0302508148428714,-1.04688187
104.13,6.93729478486403,0.0142002653412239,0.03035885785224,-1.08561955
104.14,6.8451877997308,0.0230317302177862,0.0304682656363778,-1.12450499
104.15,6.83730853758304,0.0298114408614954,0.0305787600111878,-1.16343993
104.16,6.84112036850793,0.0370159710844527,0.0306900612526768,-1.20232537
104.17,6.79666867244964,0.0296460111784732,0.0308018876900625,-1.24106305
104.18,6.79710797593445,0.0262179760495589,0.0309139597777472,-1.27955705
104.19,6.75114371490871,0.0239168096693489,0.0310260032979501,-1.31771532
104.2,6.67261988705338,0.00957693181371513,0.0311377539482162,-1.35545108
104.21,6.65935053482227,0.0060184588816379,0.031248961058325,-1.3926842
104.22,6.65898127594524,-0.00870009335857638,0.0313593819853579,-1.42934252
104.23,6.63443388371495,-0.00542026050538225,0.031468784914744,-1.4653629
104.24,6.58501464651964,-0.00647946532090688,0.031577026572843,-1.50069228
104.25,6.53954671972439,-0.00946612495119406,0.0316839505044939,-1.53528851
104.26,6.51809993739513,-0.00596379633138446,0.031789380810243,-1.56912098
104.27,6.513582629975,-0.00264353326924586,0.0318931065241536,-1.60211779
104.28,6.48136715482364,-0.00993420193636786,0.0319957744529201,-1.63482703
104.29,6.44252834992423,-0.00406562379368519,0.0320979706022617,-1.66742958
104.3,6.40688959644914,-0.00444227233087093,0.0322001279493989,-1.69992553
104.31,6.41488082955702,-0.00352047090264681,0.0323024119584086,-1.73231524
104.32,6.39477359796292,0.0014540452331053,0.0324048774325018,-1.76459927
104.33,6.39027632733967,-0.00233175081987243,0.0325075409816773,-1.79677841
104.34,6.3795361868664,-0.0064946739546475,0.0326104065789106,-1.82885368
104.35,6.35940904109308,0.00231974060707533,0.0327134743401044,-1.86082633
104.36,6.35349251671604,0.00383438372283601,0.0328133300984473,-1.88906937
104.37,6.33406068123644,0.00150609920942598,0.0329056848986271,-1.91358448
104.38,6.31927053670968,-0.000516509414056015,0.0329888750362871,-1.93437354
104.39,6.2945392105803,-0.00210171510552922,0.0330623043548278,-1.95143866
104.4,6.23180141641756,0.000784271585662583,0.0331257467893847,-1.96478213
104.41,6.17517049599683,0.00320560991832961,0.0331791015940449,-1.97440645
104.42,6.17415973242689,0.00726078658605515,0.0332223113951934,-1.9803143
104.43,6.11813535168892,0.0128874673344563,0.0332516413603523,-1.97868222
104.44,6.08574289657194,0.00967397860158844,0.0332625273667806,-1.96951327
104.45,6.10156175776607,0.0126808235396829,0.0332566805549646,-1.95643913
104.46,6.12000668848354,0.0159482517723444,0.0332378617098653,-1.93946318
104.47,6.21410852148784,0.0156682840347223,0.0332073309287177,-1.918589
104.48,6.28907975796507,0.025022216937384,0.0331655985015543,-1.89382031
104.49,6.27550999773833,0.0160329121103124,0.0331127663887437,-1.86516097
104.5,6.31500957214292,0.0172096931255184,0.0330488582601636,-1.83261498
104.51,6.36596694457406,0.0193021914282243,0.0329738236570596,-1.79618647
104.52,6.3765349742977,0.0152439460210879,0.032891364009758,-1.75970604
104.53,6.40559388437154,0.0148494567199095,0.0328059203145425,-1.72317805
104.54,6.38153021465191,0.00916498597485544,0.0327192206720221,-1.68660695
104.55,6.38558721689127,0.00143457723505598,0.032631767171049,-1.64999732
104.56,6.44926349030763,-2.20176030778447e-05,0.0325437919557425,-1.61335377
104.57,6.49415060694431,-0.0163002548479605,0.0324553821965917,-1.57668102
104.58,6.52683905929421,-0.0237707929831229,0.032366575318282,-1.53998385
104.59,6.63448621685914,-0.0252659748635385,0.032277391874311,-1.50326706
104.6,6.68543861459358,-0.029084736599627,0.0321878468149207,-1.46653554
104.61,6.77092249460592,-0.0179831861501789,0.0320979532977898,-1.42979417
104.62,6.85365459987049,-0.0153722989912797,0.0320077239482528,-1.39304787
104.63,6.93129098543181,-0.00616191115166867,0.0319171713134605,-1.35630157
104.64,6.94243716954899,-0.0026144357150252,0.0318263079745096,-1.3195602
104.65,7.02034190056359,0.000775505605819498,0.0317351465676776,-1.28282868
104.66,6.96588821187126,0.00611280973312735,0.0316436997616529,-1.2461119
104.67,6.99967163492766,0.00421972162248471,0.0315519635270216,-1.20941472
104.68,6.96249226847731,0.000280570263517588,0.0314598111612588,-1.17274197
104.69,6.98094786459759,0.00219530254736295,0.0313674763808823,-1.13609843
104.7,7.02294576527654,-0.00645191181194481,0.0312749459403433,-1.09948879
104.71,7.09933885708042,-0.000780728299919258,0.031182206592416,-1.0629177
104.72,7.05512322373173,0.00380469250353084,0.0310892576979287,-1.0263897
104.73,7.0912450298004,0.00740905018269877,0.0309961147509328,-0.98990927
104.74,7.14086523883879,0.0122959907269134,0.0309027871668616,-0.95348076
104.75,7.20247913558304,0.0112138141971903,0.0308092856916409,-0.91710843
104.76,7.21321162058545,0.00628270209809166,0.0307156218339239,-0.88079639
104.77,7.30226091376885,0.00613475848766422,0.0306218059518855,-0.84454866
104.78,7.3586017230686,-0.00417269888710847,0.0305278503222716,-0.80836909
104.79,7.40996461323718,-0.00567237892894584,0.0304337616645591,-0.77226141
104.8,7.45646656207255,-0.00936581390001281,0.0303395533873093,-0.73622918
104.81,7.47887037434153,-0.0112165527963021,0.0302452382320451,-0.7002758
104.82,7.4939900426456,-0.0136841304515535,0.0301505697265182,-0.66440451
104.83,7.56188361159089,-0.0220354063674101,0.0300512506484434,-0.62861837
104.84,7.49294799786867,-0.0135014396085566,0.0299341263869691,-0.59292027
104.85,7.46162721513285,-0.0123025020034495,0.0297826680537694,-0.55731288
104.86,7.52493855297466,-0.0124020863608967,0.0295835350856568,-0.52179871
104.87,7.57175488155331,-0.0219619051003694,0.0293287396695309,-0.48638006
104.88,7.58334104653997,-0.0311206309170571,0.0290150264467891,-0.45105901
104.89,7.63382251351613,-0.0390692722128658,0.0286424386849057,-0.41583747
104.9,7.57063373027189,-0.0372547343279189,0.0282128956108298,-0.38071709
104.91,7.55668400245222,-0.0525366530801482,0.0277292107702391,-0.34569935
104.92,7.60181620339102,-0.0547908703860652,0.027194466210825,-0.31078547
104.93,7.54147919414334,-0.0617175277122886,0.0266116535483369,-0.27597648
104.94,7.48453306051915,-0.060514164314733,0.0259836496303296,-0.24127317
104.95,7.49821050755477,-0.0553386953627359,0.0253129676601362,-0.20662275
104.96,7.50125994933951,-0.0603208988785902,0.0246020693166622,-0.17218562
104.97,7.55969551442198,-0.0655029601150012,0.0238534509800181,-0.13814276
104.98,7.54866221860959,-0.0655411764008696,0.0230698481030576,-0.10488222
104.99,7.50319439283244,-0.0718866760986855,0.0222538998856951,-0.07238543
105,7.56114866154994,-0.089317033469284,0.0214079880889311,-0.04062179
105.01,7.61037683645704,-0.101937708441606,0.0205344497356378,-0.00954915
105.02,7.59763075924523,-0.117715192754287,0.0196654688693392,-0.01355157
105.03,7.57902004884303,-0.111583638119256,0.0188179190534903,-0.0181288
105.04,7.56526186166303,-0.101868460396875,0.0179804525386354,-0.02320866
105.05,7.57445022785002,-0.10577464326342,0.0171593944027828,-0.02871104
105.06,7.60928296439367,-0.110533903859956,0.0163644672324302,-0.03454915
105.07,7.59225839535965,-0.0908180071986802,0.0156029659838386,-0.04063093
105.08,7.57248296525936,-0.0824488816090666,0.0148785372366992,-0.04686047
105.09,7.53196462248984,-0.0694596400644656,0.0141920582415396,-0.05313953
105.1,7.53145718604489,-0.0716904774863321,0.0135428118994325,-0.05936907
105.11,7.53047839210016,-0.0796151387898528,0.0129293050635477,-0.06545085
105.12,7.55103243028485,-0.073353963262424,0.0123497501438343,-0.07128896
105.13,7.48127513447842,-0.052226177304318,0.0118022921609256,-0.07679134
105.14,7.49121096973909,-0.0484749913723727,0.0112850137911004,-0.0818712
105.15,7.46543251753855,-0.0521031189223434,0.0107959865347671,-0.08644843
105.16,7.49225501716463,-0.0514308834787094,0.0103332338202007,-0.09045085
105.17,7.47536162276687,-0.0395954618781337,0.00989472418271117,-0.09381533
105.18,7.47643261796006,-0.0425596893453853,0.00947836899731396,-0.09648882
105.19,7.44874043530756,-0.0319193011155076,0.0090820369518555,-0.09842916
105.2,7.50169509676108,-0.0364869705526928,0.00870357576675814,-0.09960574
105.21,7.50265089090483,-0.0387384769695329,0.00834079153660766,-0.09995371
105.22,7.52287574873905,-0.0239550800954957,0.00799198319103631,-0.1
105.23,7.54122717260674,-0.0264428925496481,0.00765592051420453,-0.09995371
105.24,7.56409347232063,-0.0341189251113724,0.0073312873988606,-0.09981491
105.25,7.51168844409084,-0.0286852347142358,0.00701684812756313,-0.09958387
105.26,7.50686962314694,-0.0343881409002465,0.00671158665001477,-0.09926101
105.27,7.48995849992335,-0.0390403674453449,0.00641471355363796,-0.09884692
105.28,7.4605117590692,-0.0323871573819471,0.00612560432282055,-0.09834239
105.29,7.44357158767142,-0.035516131666841,0.00584372007256851,-0.09774834
105.3,7.4094212378838,-0.0309582531739039,0.00556858223798624,-0.09706587
105.31,7.42087120150562,-0.0246809978977101,0.00529974368883935,-0.09629624
105.32,7.5116714981707,-0.0173240319012433,0.00503677924392146,-0.09544088
105.33,7.49665535517986,-0.0195653628729642,0.00477929318468406,-0.09450138
105.34,7.5014286070342,-0.0143799102037512,0.00452688617413239,-0.09347947
105.35,7.54919303923627,-0.00922841577574144,0.00427919589546838,-0.09237705
105.36,7.57632216933771,-0.00894508952849793,0.00403587603313267,-0.09119615
105.37,7.57551907682498,-0.00687685619480699,0.00379659862271814,-0.08993897
105.38,7.56689194157255,-0.0171274565707599,0.00356105488813807,-0.08860783
105.39,7.53368219219037,-0.0227732759298293,0.0033289551638567,-0.0872052
105.4,7.55769516201706,-0.0245331352257831,0.00310002837791409,-0.08573367
105.41,7.55774803762731,-0.0203474277834535,0.00287402136321502,-0.08419597
105.42,7.49450184162694,-0.0269584950686303,0.00265069814729847,-0.08259495
105.43,7.4811759083194,-0.0273179491109082,0.00242983929519872,-0.08093357
105.44,7.45610387674542,-0.0252472068617832,0.00221124160201608,-0.07921491
105.45,7.45085710151085,-0.0159751304105474,0.00199471653192643,-0.07744215
105.46,7.41712248484629,-0.012683825755638,0.00178009041087098,-0.07561857
105.47,7.41816664975725,-0.00679241225399644,0.00156720439256486,-0.07374755
105.48,7.45106472523015,-0.00465752662608232,0.00135591311552898,-0.07183256
105.49,7.48437032250838,-0.00194355875659197,0.0011460844657882,-0.06987714
105.5,7.50261644760054,-0.00149900220024634,0.000937599125740469,-0.06788491
105.51,7.52864291189201,-0.00606829666454042,0.000730350106166282,-0.06585956
105.52,7.51131877986658,-0.0204582283344841,0.000524242293698213,-0.06380485
105.53,7.50427856208087,-0.0195120577859181,0.000319192011331534,-0.06172457
105.54,7.49985460250021,-0.0246135605876915,0.000115126570643439,-0.05962258
105.55,7.44726505619096,-0.0242101382586432,-8.80161284902703e-05,-0.05750277
105.56,7.47332603689507,-0.0254516634646077,-0.000290288006650912,-0.05536907
105.57,7.48592591780751,-0.0299350318770836,-0.000491731240550504,-0.05322542
105.58,7.49378019433277,-0.0238347535002931,-0.000692378627738533,-0.0510758
105.59,7.53126092045072,-0.00749420265294211,-0.000892253961085063,-0.0489242
105.6,7.54340331313878,-0.0134674035875214,-0.00109137228722359,-0.04677458
105.61,7.55438119622778,-0.00819033357744933,-0.00128974078013219,-0.04463093
105.62,7.59607558447119,-0.0186037027284423,-0.00148735857088745,-0.04249723
105.63,7.54903311818925,-0.0205204893200356,-0.00168421730813248,-0.04037742
105.64,7.50691029177942,-0.00467130391818887,-0.00188030152036468,-0.03827543
105.65,7.5139629759778,-0.0139692079312814,-0.00207558895819518,-0.03619515
105.66,7.47300174460441,-0.0182020537601098,-0.00227005096221954,-0.03414044
105.67,7.49876531745011,-0.0156655346689544,-0.0024636528126396,-0.03211509
105.68,7.4570439174284,-0.00862805303205751,-0.00265635406984619,-0.03012286
105.69,7.47618133992307,-0.00366748809504046,-0.00284810890652852,-0.02816744
105.7,7.48556765219182,-0.00659804704974515,-0.0030388664639987,-0.02625245
105.71,7.4631093164615,-0.0214149164742603,-0.0032285711885863,-0.02438143
105.72,7.45524891959574,-0.0179355959266521,-0.00341716316542272,-0.02255785
105.73,7.46935004092455,-0.0154052369516345,-0.00360457843900325,-0.02078509
105.74,7.42912974469616,-0.00960550596043818,-0.00379074935079229,-0.01906643
105.75,7.45880894648856,-0.019103589619708,-0.00397560485792033,-0.01740505
105.76,7.40985176010699,-0.0217443706269658,-0.00415907087805351,-0.01580403
105.77,7.42651164665705,-0.0213874848856682,-0.00434107057922199,-0.01426633
105.78,7.48338439327616,-0.0146835859324737,-0.00452152471779534,-0.0127948
105.79,7.47414585594899,-0.0154185066193977,-0.00470035193985932,-0.01139217
105.8,7.44093784940682,-0.0185207804890988,-0.00487746910224351,-0.01006103
105.81,7.45519906079922,-0.026152767259278,-0.00505279157864552,-0.00880385
105.82,7.44206336484225,-0.0286795326760032,-0.00522623356482621,-0.00762295
105.83,7.43777549761018,-0.0289585262487525,-0.00539770835698266,-0.00652053
105.84,7.45480920772683,-0.0207620376216109,-0.00556712868041052,-0.00549862
105.85,7.43723358045997,-0.0279766434692988,-0.0057344069693671,-0.00455912
105.86,7.46047743275686,-0.0254811578106695,-0.00589945565550251,-0.00370376
105.87,7.4632750393931,-0.0261726223594899,-0.00606218745805949,-0.00293413
105.88,7.40936149861239,-0.0233058180623052,-0.00622251563169673,-0.00225166
105.89,7.43552824660983,-0.00989524867508631,-0.00638035428193063,-0.00165761
105.9,7.44034025942921,-0.00820827080118005,-0.00653561861775511,-0.00115308
105.91,7.42625278883774,-0.0146935402192466,-0.0066882252299195,-0.00073899
105.92,7.40192479944385,-0.00797912471559889,-0.00683809231645096,-0.00041613
105.93,7.3792140507628,-0.00805769176966691,-0.00698513995273646,-0.00018509
105.94,7.3935342644234,-0.000697544136281595,-0.00712933373041135,-0
105.95,7.46926156953089,0.00306147863191016,-0.00727053031092181,-0
105.96,7.45898347350267,-0.0105981163757286,-0.00740831908275983,-0.00039426
105.97,7.48273991313904,-0.00624300280217731,-0.00754190985890723,-0.00157084
105.98,7.44869530995761,-0.00514783005360657,-0.00767045125071565,-0.00351118
105.99,7.48175744654535,-0.00819624290033799,-0.00779322570785561,-0.00618467
106,7.45669273632788,-0.00350368136713706,-0.00790942537970528,-0.00954915
106.01,7.45264300463411,-0.00757732356313709,-0.00801815565842813,-0.01355157
106.02,7.44822953897929,-0.00643460559811135,-0.00811851090169195,-0.0181288
106.03,7.47771393489108,-0.0039768209414599,-0.00820968856839151,-0.02320866
106.04,7.42210990868031,-0.00949487827740075,-0.00829097144654633,-0.02871104
106.05,7.42629785487883,-0.0101760193551255,-0.00836191476925427,-0.03454915
106.06,7.37284620066205,-0.00893022735080331,-0.00842217291886606,-0.04063093
106.07,7.37467300605064,-0.0112302125055193,-0.00847164972650037,-0.04686047
106.08,7.39232926578713,-0.01516562564819,-0.00851056839011995,-0.05313953
106.09,7.39236425990696,-0.0161690656115054,-0.0085391517645299,-0.05936907
106.1,7.38534993509536,-0.0125094249743464,-0.00855802606765333,-0.06545085
106.11,7.37700406473696,-0.0110489350372475,-0.00856801522357832,-0.07128896
106.12,7.36346800215638,-0.00536859450422802,-0.00857019753656292,-0.07679134
106.13,7.38051954804027,-0.00612356829096732,-0.00856589074572782,-0.0818712
106.14,7.39459035338895,0.000564336293922225,-0.00855678245658289,-0.08644843
106.15,7.37797565135469,0.0114559002273696,-0.00854461358831845,-0.09045085
106.16,7.33615417172218,0.0175967291336874,-0.00853116770541762,-0.09381533
106.17,7.32312954406652,0.0180002931902888,-0.00851779785277557,-0.09648882
106.18,7.35092056102271,0.0248664532135874,-0.00850538114400931,-0.09842916
106.19,7.368702370776,0.0192160634344411,-0.00849445045748959,-0.09960574
106.2,7.38626921631686,0.0155920645086537,-0.00848538908824792,-0.09994337
106.21,7.40986508976954,0.00371386549940595,-0.00847798246723193,-0.1
106.22,7.42153643223493,-0.0092215410984117,-0.00847155014660035,-0.09994337
106.23,7.44692235683483,-0.0197943078396024,-0.00846574575970823,-0.0997736
106.24,7.4812027748527,-0.0144338665775119,-0.00846049484252814,-0.09949107
106.25,7.50931316223216,-0.0219730471161249,-0.00845582118594408,-0.09909643
106.26,7.52439882725624,-0.0197173964526644,-0.0084517903989146,-0.09859058
106.27,7.55803027047331,-0.0153832206999813,-0.00844849324982439,-0.09797465
106.28,7.5397132725592,-0.00986100193200958,-0.00844604123583427,-0.09725004
106.29,7.56669152654986,-0.00665678642830452,-0.0084445652794138,-0.0964184
106.3,7.53579687188918,-0.00340194293286922,-0.00843367168795718,-0.10671284
106.31,7.47285407293499,-0.0104347896996739,-0.00839887996275261,-0.1281355
106.32,7.42857178894472,0.00600712391884871,-0.0083333238795056,-0.16068873
106.33,7.39815486001276,0.0133949725947356,-0.00823576893570187,-0.2043751
106.34,7.2928596437102,0.0227562771609474,-0.00810648459863197,-0.25919744
106.35,7.21615951939245,0.0225244681637685,-0.00794551938819993,-0.32515875
106.36,7.15068713383752,0.0300594984543455,-0.00775281019789482,-0.40226228
106.37,7.08694603466946,0.0341376059638733,-0.00752825451326831,-0.49051144
106.38,7.02596859540369,0.0424708484677129,-0.00727174687135331,-0.58990988
106.39,6.98788145419426,0.0374602769344405,-0.00699342229106787,-0.68923015
106.4,6.8547193386575,0.0299342135474214,-0.0067065856195175,-0.78847625
106.41,6.77836001677355,0.024258635842125,-0.00641609288259705,-0.88765233
106.42,6.69452961481136,0.032577245156717,-0.00612370370637016,-0.98676271
106.43,6.58689771649977,0.0325197156182755,-0.00583004932460682,-1.08581185
106.44,6.55440435319137,0.0279607064835003,-0.00553535223390267,-1.18480436
106.45,6.44959289230728,0.0191259434680865,-0.00523968661456687,-1.28374497
106.46,6.33735824062845,0.0178513324401402,-0.0049430726256345,-1.38263853
106.47,6.32964407740228,0.0178544827316411,-0.00464551060303402,-1.48148999
106.48,6.27275602691117,0.023022818251647,-0.00434699390038232,-1.58030441
106.49,6.22783765914309,0.0161698876718343,-0.00404751201971734,-1.67908691
106.5,6.1441881864321,0.0166961968815867,-0.00374705369287455,-1.77784271
106.51,6.01112179078045,0.0172876565510195,-0.00344560699380315,-1.87657708
106.52,5.939128121435,0.0259065437867197,-0.00314315962811298,-1.97529532
106.53,5.86268328972623,0.0246015513364198,-0.00283969901456779,-2.0740028
106.54,5.73465428346057,0.0313971987666197,-0.00253521234934527,-2.17270489
106.55,5.64760160868732,0.0312074861947259,-0.002229686656234,-2.27140698
106.56,5.64182307882341,0.054346337654278,-0.00192310883385407,-2.37011446
106.57,5.70575446718117,0.103381800453774,-0.00161546577002228,-2.4688327
106.58,5.9660309663828,0.180189322861313,0,-2.56756707
106.59,6.36661855374633,0.274785076571061,0.000841655461023331,-2.66632287
106.6,6.93710242548348,0.389042235536493,0.00341637644571791,-2.76510537
106.61,7.65494777077436,0.520020585867044,0.00799378419619871,-2.86391979
106.62,8.50261622899033,0.66009859400109,0.0143407181392432,-2.96277125
106.63,9.40945983886903,0.804628231215092,0.0221360443393638,-3.06166481
106.64,10.3731329809391,0.925694372871772,0.0311104351411422,-3.16060542
106.65,11.2682017084356,1.0306904162527,0.0410841221283228,-3.25959793
106.66,12.1324331363341,1.11657319324177,0.0519443832884484,-3.35864707
106.67,12.8729517074714,1.19299760972087,0.0636193376908839,-3.45775745
106.68,13.5885827943898,1.2540602707121,0.0760596479187606,-3.55693353
106.69,14.1722457298439,1.30295440598372,0.0891919162939253,-3.65617963
106.7,14.6581771538617,1.32888121146501,0.102786017186456,-3.7554999
106.71,15.0279344655947,1.34434372963174,0.116570398021758,-3.85489834
106.72,15.3149072576175,1.35323332969404,0.130364278168507,-3.95437874
106.73,15.504259820259,1.36038718682277,0.144078391398008,-4.05394475
106.74,15.667111525052,1.3513271561117,0.157680547703328,-4.1535998
106.75,15.7045314071991,1.34388576682538,0.171166521210501,-4.2533471
106.76,15.8235590697317,1.33251089030021,0.184541310937223,-4.35318969
106.77,15.9407282857004,1.31632874146591,0.197806530858103,-4.44189913
106.78,16.0148070452815,1.30927098226379,0.210958010626863,-4.51947801
106.79,16.0789608440281,1.30478160560848,0.223991516418277,-4.58592867
106.8,16.2004665418016,1.27998962359195,0.236902426005429,-4.64125324
106.81,16.3153360993257,1.26666007368527,0.249679530281854,-4.66992806
106.82,16.4530643081124,1.24321313232568,0.262305173696101,-4.67195477
106.83,16.533992672866,1.22914325615175,0.274764047665424,-4.64733478
106.84,16.5640771576267,1.21583874938465,0.287041391510798,-4.59606922
106.85,16.7057815196401,1.19188778934968,0.299122738910737,-4.51815899
106.86,16.8263126901424,1.16320462795189,0.31099798187714,-4.42477933
106.87,16.9321084675306,1.14432759110052,0.322660958636835,-4.31610054
106.88,17.0535221875068,1.12367022482156,0.33410337847573,-4.19229048
106.89,17.2167851929964,1.10300433445092,0.345316142303759,-4.05373718
106.9,17.3724574596042,1.0768702612424,0.356296705318526,-3.91594764
106.91,17.5668530155805,1.05602702556927,0.367048918333013,-3.77889126
106.92,17.7256337045513,1.04259266726225,0.377573644550988,-3.64252587
106.93,17.9264125620672,1.0234494281965,0.387870774179774,-3.50679841
106.94,18.0919680043213,1.00076447511637,0.39794043786832,-3.37164577
106.95,18.260876394798,0.970381764775377,0.40778235125549,-3.23699575
106.96,18.3834631455263,0.954906982686628,0.417396671283324,-3.10276826
106.97,18.5434664201298,0.93612895118849,0.426783802167327,-2.9688765
106.98,18.6414008411274,0.913155678125246,0.435944110358499,-2.83522841
106.99,18.7662198142672,0.885814790532656,0.444877878693489,-2.70172807
107,18.9116062904081,0.862446246786131,0.453585309291633,-2.56827725
107.01,19.0504468172458,0.837100137720028,0.462066516814375,-2.43477692
107.02,19.1526233437693,0.8194178819614,0.47032152012959,-2.30112883
107.03,19.3108441994876,0.787313529748142,0.47835027310923,-2.16723707
107.04,19.3900920675442,0.759638494063318,0.486152668870236,-2.03300957
107.05,19.5554965135422,0.736372797494549,0.493728463021666,-1.89835956
107.06,19.7226561668804,0.718672618842329,0.501077373055372,-1.76320692
107.07,19.8283895009279,0.696277981327617,0.508199096102265,-1.62747946
107.08,19.9313623018941,0.689099620575563,0.515093213639409,-1.49111407
107.09,20.063669991304,0.660017205109435,0.521759217337524,-1.35405769
107.1,20.1345950929212,0.642500280346266,0.528196551684289,-1.21626815
107.11,20.2518014773145,0.622087796537004,0.53440458421483,-1.07771485
107.12,20.391263400298,0.589275718681071,0.540382610455906,-0.93831709
107.13,20.4873647212001,0.573883451050804,0.546130191466958,-0.79864937
107.14,20.5549025552684,0.544658984477726,0.551647244939948,-0.65885734
107.15,20.6614827756127,0.514741994907748,0.556943340952956,-0.5344667
107.16,20.7305444760171,0.500197039060691,0.562035611840848,-0.42547791
107.17,20.8411115751973,0.476859480869278,0.566936745457112,-0.33189175
107.18,20.9491534448363,0.458400410877028,0.571659510108592,-0.25370928
107.19,20.9858623482753,0.447323787967048,0.576218525431816,-0.19093189
107.2,20.994235615284,0.416266515351088,0.580630291998148,-0.14356126
107.21,21.0665009913647,0.410078399832034,0.584912618484857,-0.11159935
107.22,21.0560187798971,0.402388197613617,0.589084070434933,-0.09504844
107.23,21.0303480049273,0.394800521305935,0.59316362268454,-0.09391108
107.24,20.9933322486371,0.384726720707033,0.597159614403311,-0.09266454
107.25,20.5455791608499,0.262486012274841,0.601073144581681,-0.09131194
107.26,19.6977983512694,0.0830932125591662,0.604910339051249,-0.08985663
107.27,18.6560297027457,-0.12406988525239,0.608629178258968,-0.08830222
107.28,17.3951711829791,-0.340517782753189,0.608105149141251,-0.08665259
107.29,16.1764909056385,-0.56340606963645,0.601488829493826,-0.08491184
107.3,14.9501279057469,-0.782809056828135,0.591781638330521,-0.08308429
107.31,13.6580482168816,-0.984882686024423,0.580715682322081,-0.08117449
107.32,12.7575836013161,-1.07638306978443,0.569240575981445,-0.07918718
107.33,12.2885749471157,-1.10214747572773,0.557821263599694,-0.07712731
107.34,11.975755806254,-1.09913838616893,0.546635775232608,-0.075
107.35,11.8400721101907,-1.08505910650953,0.535719190991227,-0.07281053
107.36,11.7102039446362,-1.0589377855726,0.52505063773496,-0.07056436
107.37,11.542212384021,-1.03743858326465,0.514599960929474,-0.06826705
107.38,11.4455607624282,-1.02029378580236,0.50434554196629,-0.06592433
107.39,11.3521939925155,-1.00545139638094,0.494276222741941,-0.06354202
107.4,11.2020628517614,-0.991538461050447,0.484387118015011,-0.06112605
107.41,11.0961564817217,-0.977515465562718,0.474676003229945,-0.05868241
107.42,11.0175674995472,-0.957769158936208,0.465141839358546,-0.05621719
107.43,10.9058146734286,-0.941111430766392,0.455783128065201,-0.0537365
107.44,10.7995190808584,-0.92287460065146,0.446597904450027,-0.05124653
107.45,10.6556063339834,-0.904630975861624,0.437583894732928,-0.04875347
107.46,10.5786839312008,-0.882954931148523,0.428738689792486,-0.0462635
107.47,10.4490332777028,-0.863055315833308,0.420059878057566,-0.04378281
107.48,10.3286261849995,-0.837887611914493,0.411545110577677,-0.04131759
107.49,10.222532692363,-0.830099771556755,0.403191985571713,-0.03887395
107.5,10.1160869754005,-0.816645820937134,0.394998228484716,-0.03645798
107.51,10.0598202170778,-0.797646631066332,0.386961487329337,-0.03407567
107.52,10.0200346233341,-0.789456669725217,0.379079528215855,-0.03173295
107.53,9.84299868058294,-0.78099943730411,0.371350107056226,-0.02943564
107.54,9.74242522793466,-0.763216352010004,0.363770985418888,-0.02718947
107.55,9.71077202785812,-0.745832676329987,0.356339924255339,-0.025
107.56,9.68889582447057,-0.729130783841523,0.349054724631036,-0.02287269
107.57,9.61025876577722,-0.713628800306808,0.341913337478371,-0.02081282
107.58,9.53747188634068,-0.70930572190888,0.334913510042754,-0.01882551
107.59,9.49251570426771,-0.693580322942741,0.328053000557744,-0.01691571
107.6,9.46088331716396,-0.665895345923182,0.321329673341245,-0.01508816
107.61,9.49394027182728,-0.653675763268552,0.314741439378595,-0.01334741
107.62,9.36724774260159,-0.64703439392045,0.308286204031431,-0.01169778
107.63,9.26053146326096,-0.630882798912139,0.30196188073787,-0.01014337
107.64,9.20747506066124,-0.619996594405474,0.295766436747049,-0.00868806
107.65,9.1272375623921,-0.589457475415635,0.289697776931845,-0.00733546
107.66,9.07737592580778,-0.572939192969874,0.283753875649301,-0.00608892
107.67,9.05150513627587,-0.568200134614282,0.277932717311714,-0.00495156
107.68,9.00118350150909,-0.559449983127324,0.27223230562839,-0.00392619
107.69,8.99958270886444,-0.54228433625372,0.266650662085739,-0.00301537
107.7,8.93669169438495,-0.532620523661669,0.261185825617443,-0.00222136
107.71,8.87028860955865,-0.532040570598776,0.255835835330018,-0.00154614
107.72,8.83209154858962,-0.533139280034444,0.250598793921199,-0.00099138
107.73,8.75384284117086,-0.532040412193992,0.245472733965845,-0.00055846
107.74,8.68601503143897,-0.529265133070431,0.240455848807881,-0.00024846
107.75,8.60643459069328,-0.519237008355809,0.235546199086412,-0
107.76,8.57311361206762,-0.515783780280794,0.23074186067443,-0
107.77,8.51573200536341,-0.507574700309199,0.226041276913987,-0.00039426
107.78,8.48791708309766,-0.48388128527743,0.221443238535627,-0.00157084
107.79,8.46207430660984,-0.468136417262301,0.216946573285866,-0.00351118
107.8,8.45198114727295,-0.451922057084274,0.21255004484366,-0.00618467
107.81,8.40532366415873,-0.43493797061605,0.208252226783438,-0.00954915
107.82,8.36140748682767,-0.426490093484009,0.204051932498919,-0.01355157
107.83,8.37203363765629,-0.410440709763166,0.199947965336279,-0.0181288
107.84,8.34193892122629,-0.391843552735291,0.195939058368339,-0.02320866
107.85,8.34692501540447,-0.385097804826065,0.192023932412702,-0.02871104
107.86,8.35369111651305,-0.369308673938491,0.18820123978599,-0.03454915
107.87,8.33156018384888,-0.362980913342115,0.18446953560306,-0.04063093
107.88,8.31500810627921,-0.352084114225903,0.18082731943919,-0.04686047
107.89,8.33426483116201,-0.346754444810518,0.177272912799259,-0.05313953
107.9,8.24486530651168,-0.333796504106265,0.17380465833472,-0.05936907
107.91,8.18778712022749,-0.321471861679077,0.170420714235242,-0.06545085
107.92,8.17543547372535,-0.313683358259205,0.167119147303639,-0.07128896
107.93,8.14781318670581,-0.316335467350862,0.163897980529007,-0.07679134
107.94,8.11029032443806,-0.304057045750954,0.160755139920381,-0.0818712
107.95,8.06786670455825,-0.296106346270112,0.157688419974286,-0.08644843
107.96,8.01456663992484,-0.280530416398458,0.154695540254253,-0.09045085
107.97,7.98650973726372,-0.28288549148326,0.151774203975932,-0.09381533
107.98,8.00966771811561,-0.284827977453947,0.148921999836404,-0.09648882
107.99,7.99392289167165,-0.282268285286732,0.146136501731413,-0.09842916
108,7.97269886814176,-0.274207745126169,0.143415245344177,-0.09960574
108.01,7.94950024417483,-0.266731300181545,0.140755705598432,-0.09993977
108.02,7.96703947478004,-0.262730233278583,0.138155749001043,-0.1
108.03,7.94421745297654,-0.260229166966846,0.135613674918249,-0.09993977
108.04,7.94407812886406,-0.254087565499048,0.133127669206696,-0.09975924
108.05,7.96008705907113,-0.24489489637361,0.130695907649086,-0.09945883
108.06,7.90813576785321,-0.239815450639965,0.12831669450967,-0.09903926
108.07,7.85877340894161,-0.234803327672686,0.125988473127471,-0.09850156
108.08,7.82284188484464,-0.225965669706832,0.123709788472638,-0.09784702
108.09,7.85158299959314,-0.221132688166063,0.121479248223141,-0.0970772
108.1,7.83504727395375,-0.214572462263448,0.119295497992324,-0.09619398
108.11,7.82483464585753,-0.213556441002239,0.117157210001785,-0.09519946
108.12,7.86280951030315,-0.207342641263717,0.115063081905677,-0.09409606
108.13,7.87605284312425,-0.203288984759033,0.11301183772801,-0.09288643
108.14,7.86121164705612,-0.200382261652877,0.111002230290014,-0.09157348
108.15,7.87288976939846,-0.198238228672539,0.109033049809619,-0.09016038
108.16,7.85343413034932,-0.193386324692845,0.107103100815849,-0.08865052
108.17,7.890825223888,-0.192155839362803,0.105211230956453,-0.08704756
108.18,7.89611760013767,-0.185797427172351,0.103356326985793,-0.08535534
108.19,7.84789519907048,-0.186357020679177,0.10153730099617,-0.08357795
108.2,7.80787375031473,-0.181521073881651,0.0997530985694999,-0.08171966
108.21,7.81363294136679,-0.179030689838212,0.0980026982118055,-0.07978497
108.22,7.82400353631037,-0.181660892445243,0.0962851105791188,-0.07777851
108.23,7.78930735113129,-0.183089843893817,0.0945993786853424,-0.07570514
108.24,7.77226324075959,-0.182665735261948,0.0929445773263139,-0.07356984
108.25,7.77887880821603,-0.178745734603693,0.0913198131058965,-0.07137775
108.26,7.73756270941424,-0.176152232951489,0.0897242243182528,-0.06913417
108.27,7.75974429439925,-0.171250760355387,0.0881569807295362,-0.06684449
108.28,7.73888298312556,-0.162054851611635,0.0866172826085838,-0.06451423
108.29,7.71884849313056,-0.164351231008711,0.0851043614205585,-0.06214901
108.3,7.68055948473352,-0.155198855239563,0.0836174786318698,-0.05975452
108.31,7.65313624973549,-0.152506062773625,0.0821559254851789,-0.05733652
108.32,7.66436808189028,-0.146944433645787,0.080719022506909,-0.05490086
108.33,7.64561211281738,-0.147587624038254,0.0793061189193881,-0.05245338
108.34,7.61490668182896,-0.143429611609254,0.0779165923376232,-0.05
108.35,7.64355545662084,-0.14368052841801,0.0765498477604848,-0.04754662
108.36,7.60666030215731,-0.133090425507536,0.0752053271767372,-0.04509914
108.37,7.65556882707789,-0.138065612170124,0.0738824700963346,-0.04266348
108.38,7.6757506386708,-0.129462383099664,0.0725807694960992,-0.04024548
108.39,7.62472859740858,-0.135481031187599,0.0712997348953656,-0.03785099
108.4,7.61624464554835,-0.127110888823183,0.0700388998252001,-0.03548577
108.41,7.64647692831292,-0.128942573840468,0.0687978315104403,-0.03315551
108.42,7.62373519463365,-0.130471014966883,0.0675761011522879,-0.03086583
108.43,7.65314032473964,-0.137523309294535,0.0663733038847012,-0.02862225
108.44,7.6209621913587,-0.136010326429067,0.0651890679605908,-0.02643016
108.45,7.5893878349027,-0.145959347476809,0.0640230383650082,-0.02429486
108.46,7.57375989815168,-0.128551209465983,0.0628748781618338,-0.02222149
108.47,7.55983879043556,-0.124762702359739,0.0617442693625247,-0.02021503
108.48,7.53123289543018,-0.122779849449446,0.0606309115976706,-0.01828034
108.49,7.55822081099167,-0.112151161041279,0.0595345220722863,-0.01642205
108.5,7.52351705992427,-0.104895387585196,0.0584548349451873,-0.01464466
108.51,7.53721701078842,-0.0970726575263291,0.057391600279571,-0.01295244
108.52,7.49539447496704,-0.0902350074018751,0.0563445830934353,-0.01134948
108.53,7.5419466427883,-0.10300899356799,0.0553135624524805,-0.00983962
108.54,7.56227068723628,-0.114974569680778,0.0542983306784791,-0.00842652
108.55,7.53699330582847,-0.111789202984097,0.0532986925557858,-0.00711357
108.56,7.59765144739587,-0.116029333094826,0.05231446451737,-0.00590394
108.57,7.62691175632326,-0.109919634409969,0.0513454738598923,-0.00480054
108.58,7.60796145517764,-0.108868556254347,0.0503915580366408,-0.00380602
108.59,7.59513451782919,-0.10477710947051,0.0494525638215841,-0.0029228
108.6,7.58201652145311,-0.0951544685138712,0.0485283465751121,-0.00215298
108.61,7.56710568512695,-0.0846580088007483,0.0476187694959956,-0.00149844
108.62,7.54656440568312,-0.0821320804572575,0.046723702896446,-0.00096074
108.63,7.45057378474482,-0.0848077523818552,0.0458430234376945,-0.00054117
108.64,7.47838495953858,-0.0781272852941838,0.0449766134925798,-0.00024076
108.65,7.49065512451437,-0.072962817049633,0.0441243092783391,-0
108.66,7.51485314086807,-0.0725453114893802,0.0432860860324744,-0
108.67,7.46029060366997,-0.0769174152059673,0.0424621478733272,-0.00039426
108.68,7.44589090191881,-0.0809864404239269,0.0416530303780582,-0.00157084
108.69,7.49156880943534,-0.0743049597498131,0.0408593824856572,-0.00351118
108.7,7.5309317776733,-0.0766204061127671,0.0400817197040319,-0.00618467
108.71,7.54470326318521,-0.0799279567479305,0.0393206355590965,-0.00954915
108.72,7.54858342381282,-0.0834974283550168,0.0385768065233371,-0.01355157
108.73,7.5534199426571,-0.0731398219787622,0.0378509245444683,-0.0181288
108.74,7.56129400766814,-0.0655504529147997,0.0371436272542272,-0.02320866
108.75,7.59504703986836,-0.0557630628871361,0.0364554366660783,-0.02871104
108.76,7.59994817392232,-0.0585856016165988,0.0357867329316602,-0.03454915
108.77,7.58630123865382,-0.0456580619800263,0.0351377299579246,-0.04063093
108.78,7.5152085930726,-0.0467198722805895,0.034508488667422,-0.04686047
108.79,7.5175639634691,-0.0491466912285758,0.0338988869686067,-0.05313953
108.8,7.53629893426453,-0.0530802318702152,0.033308630981521,-0.05936907
108.81,7.57106249468693,-0.0559471868803032,0.0327372569384435,-0.06545085
108.82,7.60418887402878,-0.0615967109754591,0.0321841368184087,-0.07128896
108.83,7.57891706154775,-0.0637145157763819,0.0316484613622198,-0.07679134
108.84,7.55960709997033,-0.0667578241893063,0.031129318138457,-0.0818712
108.85,7.57719096636905,-0.0674843782457397,0.0306256327938881,-0.08644843
108.86,7.56502531646104,-0.0636637421350967,0.0301362044323833,-0.09045085
108.87,7.56702783558301,-0.059342051514776,0.0296597321568645,-0.09381533
108.88,7.54745156232443,-0.0527482649831729,0.0291948297640901,-0.09648882
108.89,7.50100183245504,-0.0425732397245607,0.028740045509547,-0.09842916
108.9,7.51325465286905,-0.0346598868810577,0.0282938824017188,-0.09960574
108.91,7.52572054692052,-0.0435272338411196,0.0278547791176136,-0.09995371
108.92,7.52553874235291,-0.035182484514229,0.027421641415976,-0.1
108.93,7.55649531395591,-0.0311879456997736,0.0269938232260418,-0.09995371
108.94,7.54763273322207,-0.0390401717000707,0.0265705708839591,-0.09981491
108.95,7.55257487384526,-0.0405815091421957,0.0261511586329564,-0.09958387
108.96,7.59583409205511,-0.0429793337493418,0.0257350771273562,-0.09926101
108.97,7.61241117639305,-0.0465029059922765,0.0253220053456279,-0.09884692
108.98,7.59317347525138,-0.0398259835008599,0.0249117601727626,-0.09834239
108.99,7.59533288611239,-0.051836102908999,0.0245042282443051,-0.09774834
109,7.56019359354068,-0.0624195478184988,0.0240993261288407,-0.09706587
109.01,7.57330884379658,-0.0455606116233663,0.0236969786688244,-0.09629624
109.02,7.51607733921495,-0.0533332292789894,0.0232971107480604,-0.09544088
109.03,7.47363783005441,-0.0549080112872974,0.0228996455775128,-0.09450138
109.04,7.4714518385595,-0.0570091351561065,0.0225045057611098,-0.09347947
109.05,7.48782794169363,-0.0571784824905124,0.0221116148447174,-0.09237705
109.06,7.44594725445982,-0.0449937789856775,0.0217208986876087,-0.09119615
109.07,7.48341669118158,-0.0340101419609617,0.0213322863008385,-0.08993897
109.08,7.49950804330735,-0.0478894648179215,0.0209457103868502,-0.08860783
109.09,7.55390624365973,-0.0447404460548607,0.0205611076186896,-0.0872052
109.1,7.55994978287019,-0.0453407579645393,0.0201784188152779,-0.08573367
109.11,7.5322713596729,-0.0474797392959303,0.019797589079433,-0.08419597
109.12,7.5195739901191,-0.0447509382038733,0.0194185678889528,-0.08259495
109.13,7.58189950455403,-0.0434540870423386,0.0190413092085648,-0.08093357
109.14,7.51939074357685,-0.0481873857463124,0.0186657715739242,-0.07921491
109.15,7.55172115168093,-0.0443566983445551,0.0182919181551337,-0.07744215
109.16,7.5608389491659,-0.0421517944021865,0.0179197168502513,-0.07561857
109.17,7.57692881009155,-0.0499121441047959,0.017549140326821,-0.07374755
109.18,7.60553519299846,-0.039594545780652,0.0171801660641586,-0.07183256
109.19,7.62521511096154,-0.0397621947406188,0.0168127763874385,-0.06987714
109.2,7.60079562851431,-0.0458971425294429,0.0164469581424542,-0.06788491
109.21,7.6287506218808,-0.0448161627036396,0.0160827036839363,-0.06585956
109.22,7.60683889560803,-0.0491521806467432,0.0157200098895127,-0.06380485
109.23,7.57127887223219,-0.0488544582170601,0.0153588784076454,-0.06172457
109.24,7.51123372982022,-0.0325193074941531,0.0149993156821749,-0.05962258
109.25,7.50676712382077,-0.0424430349149378,0.0146413338101749,-0.05750277
109.26,7.51174282620874,-0.0365862192952651,0.0142849476124443,-0.05536907
109.27,7.50167553261257,-0.0370402786695364,0.0139301774976125,-0.05322542
109.28,7.53469621500697,-0.0332425406700802,0.0135770483664516,-0.0510758
109.29,7.49618802581004,-0.0251077527395116,0.0132255895578585,-0.0489242
109.3,7.55398723318095,-0.0190490561915035,0.0128758346968611,-0.04677458
109.31,7.60725093184551,-0.0258845710538393,0.0125278215953428,-0.04463093
109.32,7.58553685613198,-0.0215906331451984,0.0121815921224004,-0.04249723
109.33,7.60455256922112,-0.0297437528783498,0.0118371921149363,-0.04037742
109.34,7.65320260020104,-0.0275198181964048,0.0114946711612213,-0.03827543
109.35,7.63142425814494,-0.0322707428027256,0.011154082506085,-0.03619515
109.36,7.62132165361052,-0.0341648490993093,0.0108154831434885,-0.03414044
109.37,7.60819774377326,-0.036390797616765,0.010478932961094,-0.03211509
109.38,7.58956560607973,-0.0370755193747414,0.0101444951327075,-0.03012286
109.39,7.56122677182225,-0.0307216562117336,0.00981223583436414,-0.02816744
109.4,7.54525058303004,-0.0279902496785172,0.00948222399606148,-0.02625245
109.41,7.51128556656835,-0.0258132810707752,0.00915453113909106,-0.02438143
109.42,7.47736664062659,-0.023286427851815,0.00882923117116244,-0.02255785
109.43,7.47199927323466,-0.0278446490124112,0.00850640021783751,-0.02078509
109.44,7.43456653164877,-0.0279642161369939,0.00818611638224919,-0.01906643
109.45,7.44503248726456,-0.0239207914033405,0.00786845951545736,-0.01740505
109.46,7.47831912954069,-0.0327950157560607,0.0075535110854413,-0.01580403
109.47,7.43652808401572,-0.0347811698592941,0.0072413538645303,-0.01426633
109.48,7.40655932285739,-0.0388804918143314,0.00693207178303922,-0.0127948
109.49,7.43205534503501,-0.0341498960631769,0.00662574964984972,-0.01139217
109.5,7.39865177028639,-0.0245074354021033,0.00632247298056363,-0.01006103
109.51,7.41362620720883,-0.0243470407430173,0.00602232774446125,-0.00880385
109.52,7.40390426606033,-0.027525011480992,0.00572540012770546,-0.00762295
109.53,7.41357836718697,-0.0211599743830991,0.00543177632815407,-0.00652053
109.54,7.42279722077991,-0.0118607993052851,0.0051415423376868,-0.00549862
109.55,7.4677760281077,-0.00201269370166953,0.0048547836698972,-0.00455912
109.56,7.45832581424091,0.00375775858758959,0.00457158516575741,-0.00370376
109.57,7.49434497420203,-0.00577214934095438,0.00429203076874489,-0.00293413
109.58,7.47596443495155,-0.00727403891254001,0.00401620329849884,-0.00225166
109.59,7.48394665113279,-0.00311740708573146,0.00374419614810945,-0.00165761
109.6,7.45306502242364,-0.000784786840870125,0.00347607475378092,-0.00115308
109.61,7.45869571315166,-0.00658113296469725,0.00321192278469478,-0.00073899
109.62,7.42108832979826,-0.0176804764473723,0.00295181750327795,-0.00041613
109.63,7.37483107610025,-0.0276604197567087,0.00269583223442085,-0.00018509
109.64,7.37044729233265,-0.0230917628826593,0.00244399501475067,-0
109.65,7.37256808275635,-0.0229443770130422,0.00219644038396401,-0
109.66,7.34260454691215,-0.0222114240712369,0.00195356910236647,-0.00039426
109.67,7.3939931877401,-0.0220830116768193,0.00171615922309946,-0.00157084
109.68,7.38835246370832,-0.0209642242988368,0.00148505488651349,-0.00351118
109.69,7.43307262144012,-0.02113540862477,0.00126096828653009,-0.00618467
109.7,7.48441649132623,-0.0222009709489865,0.00104470621532311,-0.00954915
109.71,7.50524058213998,-0.0207434714710418,0.00083716581751132,-0.01355157
109.72,7.47189683932085,-0.010761853662698,0.000639258058168869,-0.0181288
109.73,7.46992342872331,-0.0100703208338796,0.00045182492238015,-0.02320866
109.74,7.45892789674571,-0.0153091603789982,0.000275581540619038,-0.02871104
109.75,7.47793647522905,-0.0171125589026843,0.000111079099760315,-0.03454915
109.76,7.41628517300248,-0.0128362277044284,-4.13116858945569e-05,-0.04063093
109.77,7.4339930313207,-0.00491261762436851,-0.000181412742580307,-0.04686047
109.78,7.38244406550058,-0.00909967297315904,-0.000309240573332727,-0.05313953
109.79,7.44748963378074,-0.0206047930940074,-0.000425005236468261,-0.05936907
109.8,7.49261680387316,-0.020153863703582,-0.000529105627923316,-0.06545085
109.81,7.39737756686169,-0.0116057014650114,-0.000622123664491899,-0.07128896
109.82,7.38370281114518,-0.0108722653183089,-0.000704811497721836,-0.07679134
109.83,7.38040050270875,-0.0119165255323332,-0.000778076974176858,-0.0818712
109.84,7.3706775960111,-0.00834719124410317,-0.00084297354162214,-0.08644843
109.85,7.39399441816234,-0.0103637390217192,-0.000900662708599159,-0.09045085
109.86,7.39848439457441,-0.0116805113239194,-0.000952406650050541,-0.09381533
109.87,7.38159865025992,-0.0181982682536535,-0.000999526909426876,-0.09648882
109.88,7.47614265223039,-0.0259058886885534,-0.00104338580306159,-0.09842916
109.89,7.45831563838448,-0.0257205609510751,-0.00108534173934256,-0.09960574
109.9,7.47946320821822,-0.0269703930274986,-0.0011268018520345,-0.09993977
109.91,7.44050349477157,-0.0366425308012291,-0.00116860022190033,-0.1
109.92,7.51486190427737,-0.0338860825622506,-0.00121113783534618,-0.09993977
109.93,7.53347457595532,-0.0348971786820673,-0.00125496253579859,-0.09975924
109.94,7.55018463850164,-0.0247008031620307,-0.0013005916663353,-0.09945883
109.95,7.51407694834379,-0.0210714547749207,-0.00134837312576363,-0.09903926
109.96,7.54823779483213,-0.0144447361683749,-0.00139850667600059,-0.09850156
109.97,7.5921840806247,-0.0112378145942466,-0.00145110210223596,-0.09784702
109.98,7.64543279776639,-0.00360733868949282,-0.00150622521507555,-0.0970772
109.99,7.5995852485774,-0.00277379589783061,-0.00156392435200051,-0.09619398
110,7.56911594386647,0.00441377750885605,-0.00162424226667739,-0.09519946
110.01,7.53315542316129,-0.00321408895348376,-0.00168721984128004,-0.09409606
110.02,7.56199807333711,-0.00681539399856423,-0.00175289617668842,-0.09288643
110.03,7.50409915276318,-0.00956125367807117,-0.00182130751592581,-0.09157348
110.04,7.47298684366968,-0.0031379579338625,-0.00189248609784061,-0.09016038
110.05,7.44744638399989,-0.0123239132213537,-0.00196645930655306,-0.08865052
110.06,7.41588013421641,-0.0101091135784812,-0.0020432490518923,-0.08704756
110.07,7.3707390780151,-0.0172418465950026,-0.00212287138087212,-0.08535534
110.08,7.4140564078582,-0.0207760786138379,-0.00220533617824788,-0.08357795
110.09,7.39509944548378,-0.0189798153458958,-0.00229064692814379,-0.08171966
110.1,7.4403233399512,-0.0181145382537607,-0.00237880051426126,-0.07978497
110.11,7.42982265587665,-0.0295108648320833,-0.00246978707757307,-0.07777851
110.12,7.46756078210521,-0.0237948814057253,-0.00256358987592638,-0.07570514
110.13,7.47760753102602,-0.0199374608811447,-0.00266018516157291,-0.07356984
110.14,7.56918197580885,-0.00741457049123698,-0.00275954173124855,-0.07137775
110.15,7.51799131261596,0.00473618466960243,-0.00286162206084946,-0.06913417
110.16,7.54089425346957,0.00552886160349753,-0.00296638105890252,-0.06684449
110.17,7.51302614271374,-0.00310401007335339,-0.0030737665093643,-0.06451423
110.18,7.52578912683919,0.000789854748908267,-0.0031837190686399,-0.06214901
110.19,7.47198772155934,0.00252209224396943,-0.00329617234833078,-0.05975452
110.2,7.45296141227677,0.000760010139882766,-0.00341105300254648,-0.05733652
110.21,7.3863297904883,-0.00406830962266464,-0.00352828080473933,-0.05490086
110.22,7.43156998666878,-0.00896527878187682,-0.00364776880789088,-0.05245338
110.23,7.38898857224325,-0.0070275763073755,-0.00376942349203391,-0.05
110.24,7.45297330263713,-0.00250316625937741,-0.0038931449239282,-0.04754662
110.25,7.44002564744543,-0.00608429125594068,-0.00401882716442,-0.04509914
110.26,7.46815859225955,-0.00288242301128759,-0.00414635791426054,-0.04266348
110.27,7.4413291023284,-0.00617960382689541,-0.00427561926763972,-0.04024548
110.28,7.48009672764032,-0.0101545829510735,-0.00440648785202307,-0.03785099
110.29,7.43039326810752,-0.0107595743196247,-0.00453883505893402,-0.03548577
110.3,7.43779776949382,-0.0179361507544946,-0.00467252731664575,-0.03315551
110.31,7.38831247050217,-0.0143078192333889,-0.00480742641395434,-0.03086583
110.32,7.37039524441563,-0.00457469503043842,-0.00494338979876132,-0.02862225
110.33,7.36574235287926,-0.00508942111794158,-0.00508027092135982,-0.02643016
110.34,7.44570800642958,-0.00200806110855487,-0.00521791954679892,-0.02429486
110.35,7.42694387686797,0.00149595461630953,-0.00535618210832122,-0.02222149
110.36,7.45370001853561,0.00326443905726703,-0.00549490210005535,-0.02021503
110.37,7.4647988594628,0.00520853885425789,-0.00563392039599376,-0.01828034
110.38,7.46033340785503,0.00488843496036446,-0.0057730756582832,-0.01642205
110.39,7.47343378187451,-0.00289772532650202,-0.00591220473690413,-0.01464466
110.4,7.46237945184111,-0.017546323363906,-0.00605114300867092,-0.01295244
110.41,7.43159081638687,-0.0187212183633945,-0.00618972482282205,-0.01134948
110.42,7.41885332225387,-0.0171510693098371,-0.00632778382363254,-0.00983962
110.43,7.43959629932023,-0.0290701542764885,-0.00646515344229058,-0.00842652
110.44,7.4448079107624,-0.0270607625062182,-0.00660166725717955,-0.00711357
110.45,7.46219025175792,-0.0271830582566873,-0.00673715942829374,-0.00590394
110.46,7.44369731988036,-0.0288401226801773,-0.00687146508886012,-0.00480054
110.47,7.44254705701167,-0.0217631847613623,-0.00700442076392012,-0.00380602
110.48,7.47561785825653,-0.0230005678838202,-0.00713586475603743,-0.0029228
110.49,7.46324755475401,-0.0238070665306149,-0.0072656377693778,-0.00215298
110.5,7.46228902494025,-0.0139085053179896,-0.00739358274500359,-0.00149844
110.51,7.4263862253222,-0.0194667064583741,-0.00751954580164977,-0.00096074
110.52,7.41755385680692,-0.00967615047011619,-0.00764337648801974,-0.00054117
110.53,7.46160972303622,-0.00504535666138456,-0.00776492812271705,-0.00024076
110.54,7.50413740114824,-0.00198897157882339,-0.00788411460073198,-0
110.55,7.45754434998685,-0.000598132857548305,-0.00800070924350531,-0
110.56,7.42442231952251,-0.0144124845931135,-0.00811425040742858,-0.00039426
110.57,7.40817018935123,-0.0194932829694601,-0.00822393988302444,-0.00157084
110.58,7.42701410625198,-0.0142534775067489,-0.00832889289368416,-0.00351118
110.59,7.43186857360552,-0.0221237598573599,-0.0084283382786113,-0.00618467
110.6,7.40189091741364,-0.0179656890993471,-0.00852150492879099,-0.00954915
110.61,7.3823302445781,-0.017055824473605,-0.00860748984442554,-0.01355157
110.62,7.3675813068344,-0.0168280021619906,-0.00867330932613939,-0.03099143
110.63,7.3923125290909,-0.007770459760342,-0.00870090741521803,-0.06179654
110.64,7.38664555987794,0.00352690742898167,-0.00867777291153426,-0.1058868
110.65,7.37538076177909,0.0113992899837345,-0.00859072571130324,-0.16317542
110.66,7.33028529190171,0.019215503558298,-0.00844062115586229,-0.23357034
110.67,7.24094716589031,0.0230449774845854,-0.0082429519356124,-0.31697564
110.68,7.14261681999953,0.0269139770935388,-0.00800453037441587,-0.41329308
110.69,7.08221759708538,0.0296724357756698,-0.00772786288763263,-0.52242363
110.7,7.03830771883821,0.03899142511602,-0.00741391133059645,-0.64426906
110.71,6.88716852569854,0.0404923817193363,-0.00707479720999369,-0.76587081
110.72,6.82703817280045,0.0325574980296461,-0.00672610298328897,-0.88713683
110.73,6.70225029605781,0.0273836728968378,-0.00637372816772097,-1.00798033
110.74,6.63441391395704,0.0282403563330331,-0.00601998737648939,-1.12832121
110.75,6.53776404194431,0.0324843094045804,-0.00566586633090722,-1.24808727
110.76,6.41871171646073,0.0304180942333092,-0.00531185101446588,-1.36721539
110.77,6.24102984766035,0.0260777330267632,-0.0049582282948202,-1.48565252
110.78,6.15357596304701,0.014899018991237,-0.00460519395590617,-1.6033565
110.79,5.96957160195937,0.0253296215143585,-0.00425289085515663,-1.72029672
110.8,5.79659221060206,0.0311609185460832,-0.00390146117945072,-1.83641077
110.81,5.6952981626127,0.0251528670078208,-0.00355055049703309,-1.95221827
110.82,5.55908584342268,0.0244355282398511,-0.00319938661352616,-2.06793805
110.83,5.44883318963623,0.033241424278176,-0.00284749338001811,-2.18357019
110.84,5.43806044639859,0.0522248955765444,-0.00249469784767215,-2.29911493
110.85,5.54546568404531,0.10479878027643,-0.00214093982511081,-2.41457263
110.86,5.82831386028008,0.177772981179346,-0.00178619822961192,-2.52994385
110.87,6.28931983357207,0.267704069011199,0,-2.64522927
110.88,6.79682668582127,0.379297058654318,0.00223734565902774,-2.76042973
110.89,7.5321223789559,0.506831869482142,0.00648838884014391,-2.87554622
110.9,8.39007113280229,0.647571081866836,0.0125764311321539,-2.99057987
110.91,9.26720179273091,0.782205453568065,0.0201814350195622,-3.10553196
110.92,10.1517176376212,0.906761687873131,0.029017214018882,-3.22040391
110.93,10.9887967537949,1.01530249414307,0.0388871401347566,-3.3351973
110.94,11.8541809938082,1.10361983621921,0.0496667316653231,-3.44991382
110.95,12.6936734458717,1.18894583507874,0.0612774420477735,-3.56455531
110.96,13.3762403522523,1.25816275503669,0.0736665532924577,-3.67912374
110.97,14.0028065156877,1.31327935486427,0.0867756997920978,-3.79362121
110.98,14.5173228625386,1.36144287293356,0.100406316313921,-3.90804993
110.99,14.97050382009,1.38512935295448,0.114280301366036,-4.02241225
111,15.3153361686958,1.3943871513957,0.12819784248848,-4.13671062
111.01,15.5070398251273,1.39868945112089,0.142055233094871,-4.25094763
111.02,15.5672604254317,1.39032625684106,0.155806801370568,-4.35226331
111.03,15.6662916460937,1.37576518269323,0.169434660110666,-4.44066046
111.04,15.7284940630932,1.36247050132477,0.182934849248113,-4.51614194
111.05,15.8384301007641,1.34488734371572,0.196306255999991,-4.57871074
111.06,15.8842286039395,1.3292489188547,0.209540662208989,-4.6132374
111.07,15.9669014675901,1.30164667033118,0.22262208227891,-4.61972508
111.08,16.1206266164068,1.27320688210407,0.235535536453913,-4.59817699
111.09,16.3441253592248,1.2518239484162,0.2482661620297,-4.54859642
111.1,16.4591788361653,1.23231124287483,0.260798738101905,-4.47098674
111.11,16.6092730657563,1.20678566923448,0.273122999212914,-4.37821397
111.12,16.721895590885,1.18520640574958,0.285233767596679,-4.2702816
111.13,16.917322245622,1.1562714324844,0.297123150102086,-4.14719313
111.14,17.0719254273129,1.14523343731178,0.308782099262651,-4.00895213
111.15,17.2011910942753,1.12227027008692,0.320207710120875,-3.8706947
111.16,17.2786061142626,1.10021968944392,0.331403276432012,-3.73242445
111.17,17.4784066194685,1.0785619267434,0.342369408530439,-3.59414503
111.18,17.6603543018428,1.05896029756954,0.353105694455356,-3.45586011
111.19,17.8382856276288,1.02989816254531,0.363611674976802,-3.31757335
111.2,17.9383918963676,1.01482668334082,0.373887096709457,-3.17928842
111.21,18.0583490294408,0.98537440796867,0.383932277843805,-3.04100901
111.22,18.2025093205831,0.976355441184409,0.393746868259169,-2.90273876
111.23,18.422773909112,0.95624802541444,0.403330977637021,-2.76448133
111.24,18.5547477667489,0.931795591829395,0.412684802926037,-2.62624033
111.25,18.673821651979,0.908303175942187,0.421808504289527,-2.48801936
111.26,18.8599291166938,0.891819983947137,0.430702150017153,-2.34982198
111.27,18.9918241833994,0.86832434775835,0.439365863928333,-2.21165171
111.28,19.1360870180745,0.846687840482995,0.447799718925496,-2.07351201
111.29,19.3183536378088,0.811103254262373,0.45600380100025,-1.93540631
111.3,19.4585920115015,0.78448683926908,0.463978222239153,-1.79733795
111.31,19.6230164465831,0.763445713659378,0.471723060208699,-1.65931023
111.32,19.7405766119039,0.741449126143429,0.479238210559024,-1.52132638
111.33,19.8897503881944,0.716164198582166,0.486523839616912,-1.38338952
111.34,20.0206481583905,0.686882890074397,0.493580231815717,-1.24550272
111.35,20.1273804731882,0.666668070590517,0.500407388514414,-1.10766896
111.36,20.187614316244,0.648709590879105,0.507005363223085,-0.96989111
111.37,20.2426519149924,0.625681924562571,0.513374214851997,-0.83217195
111.38,20.3197015900726,0.60273280892475,0.519514153185622,-0.69451417
111.39,20.3547807510457,0.570204159821369,0.525425061395895,-0.55692033
111.4,20.3736274580841,0.549852105593174,0.531116260409497,-0.43452539
111.41,20.4575431655936,0.534594555366797,0.536604484564203,-0.3273317
111.42,20.5646843319234,0.515001234689538,0.541902295100821,-0.23534147
111.43,20.634572376285,0.501628682622185,0.547022115489975,-0.15855681
111.44,20.6738503261732,0.484922608755748,0.551977925710518,-0.09697968
111.45,20.7016151467782,0.466856177176483,0.556785386096074,-0.05061192
111.46,20.8210752611092,0.460687857800277,0.561461389204996,-0.01945523
111.47,20.8891010378279,0.453527120003258,0.566023488627513,-0.00351118
111.48,20.9375496844993,0.444321921478474,0.570489628300205,-0.00278118
111.49,20.9907058781493,0.435368475926637,0.574867766225475,-0.00213403
111.5,20.8127707942103,0.375078230526935,0.579158764273067,-0.00157084
111.51,20.2159455716523,0.224233390374916,0.583368274393813,-0.00109262
111.52,19.2516811179029,0.0337427103808426,0.587501897440988,-0.0007002
111.53,18.1091985248787,-0.184356887112145,0.590774612331352,-0.00039426
111.54,16.84729913539,-0.407257166574613,0.587578619507811,-0.00017536
111.55,15.5858001015101,-0.629875701027608,0.579588661105294,-0
111.56,14.2219970239351,-0.845872566384538,0.569321636016025,-0
111.57,13.0845664257636,-1.00972961576183,0.558158170790339,-0.00039426
111.58,12.385085765352,-1.07056786526066,0.546826105100769,-0.00157084
111.59,11.998998696316,-1.0859982714714,0.535654263372076,-0.00351118
111.6,11.7631823794913,-1.06687828778313,0.524747698611878,-0.00618467
111.61,11.6449240269914,-1.05629110756407,0.514109064794453,-0.00954915
111.62,11.4723581045749,-1.0290481625137,0.503710010306244,-0.01355157
111.63,11.3819487186577,-1.010279612729,0.493522237700419,-0.0181288
111.64,11.3000629230555,-0.992161952300626,0.483528579512442,-0.02320866
111.65,11.1637811985069,-0.95975063407719,0.473721180942839,-0.02871104
111.66,11.0297557942613,-0.940751067286739,0.464097206869915,-0.03454915
111.67,10.9066445948319,-0.92470001774395,0.454655624872648,-0.04063093
111.68,10.7121554836257,-0.905602448339151,0.445395337751705,-0.04686047
111.69,10.6033366555868,-0.899500899907688,0.436314749866916,-0.05313953
111.7,10.5178441947074,-0.877230860666323,0.42741177764555,-0.05936907
111.71,10.34755683789,-0.852557558671899,0.418684044912653,-0.06545085
111.72,10.2777220280302,-0.843625534911728,0.410129014754486,-0.07128896
111.73,10.2392467031109,-0.827150603418524,0.401744139939964,-0.07679134
111.74,10.1503520864803,-0.812630397309188,0.393526641285833,-0.0818712
111.75,10.1409238627284,-0.793948054177786,0.385473907715491,-0.08644843
111.76,10.0916775619626,-0.781683645999587,0.377583254453956,-0.09045085
111.77,9.99838279026224,-0.769647946846907,0.369851838133151,-0.09381533
111.78,9.96328685654721,-0.755767599565132,0.362276898828557,-0.09648882
111.79,9.88551420723033,-0.748447441939227,0.35485557533246,-0.09842916
111.8,9.82661858885138,-0.731284631632166,0.347584999716693,-0.09960574
111.81,9.72445782597259,-0.719655024984151,0.340462466586044,-0.09993977
111.82,9.61379656580375,-0.700487391449302,0.333485077339824,-0.1
111.83,9.50807604790186,-0.665862615562482,0.326650517592244,-0.09993977
111.84,9.42266392561414,-0.652894839626452,0.319956512615492,-0.09975924
111.85,9.3661487000328,-0.63335118182461,0.313400580600317,-0.09945883
111.86,9.32697038772328,-0.613539029208049,0.306980358314933,-0.09903926
111.87,9.19991977147081,-0.606692815111181,0.300693490031768,-0.09850156
111.88,9.15416429397529,-0.594359574188057,0.294537658241803,-0.09784702
111.89,9.12245656905534,-0.588047729034454,0.288510586908877,-0.0970772
111.9,9.09097269930047,-0.580976052442816,0.282610010692883,-0.09619398
111.91,9.07116254151482,-0.568695693968082,0.276833678120786,-0.09519946
111.92,9.00627386496107,-0.559306183498492,0.271179349819242,-0.09409606
111.93,8.90268391394248,-0.551142800699695,0.265644799298461,-0.09288643
111.94,8.8680121857164,-0.540112587000226,0.260227813107186,-0.09157348
111.95,8.88123107224966,-0.527397929995527,0.25492618515533,-0.09016038
111.96,8.82379318671448,-0.518828950709413,0.249737781173403,-0.08865052
111.97,8.80119337948447,-0.507368066257323,0.244660387814455,-0.08704756
111.98,8.75109771305708,-0.502942811160693,0.239691869043228,-0.08535534
111.99,8.71831633224086,-0.494549554320004,0.234830094838554,-0.08357795
112,8.72762978608175,-0.484686042193805,0.230072796681933,-0.08171966
112.01,8.69986572928898,-0.47944092502219,0.225418084466871,-0.07978497
112.02,8.6229460334746,-0.474760063941059,0.220863874437326,-0.07777851
112.03,8.58705714789229,-0.45485747942758,0.216408095939866,-0.07570514
112.04,8.5688834162429,-0.447251281281106,0.212048692760284,-0.07356984
112.05,8.52305220694654,-0.431160324694376,0.207783694070988,-0.07137775
112.06,8.50789785724122,-0.429282325262892,0.20361116912698,-0.06913417
112.07,8.43262672937616,-0.418791354691931,0.199529250947767,-0.06684449
112.08,8.39026364236318,-0.404071133426522,0.195535722647241,-0.06451423
112.09,8.35617067842042,-0.384989492610795,0.19162887787037,-0.06214901
112.1,8.34335689633235,-0.375318704883124,0.187806829188399,-0.05975452
112.11,8.26022953432847,-0.370922496525549,0.184067729018267,-0.05733652
112.12,8.20581571450662,-0.368887360102535,0.180409780466188,-0.05490086
112.13,8.18126688194053,-0.349683705928747,0.176831115744643,-0.05245338
112.14,8.20745110318477,-0.338429751196078,0.173329997770126,-0.05
112.15,8.18576377922605,-0.331184072830763,0.169904703339401,-0.04754662
112.16,8.20515039054346,-0.326128159961405,0.166553509115643,-0.04509914
112.17,8.1861082271864,-0.325413416923032,0.163274748214552,-0.04266348
112.18,8.22021734640166,-0.316880486574263,0.160066789406009,-0.04024548
112.19,8.22542665399855,-0.298177548329409,0.156928020275599,-0.03785099
112.2,8.17102461178907,-0.292755957593293,0.153856890126701,-0.03548577
112.21,8.15483332733409,-0.285989891029025,0.150851823779246,-0.03315551
112.22,8.11373816098651,-0.273445943536552,0.147911298155088,-0.03086583
112.23,8.06432117197091,-0.270081912685066,0.145033839684031,-0.02862225
112.24,8.01710148636965,-0.25894197115799,0.142217980191906,-0.02643016
112.25,7.98351802325945,-0.249347645886349,0.139462320148248,-0.02429486
112.26,8.01187702850225,-0.253284656432114,0.136765474376878,-0.02222149
112.27,8.04531117070992,-0.252537848789203,0.134126089354654,-0.02021503
112.28,8.01061779842285,-0.252841756680506,0.131542844074268,-0.01828034
112.29,8.01273368718436,-0.250866631806756,0.12901446306189,-0.01642205
112.3,7.97006765265396,-0.240515095415227,0.126539663726141,-0.01464466
112.31,7.95982619414361,-0.243397198766335,0.124117231430906,-0.01295244
112.32,8.00180282266908,-0.249042928914111,0.121745972236296,-0.01134948
112.33,7.93796032609153,-0.246262762247845,0.119424722527761,-0.00983962
112.34,7.91490339808177,-0.232238146408894,0.117152348968434,-0.00842652
112.35,7.83668777884427,-0.22303282107337,0.114927748226424,-0.00711357
112.36,7.84776654590327,-0.213360772398602,0.112749846412293,-0.00590394
112.37,7.85608955992845,-0.216614104896255,0.110617599026161,-0.00480054
112.38,7.88276486533506,-0.207703891785534,0.108529989748498,-0.00380602
112.39,7.77440467856397,-0.195714216263809,0.106486030282131,-0.0029228
112.4,7.81538896633142,-0.190290213995708,0.104484759515571,-0.00215298
112.41,7.80000783404013,-0.197762678921821,0.102525242914309,-0.00149844
112.42,7.87126201302772,-0.197926958449334,0.100606571853212,-0.00096074
112.43,7.89880542819021,-0.19749628716198,0.0987278625280163,-0.00054117
112.44,7.90344784395461,-0.200441815757447,0.0968882561415922,-0.00024076
112.45,7.89613007924336,-0.200025337806655,0.0950868702151386,-0
112.46,7.91815780309621,-0.192044353413471,0.0933229573280114,-0
112.47,7.88736153931756,-0.187626363781403,0.0915960240662584,-0.00039426
112.48,7.85224230612534,-0.179791053324011,0.0899059168339277,-0.00157084
112.49,7.79401319432413,-0.173758549955194,0.0882526204974802,-0.00351118
112.5,7.74875872113821,-0.173067259282288,0.0866359696783659,-0.00618467
112.51,7.77105000002281,-0.162518227625426,0.0850558884223857,-0.00954915
112.52,7.72256736249616,-0.15718025205559,0.0835123860681788,-0.01355157
112.53,7.71246900832494,-0.164553637665919,0.0820054796340295,-0.0181288
112.54,7.64966482936193,-0.150899768415705,0.0805351973066471,-0.02320866
112.55,7.67163887676177,-0.151666092371535,0.0791014626311496,-0.02871104
112.56,7.65180465057281,-0.1539002582697,0.0777040887901909,-0.03454915
112.57,7.61215511547985,-0.152087825884659,0.0763427625151713,-0.04063093
112.58,7.59519246850778,-0.148057736651564,0.0750170359710587,-0.04686047
112.59,7.61485326418248,-0.136213005316431,0.0737263226384646,-0.05313953
112.6,7.57510219029777,-0.128723505754645,0.0724698959982383,-0.05936907
112.61,7.61589784925821,-0.126534413941291,0.0712468899472056,-0.06545085
112.62,7.58905681880128,-0.117665708420132,0.0700563009238218,-0.07128896
112.63,7.58616030141317,-0.104993606035862,0.0688969925495223,-0.07679134
112.64,7.57193209663185,-0.0991998406427432,0.0677677075826203,-0.0818712
112.65,7.50389736095106,-0.0929652572895416,0.0666670608292572,-0.08644843
112.66,7.46581894803913,-0.0947266932929729,0.0655935695981544,-0.09045085
112.67,7.51053360488557,-0.0852069713193444,0.0645456585051438,-0.09381533
112.68,7.53357422127493,-0.0839745762085325,0.0635216803347632,-0.09648882
112.69,7.50829378159524,-0.0765701204541017,0.0625199297392676,-0.09842916
112.7,7.56236604179047,-0.073039379700449,0.0615386639328617,-0.09960574
112.71,7.59030805134997,-0.0715891798294151,0.0605760913761271,-0.09995839
112.72,7.6538571301647,-0.0689973417207003,0.0596308468067952,-0.1
112.73,7.64165248767047,-0.0759572665412649,0.058702031845613,-0.09995839
112.74,7.60342555801629,-0.0711258051877783,0.0577886514105034,-0.09983363
112.75,7.58895367334021,-0.0708685276544566,0.056889747464297,-0.09962593
112.76,7.61354218858674,-0.0773680869562957,0.0560045358069376,-0.09933562
112.77,7.56612968657767,-0.0788461248736763,0.0551324225030969,-0.09896321
112.78,7.52846117600275,-0.0757759114034341,0.0542729455791539,-0.0985093
112.79,7.45084147296508,-0.0711081888462456,0.0534257166724785,-0.09797465
112.8,7.46763895611128,-0.0617390235013135,0.0525903820295016,-0.09736015
112.81,7.48539170408985,-0.0680629707861824,0.0517666026551401,-0.09666683
112.82,7.4196154343015,-0.0646795999184069,0.0509540471349043,-0.09589583
112.83,7.4159762617272,-0.0569771126058608,0.0501523905873426,-0.09504844
112.84,7.45453239635399,-0.0595441418419406,0.049361316051719,-0.09412608
112.85,7.46072991640541,-0.0642116977391617,0.048580515993027,-0.09313027
112.86,7.48046840084838,-0.0732674964926091,0.0478096933547545,-0.09206268
112.87,7.49091420442089,-0.083071543074886,0.0470485620286438,-0.09092507
112.88,7.47121750121137,-0.0886499767674042,0.04629684705065,-0.08971935
112.89,7.50935999557165,-0.0938536122930504,0.0455542844232308,-0.08844753
112.9,7.46583909377836,-0.102971627643107,0.0448206209212663,-0.08711171
112.91,7.42351087898897,-0.103034849024125,0.0440956139102707,-0.08571412
112.92,7.41788725006506,-0.10126265322127,0.0433790311992304,-0.08425709
112.93,7.42710165157192,-0.103281029920666,0.0426706515662504,-0.08274304
112.94,7.4684612559149,-0.0863824382704606,0.0419702614501246,-0.08117449
112.95,7.46188656188372,-0.0806950956274252,0.0412776595872029,-0.07955406
112.96,7.46728297569187,-0.0782053632398724,0.0405926533557605,-0.07788443
112.97,7.45827843900826,-0.0719574961787897,0.0399150602664925,-0.0761684
112.98,7.47829971378037,-0.0676297455519938,0.0392447065774484,-0.07440881
112.99,7.46726244057834,-0.0657001490864643,0.0385814279269556,-0.0726086
113,7.45139891914406,-0.0539300880809025,0.0379250690166033,-0.07077075
113.01,7.38935655275955,-0.0551959976052343,0.0372754833698404,-0.06889834
113.02,7.35564317723023,-0.0477033534825762,0.0366325331281999,-0.06699447
113.03,7.32987533332144,-0.044455694402847,0.0359960888400799,-0.06506231
113.04,7.3339767037785,-0.0425361960891391,0.0353660292968285,-0.06310508
113.05,7.323411616353,-0.0469614988754672,0.0347422413889446,-0.06112605
113.06,7.41954834285973,-0.0493104027969265,0.0341246198034038,-0.05912849
113.07,7.47794198310577,-0.0544270496482077,0.0335130668880548,-0.05711574
113.08,7.506941303001,-0.0652011860584202,0.0329074924668424,-0.05509115
113.09,7.57357249111882,-0.0735845101885561,0.0323078136028846,-0.05305808
113.1,7.60990050933,-0.0748402116295244,0.0317139532050247,-0.05101993
113.11,7.6679701412844,-0.0739261331168141,0.0311258434221283,-0.04898007
113.12,7.68092187142584,-0.0706808533435008,0.0305434223102529,-0.04694192
113.13,7.59901264687542,-0.0635125480783303,0.0299666332209611,-0.04490885
113.14,7.60744618854944,-0.06289538297962,0.0293954262258619,-0.04288426
113.15,7.55840315329075,-0.0579880047997171,0.0288297576692078,-0.04087151
113.16,7.50525777515991,-0.0502418667257622,0.0282695896133908,-0.03887395
113.17,7.49439230017406,-0.0482123811187695,0.0277148896819113,-0.03689492
113.18,7.48633821943385,-0.0441999488033522,0.0271656307229902,-0.03493769
113.19,7.48352847228274,-0.0478268400303116,0.0266217906719201,-0.03300553
113.2,7.48967439350035,-0.0515564088411502,0.0260833523115275,-0.03110166
113.21,7.45584734142693,-0.0507451090269469,0.0255502996679525,-0.02922925
113.22,7.51463658703644,-0.0431292344152313,0.0250226078713439,-0.0273914
113.23,7.56132215628121,-0.0534824138243175,0.0245003007915002,-0.02559119
113.24,7.57108751250106,-0.0626886588661122,0.0239833712792152,-0.0238316
113.25,7.58943499999442,-0.0692688501091763,0.0234718192661307,-0.02211557
113.26,7.6236467690482,-0.0587894824710627,0.022965652371956,-0.02044594
113.27,7.63509105295582,-0.0593376744983576,0.0224648826155939,-0.01882551
113.28,7.64425551427728,-0.0594499676462757,0.0219695248894519,-0.01725696
113.29,7.59970529547623,-0.0683897055355158,0.0214795963922645,-0.01574291
113.3,7.58919707556553,-0.0580391102909341,0.0209951164281123,-0.01428588
113.31,7.57665691729624,-0.0512431983273801,0.0205161063609769,-0.01288829
113.32,7.52561988711411,-0.0451484952410174,0.0200425895204897,-0.01155247
113.33,7.49620525249447,-0.0512585728005181,0.0195745936713618,-0.01028065
113.34,7.52605905975517,-0.0424518955031389,0.019112143162878,-0.00907493
113.35,7.49964274624642,-0.034661236946813,0.0186552662447224,-0.00793732
113.36,7.46485666995999,-0.0292497262889124,0.0182039924561695,-0.00686973
113.37,7.49508585968357,-0.0306780031301171,0.0177583523186873,-0.00587392
113.38,7.53673524888754,-0.0304093807393717,0.0173183771223368,-0.00495156
113.39,7.56910667469146,-0.0345215843365961,0.0168840987012334,-0.00410417
113.4,7.51050126542356,-0.0335718150256191,0.0164555492373925,-0.00333317
113.41,7.50514715262963,-0.0382108905969933,0.0160327610642875,-0.00263985
113.42,7.4864328997527,-0.0470905347197547,0.0156157663946683,-0.00202535
113.43,7.52764852532165,-0.0444851662602548,0.0152045971634612,-0.0014907
113.44,7.53687223431724,-0.0370759760285874,0.0147992847958908,-0.00103679
113.45,7.534903112859,-0.0347485503896804,0.0143998600336333,-0.00066438
113.46,7.57006656565304,-0.0422157244499035,0.0140063526995187,-0.00037407
113.47,7.63610604947415,-0.0363802964244212,0.0136187915587088,-0.00016637
113.48,7.62532690241263,-0.0421536254283325,0.0132371638127828,-0
113.49,7.63318115586767,-0.0310524163448888,0.0128615589316431,-0
113.5,7.66507028216506,-0.0433077273187558,0.012492332431996,-0.00039426
113.51,7.62507759553781,-0.0553369106528863,0.0121302359329035,-0.00157084
113.52,7.56781261003414,-0.0571589984823692,0.0117760796669367,-0.00351118
113.53,7.52987715904568,-0.0447827414925609,0.0114305440125482,-0.00618467
113.54,7.48371959006124,-0.0513477725486138,0.0110944057242443,-0.00954915
113.55,7.52659866603267,-0.0516637797902801,0.0107685385334733,-0.01355157
113.56,7.54191004207634,-0.0638663566567687,0.0104538323248231,-0.0181288
113.57,7.531530655062,-0.0512365095885517,0.0101511136258449,-0.02320866
113.58,7.53724890173669,-0.0408106336579383,0.00986108587164975,-0.02871104
113.59,7.5687034197584,-0.0391717546756264,0.00958429627832555,-0.03454915
113.6,7.57606627089628,-0.0360722538297189,0.00932111393254803,-0.04063093
113.61,7.56870005398006,-0.0339419737888678,0.00907172235076796,-0.04686047
113.62,7.55821613312216,-0.026905832651306,0.00883610986306766,-0.05313953
113.63,7.58698021614595,-0.0211377312406125,0.00861409602457181,-0.05936907
113.64,7.58394554589881,-0.0213340167199272,0.00840529080036569,-0.06545085
113.65,7.55960460614027,-0.0260380045458814,0.00820914200985308,-0.07128896
113.66,7.55032828089003,-0.0186187680176104,0.00802492580454316,-0.07679134
113.67,7.49400514169488,-0.0205167157166533,0.00785176152320113,-0.0818712
113.68,7.53966427777718,-0.0162976483402988,0.00768862721643868,-0.08644843
113.69,7.52656622724957,-0.0109480932539252,0.00753437702086272,-0.09045085
113.7,7.50125157101691,-0.0160223257274087,0.00738776135834396,-0.09381533
113.71,7.50363797098402,-0.0162532417426125,0.00724744813408226,-0.09648882
113.72,7.48351527553505,-0.00888795992933695,0.00711204566553682,-0.09842916
113.73,7.44035778603948,-0.015604499602204,0.00698012618402477,-0.09960574
113.74,7.50131011058071,-0.018882802095019,0.00685020835621734,-0.09995614
113.75,7.48375798113012,-0.0107359503606318,0.00672129593988394,-0.1
113.76,7.45403798734671,-0.01343123020039,0.00659285206858525,-0.09995614
113.77,7.42117764947704,-0.0115330042359126,0.00646423963251043,-0.09982464
113.78,7.41730934211496,-0.0103320307320635,0.00633484470982549,-0.09960574
113.79,7.43268337177422,-0.00936476471417993,0.006204262861316,-0.0992998
113.8,7.40995805627738,-0.00443636421873364,0.00607228491058091,-0.09890738
113.81,7.38248083813079,0.00108305116370743,0.00593882887669351,-0.09842916
113.82,7.35249017868288,-0.0106310353840643,0.00580387851207972,-0.09786597
113.83,7.33344730315695,-0.013845387346749,0.00566744366296084,-0.09721882
113.84,7.33524733563464,-0.0143001693711036,0.00552953990654529,-0.09648882
113.85,7.3132894326135,-0.0168138800028207,0.00539018057611294,-0.09567727
113.86,7.35181188250932,-0.0196006158141638,0.00524937510232908,-0.09478559
113.87,7.36749074521485,-0.0195312183301225,0.00510712979075939,-0.09381533
113.88,7.34421850299211,-0.0264743955443654,0.00496344923915795,-0.09276821
113.89,7.36413347953787,-0.0254831117624704,0.00481833755093161,-0.09164606
113.9,7.3647060859452,-0.0262967337101285,0.00467179916685885,-0.09045085
113.91,7.38108850244576,-0.0245275213486268,0.00452383944679503,-0.08918467
113.92,7.44224724313901,-0.0243794158868486,0.00437446505272295,-0.08784975
113.93,7.42041059014129,-0.0283291479322366,0.00422368422372724,-0.08644843
113.94,7.41130107484253,-0.0301119353214984,0.00407150698726515,-0.08498317
113.95,7.43907720125518,-0.0265762052699562,0.00391794536289291,-0.08345653
113.96,7.48822623519627,-0.0218789363448371,0.00376301355304652,-0.0818712
113.97,7.48482733254502,-0.0188745698288562,0.00360672811622247,-0.08022996
113.98,7.48905740268522,-0.00830653397620833,0.00344910809964403,-0.07853568
113.99,7.46457636976848,-0.00746530062609844,0.0032901754891359,-0.07679134
114,7.46097225225395,-0.0104991135234006,0.00312995445615126,-0.075
114.01,7.47988794753513,-0.00513478071792387,0.00296847235642834,-0.0731648
114.02,7.46262530385778,-0.00339189697547209,0.00280575952249099,-0.07128896
114.03,7.37595911021314,-0.000540619972294036,0.00264184933955293,-0.06937578
114.04,7.35938254741676,-0.00092743819186362,0.00247677830940571,-0.0674286
114.05,7.3507488185292,-0.0024029796705048,0.00231058609847429,-0.06545085
114.06,7.30083017880894,0.00326767746464297,0.00214331558140436,-0.06344599
114.07,7.31647704882869,0.0107427615481164,0.00197501285428638,-0.06141754
114.08,7.33481885833317,0.00745519583314448,0.0018057272560753,-0.05936907
114.09,7.32700589691332,0.0139270587287453,0.00163551132901079,-0.05730415
114.1,7.31425200473681,0.00836876824967204,0.00146442083472841,-0.05522642
114.11,7.36599653382762,0.00906943900358367,0.00129251473339745,-0.05313953
114.12,7.38871835121172,0.00701686088591638,0.00111985510530387,-0.05104712
114.13,7.42280782645895,-0.00400590242159327,0.000946507026613563,-0.04895288
114.14,7.39261026902735,-0.00979912233368741,0.000772538799406062,-0.04686047
114.15,7.39862679834552,-0.0161939188151495,0.000598021574769797,-0.04477358
114.16,7.41298213529802,-0.0261157064839893,0.000423029390987796,-0.04269585
114.17,7.43697157146846,-0.0267624246675746,0.000247639001705699,-0.04063093
114.18,7.43634638524257,-0.0330705810057157,7.19299071327978e-05,-0.03858246
114.19,7.40875877515088,-0.031744730370513,-0.000104015864445993,-0.03655401
114.2,7.3898669775035,-0.0301552768350925,-0.000280113838347612,-0.03454915
114.21,7.42405671616152,-0.0334639439948329,-0.00045627719612336,-0.0325714
114.22,7.44715146718496,-0.0278308754289186,-0.000632416956327108,-0.03062422
114.23,7.46785451523398,-0.0220988807706195,-0.000808442075564547,-0.02871104
114.24,7.50059806262572,-0.0234271940758702,-0.000984259617715257,-0.0268352
114.25,7.48706261606375,-0.0174631367327864,-0.00115977486503797,-0.025
114.26,7.50668834250391,-0.0220901650150174,-0.00133489151756749,-0.02320866
114.27,7.51525318515351,-0.0184860679455184,-0.00150951184231336,-0.02146432
114.28,7.49735188634553,-0.0115676506361574,-0.00168353685095463,-0.01977004
114.29,7.45127615220861,-0.0163538365095954,-0.00185686645099434,-0.0181288
114.3,7.47555672874793,-0.0163086553925275,-0.00202939964133796,-0.01654347
114.31,7.48690638944124,-0.0202855406249111,-0.00220103468728741,-0.01501683
114.32,7.49420109796769,-0.0123016386192809,-0.00237166928519968,-0.01355157
114.33,7.49073599583167,-0.00719970121442362,-0.00254120076775102,-0.01215025
114.34,7.50512031624849,-0.00778265862179295,-0.00270952643148161,-0.01081533
114.35,7.505897492636,-0.00751768345383199,-0.00287654330480388,-0.00954915
114.36,7.51379093501164,-0.00863214585906592,-0.00304214874628461,-0.00835394
114.37,7.47943452085993,-0.00945394324884967,-0.0032062405135625,-0.00723179
114.38,7.44412514559172,-0.00042353179960687,-0.00336871693620005,-0.00618467
114.39,7.41617374688972,-0.00339770209561081,-0.00352947715159038,-0.00521441
114.4,7.41010975840816,-0.0131611537631174,-0.00368842122854228,-0.00432273
114.41,7.38516047340971,-0.0102407960958193,-0.0038454504245102,-0.00351118
114.42,7.39917557182956,-0.0107055410330971,-0.00400046737051104,-0.00278118
114.43,7.40749485810573,-0.00264877338832457,-0.00415337621934254,-0.00213403
114.44,7.36530408194435,-0.0104255435570027,-0.00430408288083521,-0.00157084
114.45,7.37007940055481,-0.0130928685455086,-0.00445249519731387,-0.00109262
114.46,7.43665308242652,-0.0196503412852013,-0.00459852311449602,-0.0007002
114.47,7.41390429290632,-0.0166459957019764,-0.0047420789034713,-0.00039426
114.48,7.42497427162413,-0.0171487364914687,-0.00488307729518512,-0.00017536
114.49,7.42831930863959,-0.0285217545319974,-0.00502147678426945,-0
114.5,7.4294656839336,-0.0355684981939371,-0.00515713326303774,-0
114.51,7.49745294912869,-0.0324117938040832,-0.00528963046168451,-0.00039426
114.52,7.53057126470467,-0.0316995070309618,-0.00541816540822867,-0.00157084
114.53,7.45271168412573,-0.030940498738219,-0.00554187934418696,-0.00351118
114.54,7.48965916819991,-0.0339674580079919,-0.00566004756434366,-0.00618467
114.55,7.50799343694947,-0.0301290277897539,-0.00577185409843473,-0.00954915
114.56,7.5112251643497,-0.028741699862834,-0.00587639899059686,-0.01355157
114.57,7.49257606162731,-0.0220887820775016,-0.00597277669074493,-0.0181288
114.58,7.41482076556336,-0.0236284076585913,-0.00606016195883527,-0.02320866
114.59,7.40610678448527,-0.0262533691701526,-0.00613783918059453,-0.02871104
114.6,7.41154382046291,-0.0238497491373782,-0.00620535578179655,-0.03454915
114.61,7.39937382882364,-0.0200145487885746,-0.0062623676708109,-0.04063093
114.62,7.38150580059433,-0.0197652992506313,-0.00630875375540017,-0.04686047
114.63,7.40435256745822,-0.0101643813722539,-0.00634469002161892,-0.05313953
114.64,7.43017696464108,-0.0123779603993595,-0.00637058157957176,-0.05936907
114.65,7.48939303931533,-0.00477489714897193,-0.00638690900890759,-0.06545085
114.66,7.52897154843609,0.00628430399039622,-0.00639455060280995,-0.07128896
114.67,7.56221799174632,0.00286446052870772,-0.00639462183622852,-0.07679134
114.68,7.53804216272618,0.00468635860238118,-0.00638849221159215,-0.0818712
114.69,7.5324737611982,0.00576337505090837,-0.00637788150423182,-0.08644843
114.7,7.44166221957289,0.015906625095117,-0.00636463685243834,-0.09045085
114.71,7.41626872976724,0.0179879031654734,-0.0063504578801021,-0.09381533
114.72,7.37899037949113,0.0161465291666104,-0.00633660237781912,-0.09648882
114.73,7.31535097807239,0.00265978416057192,-0.00632384325551428,-0.09842916
114.74,7.29453643922438,0.00964664236923898,-0.00631265059687756,-0.09960574
114.75,7.29401732714054,0.0044756894475192,-0.0063033572302407,-0.09995495
114.76,7.30840514836571,0.00116138635820082,-0.00629573747995053,-0.1
114.77,7.35370067841269,-0.0108487358682754,-0.00628908690905698,-0.09995495
114.78,7.3657544884751,-0.0132560268745941,-0.00628299943611525,-0.09981987
114.79,7.34043908018613,-0.0102567997123128,-0.00627737129582127,-0.09959502
114.8,7.32275634094974,-0.00451043417111745,-0.00627220663244404,-0.0992808
114.81,7.3146092426257,-0.00367725622740856,-0.00626755256466893,-0.09887776
114.82,7.36723853234713,-0.00211748665368227,-0.00626347922513121,-0.09838665
114.83,7.35250009835593,-0.00306573766099041,-0.00626007415681849,-0.09780834
114.84,7.34154688795607,0.00379079620187421,-0.00625744087000964,-0.09714387
114.85,7.3669437125246,0.00399587353819624,-0.00625569799745824,-0.09639445
114.86,7.4344909698125,0.000578739107581416,-0.0062549779783212,-0.09556142
114.87,7.46530617434931,0.00404519086045201,-0.00625544153603513,-0.09464629
114.88,7.52103759721265,-0.00147136949849116,-0.00625722960596648,-0.09365071
114.89,7.49096360820157,0.00696292316644936,-0.00626050162081991,-0.09257646
114.9,7.51419310217381,0.00447430551573181,-0.00626541712516227,-0.09142548
114.91,7.50202442621048,-0.00546450065658434,-0.00627213202617312,-0.09019986
114.92,7.50655017040417,-0.00668762637265594,-0.00628079691190685,-0.08890179
114.93,7.48689371402421,-0.00558721498578888,-0.00629155802211497,-0.08753362
114.94,7.51051957498486,-0.0189977413316371,-0.00630454099639084,-0.0860978
114.95,7.49654468746675,-0.0154752576383167,-0.00631985955248001,-0.08459694
114.96,7.49073888428869,-0.0231822473553758,-0.00633761775099319,-0.08303374
114.97,7.44402510906185,-0.0170143244156171,-0.00635789474260292,-0.081411
114.98,7.50632750384722,-0.0174466398765436,-0.00638076825362859,-0.07973166
114.99,7.42682982469435,-0.0131883606274447,-0.0064062932988023,-0.07799874
115,7.43505635265969,-0.0139549991686301,-0.00643451519871361,-0.07621536
115.01,7.44932665917734,-0.0124730016165639,-0.0064654624924622,-0.07438475
115.02,7.43223656303294,-0.00982187495165752,-0.00649914297278501,-0.07251019
115.03,7.44940181936724,-0.00626133566931939,-0.00653557486145057,-0.07059506
115.04,7.46022683160798,-0.0112283697997047,-0.00657474993845442,-0.06864282
115.05,7.45788796182046,-0.00151846882428489,-0.00660496524851534,-0.07908688
115.06,7.51463524353978,-0.00470557663767366,-0.0066095592386415,-0.10193081
115.07,7.50167334474351,0.00142805894841723,-0.00657720826750506,-0.13717824
115.08,7.45857743555074,0.0145171062921321,-0.00649599413737072,-0.18483285
115.09,7.36710009165719,0.0165115297046023,-0.00636461352673701,-0.24489837
115.1,7.30532411892161,0.0260551572168494,-0.00619202310755276,-0.31737856
115.11,7.25669859105396,0.0392490476852331,-0.00598199842363046,-0.40227718
115.12,7.10587231291465,0.0419415245026039,-0.00573577795946376,-0.49959806
115.13,7.0068787186754,0.0398460852202687,-0.00545372330672469,-0.609345
115.14,6.94004286407104,0.0399744721486747,-0.00514718742254581,-0.71909194
115.15,6.84774107864557,0.0502078739377759,-0.00483093658010805,-0.8288427
115.16,6.79573635505198,0.0407085183961895,-0.0045103772710579,-0.9386011
115.17,6.69841493363853,0.0383097325385613,-0.00418747698790782,-1.04837095
115.18,6.62010956081338,0.0319517669445651,-0.00386294510024972,-1.15815603
115.19,6.53266692271751,0.0277891288803318,-0.00353703516028245,-1.26796009
115.2,6.40605710494482,0.0462673991320956,-0.00320983363329818,-1.37778686
115.21,6.25997995541039,0.0433776917513401,-0.00288136672745827,-1.48764
115.22,6.13180611085699,0.0345464895025115,-0.00255163870784806,-1.59752317
115.23,6.10194726386225,0.0457346846527295,-0.00222064591437029,-1.70743993
115.24,6.00839724722572,0.046297484470223,-0.00188838186595023,-1.8173938
115.25,5.88034191850784,0.0475355424178102,-0.00155483909692032,-1.92738824
115.26,5.77777158018717,0.0524865711926288,-0.0012200098583047,-2.03742663
115.27,5.67293916334257,0.0401005747637685,-0.000883886406713991,-2.14751225
115.28,5.56797795690664,0.0407668974830762,-0.000546461097107924,-2.25764833
115.29,5.49904074031702,0.0599518526981946,-0.000207726398812641,-2.36783799
115.3,5.56561020454287,0.103443217618363,0.000132325024759536,-2.47808425
115.31,5.82318014628192,0.176871573424405,0,-2.58839004
115.32,6.28636979137865,0.281677871848226,0.00099258586708326,-2.69875818
115.33,6.91585946314855,0.39316787701843,0.00378215385917488,-2.80919137
115.34,7.67955745568123,0.5358728024563,0.00857073139343581,-2.9196922
115.35,8.55379937247183,0.676899784447443,0.0151051251778333,-3.03026313
115.36,9.52506367602758,0.815176676668345,0.0230660372564436,-3.1409065
115.37,10.4125877378833,0.94324975846226,0.0321912755647709,-3.25162453
115.38,11.3048425663339,1.04925550642849,0.0423083169022519,-3.36241928
115.39,12.1425771260799,1.12278371916935,0.0533079920509667,-3.47329269
115.4,12.9178721201374,1.20031974181747,0.0651211886504729,-3.58424656
115.41,13.6543530270714,1.25563277519902,0.0776994100430931,-3.69528253
115.42,14.2311003061249,1.30498880261219,0.0909592621424992,-3.80640211
115.43,14.6791105044624,1.3375334447548,0.104659116701212,-3.91760665
115.44,15.0556352922085,1.35439667438324,0.118534453002546,-4.02889733
115.45,15.32662654102,1.36097434261587,0.132414264700732,-4.14027522
115.46,15.4957269649603,1.36499801860165,0.146216072557299,-4.25174119
115.47,15.6283612314331,1.35471371362256,0.159911260936593,-4.36329596
115.48,15.653335562379,1.34831574775426,0.173496898815953,-4.47494011
115.49,15.7291205934858,1.33747955294299,0.186978142718405,-4.58662898
115.5,15.826918942448,1.32078363184624,0.200355936650373,-4.68606809
115.51,15.8868449616394,1.31291745598906,0.213625138066138,-4.77347158
115.52,15.915768937814,1.29918385516208,0.2267810192028,-4.84922749
115.53,15.9630265599564,1.293284160592,0.239812404517272,-4.89733598
115.54,16.0277544845716,1.27804306348585,0.25270141709837,-4.91776645
115.55,16.1480653649157,1.24968029388241,0.265432399598691,-4.91047675
115.56,16.2733460260254,1.22821547428922,0.277990391079525,-4.8754138
115.57,16.4309176412448,1.21675931413818,0.290360196963875,-4.81251449
115.58,16.5952042193296,1.19307054955578,0.302526474080418,-4.72170664
115.59,16.744816386139,1.17600721238595,0.314478554103713,-4.61534001
115.6,16.9062443969276,1.14723620290727,0.326210354093642,-4.49332784
115.61,17.0734733815003,1.12634390550744,0.33771317249926,-4.35557806
115.62,17.2421467255595,1.11540465849606,0.348984101400715,-4.21797603
115.63,17.3977348047783,1.10309710053222,0.360026456951365,-4.08042351
115.64,17.5670393326901,1.07715960006212,0.370840652924036,-3.94282148
115.65,17.7770851449146,1.05491892001363,0.38142601067948,-3.80507169
115.66,17.9785666873588,1.0226153266537,0.391781800102459,-3.66707823
115.67,18.1215457802854,1.00251393472449,0.401907652693249,-3.52874904
115.68,18.2528779002492,0.980247036990694,0.411803197956196,-3.38999733
115.69,18.3927733676256,0.953157952972768,0.421467986828205,-3.25074299
115.7,18.5790462475652,0.915517482483417,0.430901727131117,-3.11091384
115.71,18.7311171439857,0.887138321006887,0.440104127517455,-2.97044675
115.72,18.8509610689671,0.862383785241495,0.449074793884276,-2.82928867
115.73,19.0130937707234,0.847468047432131,0.457813269123545,-2.68739743
115.74,19.1872681238325,0.825901142563815,0.466319018861766,-2.54474244
115.75,19.3318512701338,0.807206448920936,0.474591431260227,-2.40125178
115.76,19.4512355646373,0.783556313448722,0.482630134847871,-2.25747356
115.77,19.5403184575252,0.771590367708673,0.490435124695416,-2.11358864
115.78,19.6415811691259,0.752390210344214,0.498006204298258,-1.96959713
115.79,19.7037462258955,0.723056796726577,0.505343039026969,-1.82549937
115.8,19.8074611281057,0.699514615725554,0.512445781850931,-1.68129593
115.81,19.9258937651377,0.679832831107662,0.519314353653908,-1.53698761
115.82,20.085977544981,0.650802692145353,0.525948221469039,-1.39257542
115.83,20.2574241211973,0.626992543480748,0.532347279092787,-1.2480606
115.84,20.3799234218,0.609279224190411,0.538511370788469,-1.10344461
115.85,20.4546713927812,0.584472793465365,0.544440303529748,-0.95872912
115.86,20.5636104525297,0.566553426565313,0.550133860336188,-0.81391602
115.87,20.6692025925789,0.54627963397458,0.555591804118409,-0.6690074
115.88,20.7279708040678,0.516477372623345,0.560823999404017,-0.53998685
115.89,20.751150347929,0.499960956531737,0.565848200988036,-0.42685687
115.9,20.783105243466,0.480522489704448,0.570677510017923,-0.32962015
115.91,20.8750394453412,0.459374376996224,0.575325195565092,-0.24827955
115.92,20.6638161714234,0.375097086693331,0.579806372656686,-0.18283816
115.93,20.005591832973,0.200575293627242,0.584138073960707,-0.1332992
115.94,18.9923932571364,-0.00859514026279778,0.588338754897582,-0.09966607
115.95,17.8364814557974,-0.228796867448479,0.590772116108243,-0.08194234
115.96,16.5538627754479,-0.458776230485207,0.586314371620872,-0.08013173
115.97,15.2352882794102,-0.677911485926913,0.577708956532931,-0.07825682
115.98,13.8531402548966,-0.897336593019745,0.567169784121976,-0.07632161
115.99,12.802853369406,-1.0324820224096,0.55592048913763,-0.07433022
116,12.1740439708538,-1.07614178596543,0.544592443221067,-0.07228692
116.01,11.8393269706589,-1.08305250804161,0.533456953423485,-0.07019605
116.02,11.6867518316382,-1.07123898590862,0.522590547727802,-0.06806208
116.03,11.6019487876094,-1.04247321405812,0.511984664379809,-0.06588957
116.04,11.5190741681003,-1.02602126300975,0.501609119131087,-0.06368315
116.05,11.4005949706083,-1.00347229128976,0.491437157291099,-0.06144753
116.06,11.2795809939996,-0.994838205045968,0.481453367191473,-0.05918748
116.07,11.170173660684,-0.967724855768186,0.471650869706202,-0.05690782
116.08,11.0357919857315,-0.950387593424616,0.462027005883975,-0.05461342
116.09,10.86941824217,-0.940994761584167,0.452580664774695,-0.05230917
116.1,10.724294865715,-0.921229945898694,0.443310493200945,-0.05
116.11,10.5964059952852,-0.897303395155685,0.434214684009488,-0.04769083
116.12,10.5387587224677,-0.876503192163855,0.425291048422374,-0.04538658
116.13,10.437826281232,-0.852798646459678,0.416537216761635,-0.04309218
116.14,10.322451963067,-0.847360027848125,0.407950758764082,-0.04081252
116.15,10.2293885600736,-0.834429454010525,0.399529256653703,-0.03855247
116.16,10.1647437484219,-0.806370563597261,0.391270373200961,-0.03631685
116.17,10.1227749589651,-0.795646932977223,0.383171705597237,-0.03411043
116.18,10.0548177632641,-0.785107045844021,0.375230919974636,-0.03193792
116.19,9.97327710521715,-0.776978231178356,0.367445796057171,-0.02980395
116.2,9.8843375030085,-0.770579206763048,0.359813974952294,-0.02771308
116.21,9.75988945177575,-0.751198407382485,0.352333210396359,-0.02566978
116.22,9.69619135469769,-0.736727853474833,0.345001256507223,-0.02367839
116.23,9.63847473822627,-0.714415045441837,0.33781592599709,-0.02174318
116.24,9.55058578516157,-0.708825205657363,0.330775123604723,-0.01986827
116.25,9.4563283971223,-0.695019184436037,0.323876450302784,-0.01805766
116.26,9.38091424814256,-0.681276701582686,0.317117658930611,-0.01631522
116.27,9.37857771814372,-0.660856644390658,0.310496645316072,-0.01464466
116.28,9.3746815026394,-0.650521228434212,0.304011262008135,-0.01304955
116.29,9.36762853474673,-0.631878592129971,0.297659364774416,-0.0115333
116.3,9.29570685880005,-0.631117486644711,0.291438823487944,-0.01009914
116.31,9.258307170585,-0.63105097852913,0.285347521161619,-0.00875013
116.32,9.27353249300313,-0.619558419907922,0.279383370589802,-0.00748914
116.33,9.20726709721655,-0.603808129739107,0.273544293772763,-0.00631888
116.34,9.11555616095489,-0.583851030540921,0.267828231265727,-0.00524184
116.35,9.08876147752708,-0.570218926907162,0.262233140542694,-0.00426031
116.36,8.98809638000053,-0.555186978380179,0.256756996151401,-0.00337639
116.37,8.9268425379593,-0.544700059608131,0.251397780218306,-0.00259197
116.38,8.81811256555672,-0.510178380590899,0.246153512623496,-0.00190872
116.39,8.71413809036726,-0.497134772306474,0.241022241532397,-0.0013281
116.4,8.72493913823955,-0.481641081937623,0.236001981314602,-0.00085135
116.41,8.64445207278636,-0.468440162782427,0.231090785517878,-0.00047948
116.42,8.55425733222837,-0.463172771542304,0.226286630957912,-0.00021329
116.43,8.48363082079153,-0.456411905095482,0.221587641800531,-0
116.44,8.45214684047781,-0.441842565812325,0.216992035333401,-0
116.45,8.45469931177492,-0.437911585622142,0.212498162948678,-0.00039426
116.46,8.41702535675188,-0.430006259212629,0.208104712201413,-0.00157084
116.47,8.34278732226718,-0.426325576288048,0.203810442423576,-0.00351118
116.48,8.32418840244029,-0.429256378821361,0.19961410729414,-0.00618467
116.49,8.28465659231095,-0.414214691050141,0.195514480333662,-0.00954915
116.5,8.29248549068737,-0.41592874674985,0.191510387495146,-0.01355157
116.51,8.26929178695033,-0.401194039718083,0.187600341625501,-0.0181288
116.52,8.26918271300052,-0.387259931535998,0.183783288648712,-0.02320866
116.53,8.23226872402141,-0.375475733140569,0.180057930575297,-0.02871104
116.54,8.25019585017315,-0.367775100725865,0.176422902929771,-0.03454915
116.55,8.30093250204853,-0.346743221926056,0.172876790592061,-0.04063093
116.56,8.28349154551177,-0.335067707722792,0.169417992383227,-0.04686047
116.57,8.24155953347615,-0.319552121941702,0.166044906255591,-0.05313953
116.58,8.22470359666588,-0.320231524986024,0.162755822460671,-0.05936907
116.59,8.19252291879477,-0.327108629264946,0.159548902921695,-0.06545085
116.6,8.15437749310686,-0.313827736106009,0.156422236743889,-0.07128896
116.61,8.10344091006041,-0.304190738155813,0.153373819533312,-0.07679134
116.62,8.07148800253818,-0.303631799581829,0.150401565193618,-0.0818712
116.63,8.09140804004681,-0.2985832530703,0.147503248556939,-0.08644843
116.64,8.03773807988322,-0.284886855703076,0.144676589881866,-0.09045085
116.65,8.00284638240684,-0.286961436725016,0.14191927745142,-0.09381533
116.66,7.96423706919331,-0.257651621624179,0.139228889102723,-0.09648882
116.67,7.99561368977392,-0.256924461992162,0.136602960656075,-0.09842916
116.68,7.99130999462482,-0.256362256692204,0.134039029800382,-0.09960574
116.69,7.92354430003606,-0.248707697490079,0.131534568934377,-0.09995495
116.7,7.88639040421817,-0.242298013757527,0.129087422165511,-0.1
116.71,7.9252814112861,-0.237344616530756,0.126695886630055,-0.09995495
116.72,7.92187801860856,-0.222704235837432,0.124358206007118,-0.09981987
116.73,7.9435119600787,-0.224978753593478,0.122072554654119,-0.09959502
116.74,7.88410150945991,-0.213229810747306,0.119837278668817,-0.0992808
116.75,7.79272771742187,-0.204386255192003,0.117650861178572,-0.09887776
116.76,7.78944501163934,-0.202897214503544,0.115511895335701,-0.09838665
116.77,7.77468121819543,-0.205258416675764,0.113419041973587,-0.09780834
116.78,7.73527002706581,-0.200365893267743,0.111371001793677,-0.09714387
116.79,7.72428341010543,-0.197476644705464,0.109366502484169,-0.09639445
116.8,7.66181186639578,-0.186850072796695,0.107404295743491,-0.09556142
116.81,7.6546629335627,-0.193224062364561,0.105483158221329,-0.09464629
116.82,7.65032926903407,-0.184869407479416,0.103601893798497,-0.09365071
116.83,7.64879639466552,-0.179086595927258,0.101759335667874,-0.09257646
116.84,7.66079001306001,-0.174996156838823,0.0999543471182231,-0.09142548
116.85,7.64529267710494,-0.170518709043314,0.0981858219029863,-0.09019986
116.86,7.61563060252232,-0.168985513490322,0.0964526840905224,-0.08890179
116.87,7.62700151536651,-0.165681694729066,0.0947538883226456,-0.08753362
116.88,7.66747433726053,-0.156883244941132,0.0930884192424374,-0.0860978
116.89,7.70728326403881,-0.15103928982744,0.0914552913280697,-0.08459694
116.9,7.72265523750438,-0.139611398749343,0.0898535543533504,-0.08303374
116.91,7.69738629924056,-0.131290437077378,0.0882822741965308,-0.081411
116.92,7.76948854839449,-0.132975902296309,0.0867405511731772,-0.07973166
116.93,7.81107351247235,-0.120204285549011,0.0852275223078688,-0.07799874
116.94,7.82205634505002,-0.133824305469126,0.0837423474820805,-0.07621536
116.95,7.79457916684548,-0.132593850245727,0.082284215374526,-0.07438475
116.96,7.77978560764403,-0.131091423041138,0.0808523426520187,-0.07251019
116.97,7.77342481001673,-0.141329752517581,0.0794459735954653,-0.07059506
116.98,7.7640692654211,-0.143482629935631,0.0780643793935441,-0.06864282
116.99,7.70234015811583,-0.138178028438234,0.0767068579005555,-0.06665699
117,7.68771717260619,-0.140327279728203,0.075372733112658,-0.06464114
117.01,7.63492495068472,-0.124898432788002,0.074061354591187,-0.0625989
117.02,7.60866262151236,-0.126825251312499,0.0727720973471656,-0.06053396
117.03,7.62926081050749,-0.135115424831833,0.07150436067679,-0.05845004
117.04,7.5811185094896,-0.139929286563083,0.0702575683517862,-0.05635089
117.05,7.54098824362298,-0.140053455548704,0.0690311675409329,-0.0542403
117.06,7.54238472508016,-0.142328783033884,0.067824628545577,-0.05212206
117.07,7.51118842349136,-0.14338326999584,0.0666374440270023,-0.05
117.08,7.52301884051107,-0.143235416165314,0.0654691285981338,-0.04787794
117.09,7.55194674086736,-0.133025413158691,0.0643192181645428,-0.0457597
117.1,7.58576323134748,-0.129167454255396,0.0631872692844376,-0.04364911
117.11,7.56756310530913,-0.125512547030491,0.0620728665808703,-0.04154996
117.12,7.62263008759298,-0.120885037037354,0.0609755907932762,-0.03946604
117.13,7.61121438863922,-0.124771364142664,0.0598950646123394,-0.0374011
117.14,7.61741791192398,-0.115184159055015,0.0588309214862549,-0.03535886
117.15,7.64618343874941,-0.119206266885132,0.0577828124819789,-0.03334301
117.16,7.63539672663931,-0.120864190686291,0.0567504166385634,-0.03135718
117.17,7.6076041301713,-0.105958400793303,0.0557334026629589,-0.02940494
117.18,7.65295154361945,-0.0886671184920192,0.0547314740026848,-0.02748981
117.19,7.65742401166925,-0.0821525734589361,0.053744348743419,-0.02561525
117.2,7.64690718764416,-0.0708688193346136,0.0527717577135672,-0.02378464
117.21,7.66951356692015,-0.0764374147987064,0.0518134450121328,-0.02200126
117.22,7.68353015474628,-0.0717339362588967,0.0508691684475641,-0.02026834
117.23,7.67031167797429,-0.0647238714006123,0.0499386983139921,-0.018589
117.24,7.66274704867503,-0.0776626313885894,0.0490218173491313,-0.01696626
117.25,7.61708060433008,-0.0860007631075357,0.0481183203781495,-0.01540306
117.26,7.59176441095963,-0.0857302436666639,0.0472280134575921,-0.0139022
117.27,7.59137783481754,-0.0814836056243987,0.0463507132834298,-0.01246638
117.28,7.56556535987822,-0.0758317550589628,0.0454862465752759,-0.01109821
117.29,7.53771834685276,-0.0730852852617889,0.0446344496416406,-0.00980014
117.3,7.52530196775289,-0.0749124694742557,0.0437951676549864,-0.00857452
117.31,7.49151433441174,-0.0642737468735255,0.0429682542356201,-0.00742354
117.32,7.51446846627317,-0.0584435668501851,0.0421535709968314,-0.00634929
117.33,7.52781150414653,-0.0658736371419259,0.0413509869395297,-0.00535371
117.34,7.51006378391944,-0.0686428160225152,0.0405603779821194,-0.00443858
117.35,7.52883304969263,-0.0703522552735088,0.039781626453857,-0.00360555
117.36,7.56163653106301,-0.0730038273534371,0.0390146206940076,-0.00285613
117.37,7.58457265986875,-0.0779708767442305,0.0382592544964051,-0.00219166
117.38,7.57886894187657,-0.0801215121774626,0.0375154267305983,-0.00161335
117.39,7.61488143977618,-0.0824527616192332,0.0367830408277471,-0.00112224
117.4,7.61506559723302,-0.0768069697089327,0.0360620043414181,-0.0007192
117.41,7.6527402009126,-0.0835780489931179,0.0353522286164117,-0.00040498
117.42,7.61483235361645,-0.0821363342418905,0.0346536280429471,-0.00018013
117.43,7.55783864803764,-0.0834797230099914,0.0339660816764935,-0
117.44,7.54220701856101,-0.0807168989047425,0.033289573235588,-0
117.45,7.53663130763769,-0.0800631166582114,0.0326243438107543,-0.00039426
117.46,7.52370043982348,-0.0834101647755844,0.0319710223788043,-0.00157084
117.47,7.4842241305328,-0.0838468271229688,0.031330309553595,-0.00351118
117.48,7.47558876333494,-0.0754553575554234,0.0307027773217879,-0.00618467
117.49,7.50021867193918,-0.070600504721446,0.0300890864262004,-0.00954915
117.5,7.52349098616762,-0.0551485790790435,0.0294899929143131,-0.01355157
117.51,7.52411923003051,-0.0453397119089524,0.0289062705624497,-0.0181288
117.52,7.56622215037905,-0.0411171576329394,0.0283386345663685,-0.02320866
117.53,7.53152980016488,-0.032386117587137,0.0277876900186202,-0.02871104
117.54,7.54708660087165,-0.0344198729360146,0.0272538885393348,-0.03454915
117.55,7.54640900563077,-0.0387795640537259,0.0267375158953646,-0.04063093
117.56,7.56275130416696,-0.0426568514326753,0.0262386768968007,-0.04686047
117.57,7.53574022524683,-0.0528149903432874,0.0257573127617295,-0.05313953
117.58,7.57563002709893,-0.0629338741652031,0.0252931717974298,-0.05936907
117.59,7.55225087499182,-0.0582670322649342,0.0248458256119093,-0.06545085
117.6,7.53641305043479,-0.0659660072456568,0.0244146986916931,-0.07128896
117.61,7.53623121390114,-0.0618482423601378,0.0239990312401479,-0.07679134
117.62,7.48283983635802,-0.0618350757683288,0.0235979153760043,-0.0818712
117.63,7.41495628955586,-0.0621392967684634,0.0232103054574028,-0.08644843
117.64,7.45056254125325,-0.0558561524733247,0.0228350329010088,-0.09045085
117.65,7.43974048087538,-0.0477569486934074,0.0224708212321889,-0.09381533
117.66,7.43858177529375,-0.0546050232062734,0.0221163070166752,-0.09648882
117.67,7.49347817016804,-0.0440042208520252,0.021770059638125,-0.09842916
117.68,7.5302278498019,-0.0408454876916266,0.0214306040827455,-0.09960574
117.69,7.58690098997197,-0.0312834767945344,0.021096404866156,-0.09995729
117.7,7.59958883135797,-0.0290933562975771,0.0207663912723112,-0.1
117.71,7.59050706440223,-0.0294537410395457,0.0204399482302637,-0.09995729
117.72,7.57460555039589,-0.0235641386412589,0.0201163645515486,-0.09982922
117.73,7.58411939383124,-0.0249449525255014,0.0197949557010355,-0.09961603
117.74,7.58907868648593,-0.0262645179942329,0.0194752455640853,-0.09931807
117.75,7.5616467530649,-0.0213499865828357,0.0191569615831866,-0.09893584
117.76,7.56301231824975,-0.0300698002595794,0.0188399660775708,-0.09847001
117.77,7.59400855140898,-0.0248800406675069,0.0185241935806617,-0.09792137
117.78,7.61798129255446,-0.024793582863255,0.0182096076395629,-0.09729086
117.79,7.59156671605504,-0.0349668087030424,0.0178961790317939,-0.09657955
117.8,7.58899493825885,-0.0335389808983461,0.0175838769667119,-0.09578867
117.81,7.52286639583575,-0.0397721990196536,0.0172726671992136,-0.09491955
117.82,7.49637994278201,-0.0460398546102513,0.0169625129326516,-0.09397369
117.83,7.49415749883423,-0.0359418902504969,0.0166533763745136,-0.0929527
117.84,7.46816047484034,-0.0350962488570421,0.0163452200363656,-0.09185832
117.85,7.43040347631687,-0.0364576446297585,0.0160380077360467,-0.09069244
117.86,7.45557114867681,-0.0339288023488172,0.0157317050895925,-0.08945703
117.87,7.43543540090309,-0.0406942448034474,0.0154262798917746,-0.0881542
117.88,7.45867633878905,-0.0357318564630896,0.0151217023702607,-0.0867862
117.89,7.49310881397342,-0.0306956006379502,0.0148179453383471,-0.08535534
117.9,7.49634965531095,-0.0374417179205806,0.0145149843311203,-0.08386408
117.91,7.5060272915922,-0.0392438271376463,0.0142127977801755,-0.08231496
117.92,7.47136357087756,-0.0428427920567122,0.0139113671313311,-0.08071064
117.93,7.47731542380485,-0.0402607460903153,0.013610676933852,-0.07905384
117.94,7.50561034689096,-0.0271569919855209,0.0133107150073431,-0.07734741
117.95,7.50997479294447,-0.031625717622489,0.0130114724902707,-0.07559425
117.96,7.51571484105363,-0.0258787438111238,0.0127129439565622,-0.07379737
117.97,7.53267086576303,-0.0216651085154905,0.0124151274589158,-0.07195983
117.98,7.55352120361767,-0.0271404426314706,0.0121180246891724,-0.07008477
117.99,7.57826176184181,-0.0226657692003992,0.011821640858733,-0.0681754
118,7.60748921164827,-0.0312370642734164,0.0115259846227511,-0.06623497
118.01,7.56015630425826,-0.0312608440483238,0.0112310684127072,-0.06426681
118.02,7.58134410070886,-0.0318037967694543,0.0109369083017379,-0.06227427
118.03,7.61573655846457,-0.0375656027581576,0.0106435237121,-0.06026077
118.04,7.6245338645069,-0.0370436750326994,0.010350938253949,-0.05822973
118.05,7.59449879634377,-0.0314956437377418,0.0100591788095482,-0.05618463
118.06,7.63614556469037,-0.0330957474409108,0.00976827678830011,-0.05412897
118.07,7.63375823494432,-0.0241047801477621,0.00947826507557789,-0.05206625
118.08,7.64644205607609,-0.0362931618865773,0.00918918104814957,-0.05
118.09,7.64300055517911,-0.0289179747126302,0.00890106545454467,-0.04793375
118.1,7.54824310858301,-0.0367053517501786,0.00861396232741555,-0.04587103
118.11,7.48733451056524,-0.036938942692344,0.00832791893287258,-0.04381537
118.12,7.46337362962213,-0.0416850768345437,0.00804298563022739,-0.04177027
118.13,7.4356807722235,-0.0445774408358312,0.00775921578696596,-0.03973923
118.14,7.42726969797077,-0.0445890652451385,0.00747666559092704,-0.03772573
118.15,7.4483044795557,-0.0416116814279788,0.00719539431822539,-0.03573319
118.16,7.42384598860403,-0.0375237206607631,0.00691546370101032,-0.03376503
118.17,7.45393247866461,-0.032956779517064,0.00663693801134206,-0.0318246
118.18,7.51410480064631,-0.0279699434627892,0.00635988390975104,-0.02991523
118.19,7.53085110491335,-0.0224787274059357,0.00608437031215237,-0.02804017
118.2,7.55523897277534,-0.0132753090500719,0.00581046825720409,-0.02620263
118.21,7.52302623024849,-0.0173064683004469,0.00553825072273177,-0.02440575
118.22,7.55918826063086,-0.0102659633311806,0.00526779249177597,-0.02265259
118.23,7.56278975507678,-0.0165680154637087,0.00499916999907739,-0.02094616
118.24,7.54382133941331,-0.0140822085267139,0.00473246112801727,-0.01928936
118.25,7.52769117537905,-0.0174575821991826,0.00446774509092338,-0.01768504
118.26,7.58985455721608,-0.0227662117327931,0.00420510194766835,-0.01613592
118.27,7.57222726288767,-0.0269770529052297,0.0039446132366501,-0.01464466
118.28,7.57797655341098,-0.0221836879676526,0.00368636102927391,-0.0132138
118.29,7.56798395602447,-0.0274250230546284,0.00343042800537807,-0.0118458
118.3,7.49527997535229,-0.0238657831379513,0.00317689724759682,-0.01054297
118.31,7.51052549433705,-0.0220022667399042,0.00292585208192007,-0.00930756
118.32,7.50133978899315,-0.0331039897978602,0.00267737590055475,-0.00814168
118.33,7.4745224688184,-0.0260504647023416,0.00243155193328407,-0.0070473
118.34,7.46097718617426,-0.0245192624986075,0.00218846308961048,-0.00602631
118.35,7.44648463837306,-0.02559160179157,0.0019482034866654,-0.00508045
118.36,7.39680782372733,-0.0201090545878916,0.00171084096058783,-0.00421133
118.37,7.49268783704649,-0.0233697584091843,0.00147646135212388,-0.00342045
118.38,7.48262622399945,-0.0256883270900647,0.00124514548321742,-0.00270914
118.39,7.47147113731192,-0.0169596329419348,0.0010169713715049,-0.00207863
118.4,7.45917384523438,-0.0248052648038736,0.000792014815560528,-0.00152999
118.41,7.43185798421332,-0.023665416694665,0.000570351085341722,-0.00106416
118.42,7.46225842733286,-0.0200514658712386,0.000352053434676872,-0.00068193
118.43,7.49487499149662,-0.0211598356427799,0.000137193373679453,-0.00038397
118.44,7.48329657163535,-0.0140225723635121,-7.41595933258805e-05,-0.00017078
118.45,7.47754639448921,-0.0151876585828082,-0.000281977573320854,-0
118.46,7.4867920335992,-0.0201098650692083,-0.00048613403048808,-0
118.47,7.50618557110801,-0.0191447042683985,-0.000686228203219227,-0.00039426
118.48,7.50078916220154,-0.0199889226729589,-0.000881469894204913,-0.00157084
118.49,7.48010321737355,-0.0239404469396329,-0.00107101219362093,-0.00351118
118.5,7.41763441383204,-0.0224474488085541,-0.00125413883068123,-0.00618467
118.51,7.43065499652388,-0.0359866365966451,-0.00143003779463909,-0.00954915
118.52,7.45588415660227,-0.0351026787936407,-0.00159780616937653,-0.01355157
118.53,7.45609028664403,-0.0294205435157534,-0.00175652810764024,-0.0181288
118.54,7.42776525804051,-0.0188549376618414,-0.00190535858525406,-0.02320866
118.55,7.44894955398905,-0.0225129114202896,-0.00204358186219338,-0.02871104
118.56,7.41030146692266,-0.0173278524481138,-0.00217064904189194,-0.03454915
118.57,7.42255117680625,-0.0155953330470993,-0.00228619504273384,-0.04063093
118.58,7.3882250127909,-0.00548687588477565,-0.00239005122818505,-0.04686047
118.59,7.3847190094359,-0.00610854671289529,-0.00248224789747494,-0.05313953
118.6,7.36702586594655,0.0054243766001582,-0.00256301298330522,-0.05936907
118.61,7.36335840103727,-0.000810334564943439,-0.00263277104769812,-0.06545085
118.62,7.34348380221957,0.00468026953370183,-0.00269213589723679,-0.07128896
118.63,7.38909807623713,-0.000584361318398274,-0.00274189602123094,-0.07679134
118.64,7.40479966822719,0.00680367712887689,-0.00278300248305762,-0.0818712
118.65,7.38874330965983,0.0133317297793244,-0.00281656034291246,-0.08644843
118.66,7.41571456345856,0.0142614124102372,-0.00284376590026529,-0.09045085
118.67,7.41396413694775,0.00128035715491505,-0.00286591363836065,-0.09381533
118.68,7.4134990404356,0.00786169354904369,-0.00288434469353394,-0.09648882
118.69,7.43625473368218,0.00254515063555666,-0.00290040663893322,-0.09842916
118.7,7.42478796339856,0.00959328143869027,-0.00291539474221515,-0.09960574
118.71,7.40678536498357,0.00251694651319228,-0.00293057280074443,-0.09995729
118.72,7.42543402498142,-0.00559985254828779,-0.00294664692290115,-0.1
118.73,7.39222796055971,-0.00325904293255426,-0.0029638043317698,-0.09995729
118.74,7.40088885073847,0.00023949437616701,-0.00298235194174793,-0.09982922
118.75,7.43995906127988,0.00015466650966872,-0.00300263070991367,-0.09961603
118.76,7.47108702379425,0.00787037381501247,-0.00302488272274946,-0.09931807
118.77,7.46462893165603,0.00398239552012733,-0.0030492459116025,-0.09893584
118.78,7.51564902009222,0.00202381203613559,-0.00307579637087055,-0.09847001
118.79,7.5233543994588,0.00626161168239321,-0.00310457974547622,-0.09792137
118.8,7.49583244166599,0.0143320839195927,-0.00313563014792615,-0.09729086
118.81,7.49296492598884,0.0153103861925432,-0.00316897713482485,-0.09657955
118.82,7.43478983442398,0.00889056524845191,-0.00320464780810158,-0.09578867
118.83,7.43514982987481,0.00563319817698659,-0.00324266689568629,-0.09491955
118.84,7.47618295517189,0.00460022054263443,-0.00328305629389233,-0.09397369
118.85,7.44254569429997,0.0175940305856563,-0.00332583464679642,-0.0929527
118.86,7.38613910013346,0.0210529865124249,-0.00337101712582962,-0.09185832
118.87,7.45090537804531,0.0163184326501555,-0.00341861527969468,-0.09069244
118.88,7.42092690355439,0.0167999572011883,-0.00346863701557609,-0.08945703
118.89,7.45415655276176,0.0086262310970845,-0.00352108659639353,-0.0881542
118.9,7.45689306452771,0.00237860378651383,-0.00357596457372294,-0.0867862
118.91,7.44230509868676,-0.00836410777186963,-0.00363326782923992,-0.08535534
118.92,7.46545899433889,-0.0194851905530472,-0.00369299299793647,-0.08386408
118.93,7.52363192655276,-0.0218034070519621,-0.00375512156425842,-0.08231496
118.94,7.5071298833986,-0.0257924538023796,-0.00381964544197414,-0.08071064
118.95,7.46893800678789,-0.0212625112268089,-0.00388654534062234,-0.07905384
118.96,7.45325004923274,-0.0110362404384777,-0.0039557990423856,-0.07734741
118.97,7.43685103734787,-0.00537525299455406,-0.00402738096660339,-0.07559425
118.98,7.37649345297489,0.00473448859955585,-0.00410126192173784,-0.07379737
118.99,7.41912806557891,-0.00327003910272269,-0.00417740899121721,-0.07195983
119,7.42871702553744,-0.0121963842919793,-0.00425578552228269,-0.07008477
119.01,7.42501907093143,-0.0132149690294121,-0.00433635111353224,-0.0681754
119.02,7.48676266308684,-0.0147704874324589,-0.0044190616758527,-0.06623497
119.03,7.48879470103481,-0.0210866196428045,-0.0045038694559118,-0.06426681
119.04,7.45728374735136,-0.0243251912560785,-0.00459072308582117,-0.06227427
119.05,7.51034185481522,-0.0313249271040869,-0.00467956763780544,-0.06026077
119.06,7.45916046901883,-0.0311447050094778,-0.00477034467924259,-0.05822973
119.07,7.40102570266482,-0.0236242105571066,-0.00486299234884656,-0.05618463
119.08,7.39993339719702,-0.0195882461959606,-0.00495744539080057,-0.05412897
119.09,7.38103256911053,-0.0212036222599783,-0.00505363527629399,-0.05206625
119.1,7.40625124987653,-0.0157885428033738,-0.00515149026769078,-0.05
119.11,7.42078801262337,-0.0136125252073687,-0.00525093564642449,-0.04793375
119.12,7.40227146031284,-0.00669123011349405,-0.00535189340212258,-0.04587103
119.13,7.4404531824339,-0.0061799813827397,-0.00545428271153808,-0.04381537
119.14,7.4667685654978,-0.00759698903468644,-0.00555801999596735,-0.04177027
119.15,7.46911114464253,-0.00649978006132006,-0.00566301900255371,-0.03973923
119.16,7.47731128857803,-0.00637331123012869,-0.00576919086971188,-0.03772573
119.17,7.47722714909794,-0.00682046890144477,-0.00587644434808611,-0.03573319
119.18,7.43268307650828,-0.0103417771459429,-0.00598468589670819,-0.03376503
119.19,7.47317821491064,-0.016733948929379,-0.00609381981571073,-0.0318246
119.2,7.43010396078923,-0.0118137162698922,-0.00620374839436121,-0.02991523
119.21,7.40210667598397,-0.0127037683931298,-0.00631437208424187,-0.02804017
119.22,7.39312721946155,-0.0125890782255867,-0.00642558962879572,-0.02620263
119.23,7.38374146371802,-0.0149050569601073,-0.00653729822300234,-0.02440575
119.24,7.35530438431035,-0.0135375550401406,-0.00664939369903743,-0.02265259
119.25,7.4057210382878,-0.00693113814973313,-0.00676177066787948,-0.02094616
119.26,7.35481670236079,-0.00582725813786503,-0.006874322706413,-0.01928936
119.27,7.33558583114288,-0.00324692468643502,-0.00698694251943247,-0.01768504
119.28,7.38874859681615,-0.0099306346488464,-0.00709952213805973,-0.01613592
119.29,7.42975378881342,-0.00663870937735348,-0.007211953070479,-0.01464466
119.3,7.45482304646624,-0.00791588380330337,-0.00732412650752681,-0.0132138
119.31,7.48413283438117,-0.00572794005087403,-0.00743593343156264,-0.0118458
119.32,7.44158112050432,-0.00828580716326851,-0.00754726490611074,-0.01054297
119.33,7.41677705904943,0.007752665211844,-0.00765801221011076,-0.00930756
119.34,7.47435746639529,0.0116880537129985,-0.00776806700290056,-0.00814168
119.35,7.47903765647416,0.0210318281689388,-0.00787732156780414,-0.0070473
119.36,7.45832092798572,0.0153249151408599,-0.00798566895881523,-0.00602631
119.37,7.48491465185981,0.0191784062584364,-0.00809300317745532,-0.00508045
119.38,7.45687149521974,0.0160323096335997,-0.00819921940062062,-0.00421133
119.39,7.51456833077532,0.0156918153766207,-0.0083042142699924,-0.00342045
119.4,7.54153528488084,-0.000230532408793302,-0.00840788568407174,-0.00270914
119.41,7.4737451250743,-0.0056887785186756,-0.00851013339073265,-0.00207863
119.42,7.43579431501672,-0.00433818434863672,-0.0086108590225675,-0.00152999
119.43,7.42005068999477,-0.00148739855439942,-0.00870996629400043,-0.00106416
119.44,7.36893808979689,-0.00672558384140969,-0.00880736117665526,-0.00068193
119.45,7.3506751477289,-0.00750609208302741,-0.00890295206927555,-0.00038397
119.46,7.29795262150411,-0.00897032013193224,-0.00899664997514203,-0.00017078
119.47,7.32353967635192,-0.00588112514133987,-0.00908840884691907,-0
119.48,7.39437634569485,-0.00225586193616521,-0.00917807879191686,-0
119.49,7.43988166225063,-0.00753339659027123,-0.00926522523490579,-0.00039426
119.5,7.47057008547681,-0.0145844491928816,-0.00934905858966394,-0.00157084
119.51,7.56400776173944,-0.0168741716473713,-0.00942870823216955,-0.00351118
119.52,7.56163311361694,-0.00713837610137524,-0.00950346180165521,-0.00618467
119.53,7.61289388375067,-0.00257662347658,-0.00957245324160776,-0.00954915
119.54,7.60857626005714,0.00107419199790154,-0.00963488057015796,-0.01355157
119.55,7.59444930787404,-0.0047879596331434,-0.00968985320506488,-0.0181288
119.56,7.5988432970274,-0.00937883412349734,-0.00973659794307186,-0.02320866
119.57,7.58543596948073,0.00150363633934071,-0.00977449673202224,-0.02871104
119.58,7.54865209283257,0.00189674448985018,-0.00980312011082295,-0.03454915
119.59,7.60177293185314,-0.00504990783928358,-0.00982228211210913,-0.04063093
119.6,7.58554672551496,-0.00850972844572767,-0.00983206277947919,-0.04686047
119.61,7.56327339174094,-0.0108135939350614,-0.00983285557628423,-0.05313953
119.62,7.58632821562738,-0.0075933657160396,-0.00982539721900556,-0.05936907
119.63,7.5689564482318,0.0010408545198893,-0.00981115573587322,-0.06545085
119.64,7.56350790462997,-0.00272998971332989,-0.00979207876802268,-0.07128896
119.65,7.48888740688177,0.00328121401584512,-0.00977059371290104,-0.07679134
119.66,7.46824778688382,0.00143885202953487,-0.00974854070847232,-0.0818712
119.67,7.48758200100646,-0.00137294463338966,-0.00972690344350724,-0.08644843
119.68,7.50278146529872,0.000906771179313762,-0.0097062782770403,-0.09045085
119.69,7.40793720985046,0.00294588413290282,-0.00968703323883546,-0.09381533
119.7,7.41100325467451,0.00213804741089066,-0.00966942362207066,-0.09648882
119.71,7.39142899446936,0.00359950131947454,-0.00965363642397297,-0.09842916
119.72,7.41671007026032,0.00458739417088444,-0.00963981179889833,-0.09960574
119.73,7.42498474984599,0.00678821822764089,-0.00962810450020207,-0.09993977
119.74,7.4005224285278,0.0101402856402548,-0.00961814099956555,-0.1
119.75,7.38011711131114,0.0103213174117449,-0.00960912713122688,-0.09993977
119.76,7.42960893493246,0.014050547793684,-0.00960064280001116,-0.09975924
119.77,7.41371265928874,0.0110285586497785,-0.00959254468080198,-0.09945883
119.78,7.38202428306572,0.00980648489564054,-0.009584784790117,-0.09903926
119.79,7.42227617310963,0.012750286705026,-0.009577346982973,-0.09850156
119.8,7.39309086574424,0.00843324836367743,-0.00957022552888101,-0.09784702
119.81,7.35502928053864,0.00289139493721755,-0.00956341797480144,-0.0970772
119.82,7.32560892612201,-0.00146383426050438,-0.0095569227947215,-0.09619398
119.83,7.35075750882306,-0.011532610400456,-0.00955073881606531,-0.09519946
119.84,7.37599400837573,-0.0113387150089373,-0.00954486530536396,-0.09409606
119.85,7.43321242843672,-0.0112990789780487,-0.00953930240315403,-0.09288643
119.86,7.37554539594881,-0.020092057413353,-0.00953405196772965,-0.09157348
119.87,7.35228957448602,-0.0211634814191455,-0.00952911880559276,-0.09016038
119.88,7.38586715760484,-0.00854287134285232,-0.00952451146255643,-0.08865052
119.89,7.41111816258917,-0.00439484269488357,-0.00952025000444864,-0.08704756
119.9,7.32558349075692,0.00122673697818768,-0.0095163614133622,-0.08535534
119.91,7.2707590500232,0.012051289315144,-0.00950340361385188,-0.09369976
119.92,7.22004929557969,0.0132754744610282,-0.00946894036659092,-0.1120851
119.93,7.22243384897621,0.0175505465460289,-0.00940832881549891,-0.14051583
119.94,7.20099373506187,0.0319137302707744,-0.00932009938905996,-0.17899662
119.95,7.20669696186747,0.0251022697937519,-0.00920370602311628,-0.2275323
119.96,7.16561493520679,0.015505365338017,-0.00905888635238689,-0.28612786
119.97,7.19096443959235,0.0180740196812886,-0.00888547190355186,-0.35478845
119.98,7.16635798004402,0.0170569295365435,-0.00868332647692481,-0.43351936
119.99,7.1557837660433,0.0189419422574431,-0.00845233523074598,-0.52232597
120,7.12695674100302,0.0208537390250446,-0.00820164371004376,-0.61109201
120.01,7.05989793080807,0.014212217507671,-0.00794324608149079,-0.69982308
120.02,6.95553252077469,0.0252397406462152,-0.00768150471059664,-0.78852488
120.03,6.92170148649916,0.0316453712547571,-0.00741799195075453,-0.87720319
120.04,6.83076459895902,0.0345745815038792,-0.0071532663293376,-0.96586382
120.05,6.74280015004127,0.0276657927145813,-0.0068875205078354,-1.05451264
120.06,6.56833389494289,0.0171166736903987,-0.0066208146813516,-1.14315555
120.07,6.47249391187486,0.0131502213271308,-0.0063531611538685,-1.23179846
120.08,6.350396289732,0.0192445508459739,-0.00608455491198279,-1.32044729
120.09,6.25415006098717,0.0172893679313841,-0.00581498464617917,-1.40910792
120.1,6.14910215060113,0.024218750185658,-0.00554443674415413,-1.49778622
120.11,6.04266266954166,0.0215323157061722,-0.00527289675643755,-1.58648802
120.12,5.95682390864659,0.0255110861635372,-0.0050003499670144,-1.67521909
120.13,5.90041551272218,0.0459060218060421,-0.0047267815997085,-1.76398513
120.14,5.77549764909109,0.0547820763042664,-0.00445217696746896,-1.85279175
120.15,5.73074373522559,0.0483258009661656,-0.00417652150208163,-1.94164446
120.16,5.69748123721467,0.0399993260645355,-0.00389980081982968,-2.03054867
120.17,5.60005550345511,0.0392785182169445,-0.00362200073666953,-2.11950967
120.18,5.49718790663457,0.0370182032116777,-0.00334310734087669,-2.20853259
120.19,5.41053963126143,0.0372360651683871,-0.00306310702703947,-2.29762243
120.2,5.47480920775294,0.0542980019548949,-0.00278198650593017,-2.38678403
120.21,5.66743788123807,0.11096115279975,-0.00249973287118664,-2.47602204
120.22,6.0316172817923,0.196577014867163,0,-2.56534095
120.23,6.5076631430252,0.302132853026499,0.00154715643003328,-2.65474503
120.24,7.17836715347503,0.425787118004586,0.00505544392987823,-2.74423836
120.25,7.99130160255014,0.556416211929451,0.0104820312060408,-2.8338248
120.26,8.8899021388124,0.708281542786154,0.0175177463717684,-2.92350799
120.27,9.82293419268294,0.843398201863078,0.0258598742820284,-3.01329134
120.28,10.7820850803951,0.950618463472539,0.035281281442196,-3.103178
120.29,11.6891100490652,1.04999450211004,0.0456385470278474,-3.19317089
120.3,12.5016159293269,1.14110833874058,0.0568421689577367,-3.28327268
120.31,13.2364539382734,1.21722347510142,0.068832509589943,-3.37348575
120.32,13.907326842617,1.26995248133838,0.08156241946294,-3.46381223
120.33,14.4902233046139,1.31069565589973,0.0948917246051108,-3.55425398
120.34,14.9078465923148,1.33869359005078,0.108543036872898,-3.64481258
120.35,15.2532556138448,1.352234271303,0.122281898159526,-3.73548931
120.36,15.4636767970445,1.34936486146557,0.13597447084857,-3.82628519
120.37,15.6095866420187,1.34503234057577,0.149562191153324,-3.91714073
120.38,15.7010599136723,1.33457401867627,0.163029289806629,-4.00823702
120.39,15.8357377202476,1.3302967051578,0.176377911848558,-4.09972758
120.4,15.9575680966343,1.32152574527106,0.189614572704592,-4.19200046
120.41,16.0771500062674,1.31303364681664,0.202745237553861,-4.28503709
120.42,16.0822140048835,1.31041303491395,0.21577391051723,-4.37880687
120.43,16.1557575889149,1.30771567440377,0.228703090430042,-4.47326765
120.44,16.2452860443131,1.29310382338607,0.241534461224822,-4.56836637
120.45,16.3184705351279,1.26655539072616,0.254265305931108,-4.65391808
120.46,16.33643636406,1.26062297914677,0.266888822454952,-4.72985062
120.47,16.3305886940418,1.24791528395989,0.279399874592572,-4.79608386
120.48,16.365931427919,1.23545000144084,0.291793895108241,-4.85253103
120.49,16.5077846379339,1.21983913420937,0.304066388625646,-4.89910005
120.5,16.6667995537123,1.19964772734678,0.316212640453131,-4.93569502
120.51,16.8010852228218,1.17589701134856,0.328227513486882,-4.9622177
120.52,16.9157297681206,1.17146907317292,0.340098653734472,-4.96093751
120.53,17.004837150234,1.15741385298744,0.351806176454576,-4.93175621
120.54,17.1591747619988,1.14743286210719,0.363337440907753,-4.8846997
120.55,17.3288930744354,1.12052306056729,0.374684740698141,-4.81967591
120.56,17.4671164377447,1.10484155399966,0.385838447624254,-4.73659807
120.57,17.5105155727124,1.09038701607999,0.396787783980169,-4.63538605
120.58,17.6265454260463,1.08636687721444,0.407521307807966,-4.51596768
120.59,17.8031448843263,1.05770590758441,0.418027492272664,-4.37827984
120.6,17.9796237912973,1.0401004382522,0.428294193726579,-4.22226946
120.61,18.1414268899494,1.00938408624011,0.438317581638486,-4.06552592
120.62,18.2618250277318,0.990330738849535,0.448100641307046,-3.90801863
120.63,18.4015431562649,0.958289366575267,0.4576429094253,-3.74968516
120.64,18.6100952521273,0.931199996566216,0.466942935561928,-3.59104515
120.65,18.7108842403557,0.902577329149965,0.475999586671403,-3.43231742
120.66,18.8287549075831,0.876722710169609,0.48481206184606,-3.27350205
120.67,18.9841034013502,0.839872309470771,0.493379798999225,-3.11459927
120.68,19.0933345247686,0.814353901835267,0.501702256753841,-2.95560947
120.69,19.2726061236676,0.782381197414407,0.509779438260003,-2.79653318
120.7,19.4082440509298,0.759314341422415,0.517611004967289,-2.63737108
120.71,19.5430315121528,0.736625480726121,0.525196609089575,-2.47812403
120.72,19.6834448212774,0.718011512825193,0.532535901296939,-2.318793
120.73,19.8209275989937,0.696188721020808,0.539628513217766,-2.15937914
120.74,19.9568025898312,0.674680632825215,0.546474042425357,-1.99988372
120.75,20.056793356238,0.645224568616035,0.553072068423834,-1.84030816
120.76,20.1787713862609,0.629163936932185,0.559422152001461,-1.68065404
120.77,20.3203639386071,0.606221978524688,0.565523821301067,-1.52092305
120.78,20.4233049438442,0.584093817819892,0.571376591000762,-1.36111703
120.79,20.5558153540682,0.551522774619633,0.576979950321517,-1.20123794
120.8,20.6738521255838,0.523328956225087,0.582333354393447,-1.0412879
120.81,20.7630411241907,0.49498634350536,0.587436204723326,-0.8812691
120.82,20.9105773864095,0.476491184727726,0.592287902855181,-0.72118391
120.83,20.9524455412157,0.45404655943051,0.596899539653601,-0.57866632
120.84,20.8125619847273,0.387481286425302,0.601290948065762,-0.45371889
120.85,20.2879946338592,0.222247917853003,0.605476770420015,-0.34634432
120.86,19.394331364014,0.0218629958211779,0.60947190978044,-0.25654537
120.87,18.290572516511,-0.200300357373421,0.612497428773063,-0.18432493
120.88,17.0350387503596,-0.415895044189198,0.609039767522925,-0.12968596
120.89,15.7621168844941,-0.643851196230707,0.600825981385831,-0.09263154
120.9,14.5172355526501,-0.863154431868227,0.590328739215239,-0.0731648
120.91,13.4039578987965,-1.02932777969005,0.578931550146455,-0.07128896
120.92,12.6650332891285,-1.09140919549165,0.567362533779268,-0.06937578
120.93,12.2674797334853,-1.11463349565346,0.555946210171102,-0.0674286
120.94,12.0592875047816,-1.10000491776264,0.544788172991388,-0.06545085
120.95,11.9380453368978,-1.09045015648905,0.533893722094419,-0.06344599
120.96,11.7519190058013,-1.06398234668546,0.523236090861452,-0.06141754
120.97,11.6262394754701,-1.04580995451591,0.512788286527029,-0.05936907
120.98,11.4718102713215,-1.02609714427896,0.502533368816019,-0.05730415
120.99,11.3331318521193,-1.01713937780768,0.49246335271203,-0.05522642
121,11.1636427148664,-0.9996014415172,0.482574823494782,-0.05313953
121.01,10.9973496081981,-0.980801268889152,0.472865954955457,-0.05104712
121.02,10.8531882071714,-0.958112590858726,0.463335610287422,-0.04895288
121.03,10.8080680722714,-0.949918742021749,0.45398209239446,-0.04686047
121.04,10.6857113890499,-0.924065521954641,0.444803282727835,-0.04477358
121.05,10.6303936619417,-0.907699658881435,0.435796828191512,-0.04269585
121.06,10.5315519267706,-0.878168452597145,0.426960294338095,-0.04063093
121.07,10.5028666332259,-0.857062204183195,0.418291309839853,-0.03858246
121.08,10.4319114509563,-0.838157746288532,0.409787449339393,-0.03655401
121.09,10.3856484120767,-0.824125620033326,0.401446359908937,-0.03454915
121.1,10.2766474140733,-0.799390805790611,0.393265686861044,-0.0325714
121.11,10.1390004657491,-0.781366464763576,0.385243197393788,-0.03062422
121.12,10.0324190653189,-0.764173222952113,0.377376544008015,-0.02871104
121.13,9.94810602424028,-0.753191187230198,0.369663472301131,-0.0268352
121.14,9.83461645904597,-0.746498497652344,0.362101739964258,-0.025
121.15,9.76332766092553,-0.74009773590445,0.35468908501601,-0.02320866
121.16,9.64360208123286,-0.727202253891098,0.347423281595473,-0.02146432
121.17,9.54553324828354,-0.713709034317497,0.340302315885197,-0.01977004
121.18,9.56223755473929,-0.711540292547443,0.333323786351449,-0.0181288
121.19,9.51492341709984,-0.69538807951388,0.326485444414976,-0.01654347
121.2,9.44423152367351,-0.674094106424995,0.319785168826947,-0.01501683
121.21,9.33575453850956,-0.652191757841197,0.313220821291572,-0.01355157
121.22,9.28621312752191,-0.633865862368942,0.306790262005093,-0.01215025
121.23,9.26606254406187,-0.615350448666628,0.300491361803182,-0.01081533
121.24,9.23455526745189,-0.602446195020824,0.294322002610927,-0.00954915
121.25,9.07801117884081,-0.587705150180673,0.288280134007694,-0.00835394
121.26,9.03108206737313,-0.56798813500289,0.282363638171918,-0.00723179
121.27,9.02244559690658,-0.565629383670199,0.276570453244809,-0.00618467
121.28,9.05172578076869,-0.558341655139369,0.270898534137369,-0.00521441
121.29,8.95040453917562,-0.54610580495561,0.26534585180915,-0.00432273
121.3,8.90356209247364,-0.540501559900315,0.259910392803314,-0.00351118
121.31,8.86950046045467,-0.531527647169097,0.254590143370986,-0.00278118
121.32,8.84708900131545,-0.520177090957221,0.249383143478995,-0.00213403
121.33,8.77503938576995,-0.508962184758543,0.244287423642174,-0.00157084
121.34,8.670436186395,-0.498603286424944,0.239301002894533,-0.00109262
121.35,8.59189297937986,-0.487395237360985,0.234422019523793,-0.0007002
121.36,8.58695530911533,-0.472313897385377,0.22964853963365,-0.00039426
121.37,8.51616765002222,-0.453246411629403,0.224978458007762,-0.00017536
121.38,8.46398221871374,-0.449944823188871,0.22041012357433,-0
121.39,8.50221069674925,-0.440546404548604,0.215941669223803,-0
121.4,8.48170982104459,-0.438354488953058,0.211571500627288,-0.00039426
121.41,8.45276723462565,-0.419562807716561,0.207298425146533,-0.00157084
121.42,8.44055808419669,-0.408786283217807,0.203121176004009,-0.00351118
121.43,8.43769941064562,-0.410051368071448,0.199038541842594,-0.00618467
121.44,8.4468871625461,-0.40931594136642,0.195049313154907,-0.00954915
121.45,8.43090179345992,-0.394482388585439,0.191152297271882,-0.01355157
121.46,8.39166439210452,-0.392353090148017,0.187346303527149,-0.0181288
121.47,8.31670036420914,-0.384382886215945,0.183630186294109,-0.02320866
121.48,8.27613928301535,-0.376903400603612,0.180002711244021,-0.02871104
121.49,8.24792497640717,-0.369187166437687,0.176462607081326,-0.03454915
121.5,8.1733836474078,-0.346541918567272,0.173008425936192,-0.04063093
121.51,8.15886329554301,-0.33704144706356,0.169638752576801,-0.04686047
121.52,8.12841350787627,-0.329155900331828,0.166351958151253,-0.05313953
121.53,8.10151679037484,-0.309527853089985,0.163146404193431,-0.05936907
121.54,8.11123269362698,-0.298559648803596,0.160020322890672,-0.06545085
121.55,8.135713521114,-0.299649141059374,0.156971872602824,-0.07128896
121.56,8.07277162500163,-0.28702858759574,0.15399906302484,-0.07679134
121.57,8.06613215095897,-0.282828526180008,0.151099815354669,-0.0818712
121.58,8.00658191214182,-0.277907397072375,0.148272027910672,-0.08644843
121.59,8.02017518152398,-0.276250821394335,0.145513435464523,-0.09045085
121.6,7.99050327190623,-0.272599274824775,0.142821757296645,-0.09381533
121.61,7.95093865457987,-0.265438819675973,0.140194639278378,-0.09648882
121.62,7.93514648362622,-0.259657416007906,0.137629680857977,-0.09842916
121.63,7.96271799130139,-0.254849999657403,0.135124449896985,-0.09960574
121.64,7.95436504958686,-0.258964652102869,0.132676460064377,-0.09994665
121.65,7.99965975078719,-0.244142923443674,0.130283613239398,-0.1
121.66,7.96671674151733,-0.222351321478654,0.127944255906515,-0.09994665
121.67,7.94513464967638,-0.217410988252233,0.125656640917982,-0.09978671
121.68,7.94313799547094,-0.216445040270299,0.123419005707079,-0.09952052
121.69,7.93396710189323,-0.215352509427547,0.121229723695837,-0.09914865
121.7,7.88289145085769,-0.215194346774676,0.119087315769667,-0.0986719
121.71,7.84143795109579,-0.201242615018959,0.116990410864526,-0.09809128
121.72,7.7863450852221,-0.199430920018548,0.11493770408871,-0.09740803
121.73,7.70857774136731,-0.198492011984935,0.11292793048861,-0.09662361
121.74,7.6921517853042,-0.200013701877554,0.110959851359003,-0.09573969
121.75,7.67272298762263,-0.196620089760675,0.109032252849809,-0.09475816
121.76,7.6666136275696,-0.193558041381215,0.107143946382576,-0.09368112
121.77,7.68377552235411,-0.188303064979649,0.105293781905048,-0.09251086
121.78,7.71011265664135,-0.186579009659172,0.103480604281447,-0.09124987
121.79,7.72245050111982,-0.1886461856369,0.101703327953988,-0.08990086
121.8,7.75994568419824,-0.192013456527307,0.0999608829708622,-0.0884667
121.81,7.75360740501923,-0.178763895210866,0.0982522307434894,-0.08695045
121.82,7.77939243920639,-0.174549554364351,0.096576364363902,-0.08535534
121.83,7.74756739636615,-0.153618021000641,0.0949323076316937,-0.08368478
121.84,7.70577440998107,-0.142497333262175,0.0933191149147069,-0.08194234
121.85,7.65523692779753,-0.14510747988841,0.091735870836847,-0.08013173
121.86,7.63764037897266,-0.137024732381244,0.0901816901022438,-0.07825682
121.87,7.62356194985803,-0.13777208197719,0.0886557172240529,-0.07632161
121.88,7.62685893197679,-0.138283655196948,0.0871571263799297,-0.07433022
121.89,7.59799348902853,-0.136876477839896,0.0856851211430372,-0.07228692
121.9,7.57729098172132,-0.147225272582214,0.0842389338405641,-0.07019605
121.91,7.6161510397674,-0.151208858918828,0.0828178255537377,-0.06806208
121.92,7.65505307242906,-0.151291888668564,0.0814210856089233,-0.06588957
121.93,7.65182556634184,-0.151101218221332,0.0800480308825007,-0.06368315
121.94,7.65764690003506,-0.140783413324908,0.078698005640678,-0.06144753
121.95,7.69743141400804,-0.142205104575531,0.0773703808890518,-0.05918748
121.96,7.72385836127297,-0.139302359395755,0.0760645632172678,-0.05690782
121.97,7.71036169696036,-0.136261622192741,0.0747799652832297,-0.05461342
121.98,7.69338719162068,-0.133254890672213,0.0735160285520116,-0.05230917
121.99,7.71354805161058,-0.122563352215914,0.0722722331705245,-0.05
122,7.68862779113252,-0.127611874376847,0.0710480762495395,-0.04769083
122.01,7.7040656218889,-0.121170354673799,0.0698430779228664,-0.04538658
122.02,7.66885526312026,-0.114484507569137,0.0686567809927017,-0.04309218
122.03,7.6533557234453,-0.110964337974862,0.0674887651155437,-0.04081252
122.04,7.70932118801831,-0.104330119233341,0.0663385950124567,-0.03855247
122.05,7.70107862419272,-0.101650843179783,0.0652058825007378,-0.03631685
122.06,7.66817444980831,-0.0997651528062865,0.064090257901951,-0.03411043
122.07,7.71738424893738,-0.0920672310900049,0.062991368386403,-0.03193792
122.08,7.65256332063785,-0.10063206871433,0.0619088790810404,-0.02980395
122.09,7.62246668032751,-0.106709453066689,0.0608424733924411,-0.02771308
122.1,7.58903162105529,-0.112485457532599,0.05979185178715,-0.02566978
122.11,7.53864252108067,-0.110138757850404,0.0587567316109996,-0.02367839
122.12,7.55102679199269,-0.114505133895206,0.0577368466320178,-0.02174318
122.13,7.51183895859638,-0.118015724883695,0.0567319460919797,-0.01986827
122.14,7.48038983798554,-0.115415871769321,0.055741793985919,-0.01805766
122.15,7.5213231008063,-0.109808376899436,0.0547661682001044,-0.01631522
122.16,7.53326984423949,-0.099934106228453,0.0538048599342554,-0.01464466
122.17,7.54323015075688,-0.0941726538537799,0.0528576729501344,-0.01304955
122.18,7.59404564391907,-0.0954351598329495,0.0519244229632171,-0.0115333
122.19,7.54713835743399,-0.0925102076794434,0.0510049369039682,-0.01009914
122.2,7.59306962311765,-0.0937947305444139,0.0500990523262626,-0.00875013
122.21,7.55936891396793,-0.098228007532152,0.0492066167696119,-0.00748914
122.22,7.5343963858572,-0.0983842721782739,0.0483274918681678,-0.00631888
122.23,7.50784274201288,-0.0996710625519389,0.0474615335455839,-0.00524184
122.24,7.48404304445825,-0.0963219703017596,0.0466086201264262,-0.00426031
122.25,7.4076439779149,-0.100322718298495,0.0457686325940038,-0.00337639
122.26,7.48952563600308,-0.0974909509232682,0.0449414587787094,-0.00259197
122.27,7.47910396075474,-0.08948500597862,0.0441269926613866,-0.00190872
122.28,7.47888977026834,-0.0802918396826241,0.0433251339363599,-0.0013281
122.29,7.5649298711314,-0.0781731699053962,0.0425357870480718,-0.00085135
122.3,7.55056679243792,-0.0755863894380385,0.0417588616865424,-0.00047948
122.31,7.59587861832196,-0.0728998837968756,0.0409942708140904,-0.00021329
122.32,7.6611470069147,-0.0660177519089046,0.0402418852562756,-0
122.33,7.65941393103259,-0.0584054441377718,0.0395016993353398,-0
122.34,7.63394574467727,-0.0644422462405802,0.0387739475751546,-0.00039426
122.35,7.65176577401029,-0.0665521473633981,0.0380592249060307,-0.00157084
122.36,7.58941388683736,-0.0651888597976907,0.0373582190880815,-0.00351118
122.37,7.60678573951309,-0.0619831538118196,0.0366714811178174,-0.00618467
122.38,7.56754985471986,-0.0609718588023649,0.0359996514393273,-0.00954915
122.39,7.55019170555741,-0.0644858953959015,0.0353434556754568,-0.01355157
122.4,7.48417168689152,-0.0685413682340535,0.0347036339191969,-0.0181288
122.41,7.51990271281981,-0.0539420396669586,0.0340808770572193,-0.02320866
122.42,7.4814720969782,-0.0465775503553102,0.0334757532705304,-0.02871104
122.43,7.5028403339828,-0.0468209223689599,0.0328886876771498,-0.03454915
122.44,7.53854694614197,-0.0420520461779242,0.0323199338615209,-0.04063093
122.45,7.55230227178657,-0.0450385290154877,0.0317695881501113,-0.04686047
122.46,7.51614461877951,-0.033584618606835,0.0312375600936162,-0.05313953
122.47,7.562277062788,-0.0314753522954087,0.0307235730454593,-0.05936907
122.48,7.51904276928969,-0.0389965958129475,0.030227209087861,-0.06545085
122.49,7.56579710175748,-0.040542742637962,0.029747858826843,-0.07128896
122.5,7.58428693484654,-0.0302695064997919,0.0292847504794865,-0.07679134
122.51,7.50343973416099,-0.0366703259769929,0.0288369672652605,-0.0818712
122.52,7.47929171694228,-0.0368380170923665,0.0284034540623695,-0.08644843
122.53,7.51514305236504,-0.0413062874335454,0.0279830326725064,-0.09045085
122.54,7.53984049450148,-0.0445177034655172,0.0275744173074412,-0.09381533
122.55,7.55542534389158,-0.0440899039356736,0.0271762353858247,-0.09648882
122.56,7.55377956540041,-0.041597532334383,0.0267870472612126,-0.09842916
122.57,7.50897468137774,-0.0507256617186265,0.026405368784097,-0.09960574
122.58,7.58934820833652,-0.0461048392074591,0.0260296507265687,-0.09995241
122.59,7.57636828163223,-0.0345646925365894,0.0256588177278904,-0.1
122.6,7.57163466798387,-0.0356548896435957,0.0252922405775906,-0.09995241
122.61,7.51176340900325,-0.0284002040193837,0.02492917889825,-0.09980973
122.62,7.47066095662454,-0.0262595192980765,0.0245689256060721,-0.09957224
122.63,7.44141830970686,-0.0327583229372035,0.0242109819559236,-0.09924039
122.64,7.45763802726536,-0.0388108537230196,0.0238550507260345,-0.0988148
122.65,7.43125202363196,-0.041336207104656,0.0235009664850161,-0.09829629
122.66,7.49297449472892,-0.0434729781334144,0.0231486345171783,-0.09768585
122.67,7.46631526718286,-0.0415362331261517,0.0227979897767163,-0.09698463
122.68,7.44383573278873,-0.0372981143500996,0.0224489751770949,-0.09619398
122.69,7.46034290639996,-0.0366170245566965,0.0221015333315212,-0.09531539
122.7,7.45707612783435,-0.0370434032775908,0.0217556049059934,-0.09435054
122.71,7.45635927305274,-0.027914899563397,0.0214111296022167,-0.09330127
122.72,7.44948733800866,-0.026496076798827,0.0210680476916808,-0.09216957
122.73,7.43966795573618,-0.028524521213255,0.020726301350244,-0.0909576
122.74,7.43081216398922,-0.0369551352431325,0.0203858355915029,-0.08966767
122.75,7.51573603030306,-0.040748209415122,0.0200465987467992,-0.08830222
122.76,7.54070064349464,-0.0374970789870965,0.0197085428656867,-0.08686387
122.77,7.56126325947695,-0.0373341359413062,0.019371623858795,-0.08535534
122.78,7.56034402515911,-0.0374944191931694,0.0190358017053308,-0.08377951
122.79,7.5638413975223,-0.0398185962301728,0.018701040543974,-0.08213938
122.8,7.4875068303316,-0.0461682907503457,0.0183673088222597,-0.08043807
122.81,7.49238444654818,-0.030918790939312,0.0180345793744402,-0.07867882
122.82,7.45011538443773,-0.0357905172818532,0.0177028295453494,-0.07686498
122.83,7.44799888058423,-0.0373763895474267,0.0173720412542898,-0.075
122.84,7.40295330488354,-0.0359979918461793,0.0170422011624874,-0.07308743
122.85,7.43190053933377,-0.03397188081411,0.0167133005838697,-0.07113091
122.86,7.41238435245524,-0.0410773688853478,0.0163853353749819,-0.06913417
122.87,7.44650669481458,-0.0287914874486684,0.0160583063155265,-0.06710101
122.88,7.49359025280117,-0.041061463544467,0.0157322189250816,-0.06503529
122.89,7.46996563986569,-0.036278403231992,0.0154070835044465,-0.06294095
122.9,7.48345673249876,-0.0346610822380037,0.0150829148078189,-0.06082198
122.91,7.54462864943818,-0.0292164641331206,0.0147597328760827,-0.05868241
122.92,7.51006847005863,-0.0305481514082844,0.0144375621176287,-0.05652631
122.93,7.52003714102096,-0.0271568245105555,0.014116432529777,-0.05435779
122.94,7.53296097913723,-0.0338076300538932,0.0137963765085634,-0.05218097
122.95,7.52623389351564,-0.0301350165526007,0.0134774320029615,-0.05
122.96,7.53223839529298,-0.0321249147334033,0.0131596412896139,-0.04781903
122.97,7.52252375455804,-0.0319951064636055,0.0128430508832405,-0.04564221
122.98,7.519349144721,-0.0303804688807546,0.0125277114151938,-0.04347369
122.99,7.52206886371988,-0.0326471711708098,0.0122136775054928,-0.04131759
123,7.51870307103865,-0.028304738808091,0.0119010074172023,-0.03917802
123.01,7.53159864293675,-0.0311724255997547,0.0115897636165079,-0.03705905
123.02,7.47138601137004,-0.0347089025667205,0.0112800117908626,-0.03496471
123.03,7.46742262360985,-0.0308037139486309,0.0109718210033513,-0.03289899
123.04,7.43286688034768,-0.0308379707293188,0.0106652635283936,-0.03086583
123.05,7.38413521113414,-0.0412355401704699,0.0103604146455684,-0.02886909
123.06,7.41202450902894,-0.0368154287770683,0.0100573524609786,-0.02691257
123.07,7.42090508022786,-0.0319709860070463,0.00975615772939816,-0.025
123.08,7.41392787036818,-0.0259297389208399,0.00945691363267811,-0.02313502
123.09,7.45367856691611,-0.0220220225191155,0.00915970558846563,-0.02132118
123.1,7.46176234503316,-0.0262476670850094,0.00886462101839705,-0.01956193
123.11,7.47927265048099,-0.0264700077632646,0.00857174914554408,-0.01786062
123.12,7.46143367360038,-0.0200034250175167,0.00828118047351608,-0.01622049
123.13,7.44960440665105,-0.0277760035424321,0.00799300743630773,-0.01464466
123.14,7.46337503320728,-0.0316122986839897,0.00770732330047236,-0.01313613
123.15,7.48087324201658,-0.0360247412640279,0.00742422224935731,-0.01169778
123.16,7.47650356595104,-0.0347549734056238,0.0071437990985872,-0.01033233
123.17,7.45085575257914,-0.0361557243232722,0.00686614911407869,-0.0090424
123.18,7.46161891119437,-0.0381279732274834,0.00659136773190152,-0.00783043
123.19,7.49451042569258,-0.0415528609567649,0.00631955033466828,-0.00669873
123.2,7.44422009709344,-0.0371196297835835,0.00605079202037938,-0.00564946
123.21,7.3981754706724,-0.0370490021117072,0.00578518735012658,-0.00468461
123.22,7.37060576487604,-0.0413442098001523,0.00552283011815185,-0.00380602
123.23,7.36476541882943,-0.0354201266870338,0.00526382518616202,-0.00301537
123.24,7.37756969490548,-0.0288010634326497,0.00500825011395533,-0.00231415
123.25,7.37680287621347,-0.0252216257780932,0.00475619985191754,-0.00170371
123.26,7.38264845242447,-0.0225643361805809,0.00450776334927111,-0.0011852
123.27,7.41572950187365,-0.0138985245644353,0.0042630269690478,-0.00075961
123.28,7.46241360556887,-0.0132409221046125,0.00402207406117249,-0.00042776
123.29,7.47196295900853,-0.00320890059732443,0.003784985730617,-0.00019027
123.3,7.44488554217432,-0.00240688901533629,0.00355179698439924,-0
123.31,7.47336401114543,-0.00356237968405449,0.00332265246064069,-0
123.32,7.50537684906584,-0.00204744411954675,0.00309796030987672,-0.00039426
123.33,7.48895790076355,0.0118343444025456,0.00287850199770789,-0.00157084
123.34,7.46506969976411,-0.00176866390637679,0.00266512673153206,-0.00351118
123.35,7.41610291680376,-0.00217627912718037,0.00245855113855246,-0.00618467
123.36,7.40935543817261,-0.00745502426079931,0.00225958531248083,-0.00954915
123.37,7.40825628772561,-0.0103935032040993,0.00206912832661194,-0.01355157
123.38,7.38725921536833,-0.00943162210465392,0.0018880917516598,-0.0181288
123.39,7.33113935455987,-0.00939308733640162,0.00171731704855963,-0.02320866
123.4,7.34196852351077,-0.0201865558987742,0.00155751777422277,-0.02871104
123.41,7.3287507671514,-0.0182134879580209,0.00140924249529515,-0.03454915
123.42,7.34787171724259,-0.0242005237871935,0.00127285818318524,-0.04063093
123.43,7.35745404561289,-0.024334438556388,0.00114853787613713,-0.04686047
123.44,7.35260044817893,-0.0232522301116537,0.00103625857472094,-0.05313953
123.45,7.35161837687511,-0.0172280350212494,0.000935801612912604,-0.05936907
123.46,7.39489728352251,-0.0188952402965876,0.000846759590088262,-0.06545085
123.47,7.36424700305506,-0.0127273492445401,0.000768537673680871,-0.07128896
123.48,7.37429054621136,-0.00490843769612734,0.000700370654860396,-0.07679134
123.49,7.39502988225919,-0.00460469796248497,0.00064133269174568,-0.0818712
123.5,7.35225109961208,-0.00653460873169145,0.000590359111526797,-0.08644843
123.51,7.38369820498957,-0.00701366829499334,0.000546269733599241,-0.09045085
123.52,7.39595872297174,-0.0126404514383037,0.000507794802066237,-0.09381533
123.53,7.3547721877518,-0.0155456015949085,0.000473607334181017,-0.09648882
123.54,7.40528049927056,-0.0151069715842129,0.000442356962792882,-0.09842916
123.55,7.46486184600295,-0.0177752001866251,0.000412702511554409,-0.09960574
123.56,7.46711180955706,-0.00269529358312808,0.000383279948612484,-0.09994504
123.57,7.49329879622713,0.0054288351011744,0.000353294078249787,-0.1
123.58,7.4993646797261,0.0084655795708002,0.000322417687904844,-0.09994504
123.59,7.48041324129114,-0.00019761316774517,0.000290180163679918,-0.0997803
123.6,7.44013903719048,-2.32099451434259e-05,0.000256119818951307,-0.09950613
123.61,7.42624481830646,-0.00538440457673782,0.000219926257327535,-0.09912313
123.62,7.40638758565535,-0.0016425385441777,0.000181422357110571,-0.09863215
123.63,7.40206061123975,-0.00271270939831658,0.000140510810179007,-0.09803426
123.64,7.41058663160884,-0.00948868009885686,9.71325529165266e-05,-0.09733078
123.65,7.40463422719736,-0.0147253223930677,5.12434138341539e-05,-0.09652326
123.66,7.42328988759874,-0.0062299279837513,2.80397724203817e-06,-0.09561348
123.67,7.45393585503453,-0.00232549124367389,-4.82233994981568e-05,-0.09460342
123.68,7.4528213387157,0.00392487604378765,-0.000101874502200318,-0.09349532
123.69,7.41213783663571,0.00934615335208114,-0.000158182334049312,-0.0922916
123.7,7.39822261980605,0.00671669814733369,-0.000217179886867876,-0.09099492
123.71,7.40628144724932,0.019288985760311,-0.000278883989259283,-0.08960812
123.72,7.4264511234123,0.0218508072998626,-0.0003433207764632,-0.08813426
123.73,7.42842833355197,0.015893248692601,-0.000410503890609022,-0.08657657
123.74,7.49625901383508,0.013964641822266,-0.00048044245947307,-0.08493847
123.75,7.49353893731716,0.00465106687684627,-0.000553140465087908,-0.08322357
123.76,7.50555890383766,-0.00303454015247823,-0.000628595908020273,-0.08143564
123.77,7.52109034357262,-0.00379335630218969,-0.000706801909987505,-0.07957861
123.78,7.51180430987568,-0.0144823232735469,-0.000787745227931728,-0.07765656
123.79,7.51516770583184,-0.0257625684290379,-0.000871406615000802,-0.07567371
123.8,7.50640133809157,-0.0265236928341769,-0.000957760740385087,-0.07363443
123.81,7.422138669396,-0.0300054817904005,-0.00104677617595226,-0.07154319
123.82,7.45531555133931,-0.0271856354016519,-0.00113841539093911,-0.06940459
123.83,7.46274978793085,-0.0244150679140341,-0.00123263471451279,-0.06722334
123.84,7.47392394856914,-0.026234510864188,-0.00132938438303465,-0.06500423
123.85,7.47087635984643,-0.0170575071516913,-0.00142860858299457,-0.06275214
123.86,7.47680374356127,-0.0121267831498029,-0.00153024551089531,-0.06047201
123.87,7.41786048814093,-0.0114434108155347,-0.00163422742377664,-0.05816887
123.88,7.48144868200467,-0.0149011585658109,-0.001740480757306,-0.05584777
123.89,7.41857071207764,-0.0162401488364849,-0.00184892625090344,-0.05351381
123.9,7.43066488775404,-0.0259822161518554,-0.00195947904469144,-0.05117213
123.91,7.43240180361578,-0.0242801681185841,-0.00207204884517627,-0.04882787
123.92,7.40375644554214,-0.0265915911525097,-0.00218654026630013,-0.04648619
123.93,7.42229327094699,-0.0245447123307022,-0.00230285244368632,-0.04415223
123.94,7.45608033360323,-0.0263279685303752,-0.00242087982644948,-0.04183113
123.95,7.41753513026998,-0.0234226906612749,-0.00254051211386598,-0.03952799
123.96,7.49324548515348,-0.0263879142696558,-0.00266163454757689,-0.03724786
123.97,7.49398245617724,-0.0180804500438717,-0.00278412809161161,-0.03499577
123.98,7.42899133022129,-0.0217145691065401,-0.00290786970237882,-0.03277666
123.99,7.47151293769133,-0.026909791520081,-0.00303273258780747,-0.03059541
124,7.4489230894511,-0.0250253151084812,-0.00315858644990875,-0.02845681
124.01,7.4431958587909,-0.0275749543985326,-0.00328529775304401,-0.02636557
124.02,7.45865242209503,-0.026581623598415,-0.00341273000532449,-0.02432629
124.03,7.41658240337679,-0.0336241183358563,-0.00354074406846121,-0.02234344
124.04,7.44484594554093,-0.0319303298884644,-0.00366919843269195,-0.02042139
124.05,7.44929820401584,-0.0242435828425782,-0.00379794951513099,-0.01856436
124.06,7.43780984242289,-0.0159150380212859,-0.00392685198857145,-0.01677643
124.07,7.38973716014148,-0.00931252794941632,-0.00405575909808894,-0.01506153
124.08,7.44007063860304,-0.00446656006635018,-0.0041750111618421,-0.02363058
124.09,7.41110061810769,0.0060296852467619,-0.00427072143478947,-0.04248718
124.1,7.41994721368701,0.0244643528099303,-0.00433325350949232,-0.07163476
124.11,7.35112821146143,0.0260605444304932,-0.00435125455256665,-0.11107655
124.12,7.37862760287781,0.0164493864281574,-0.00431109135593456,-0.1608156
124.13,7.35399224693405,0.0146526100289328,-0.00420249518002561,-0.22085476
124.14,7.35541267739711,0.0175080318482706,-0.00404101800923431,-0.29119669
124.15,7.28000667336298,0.0222726718252793,-0.00384171234206455,-0.37184381
124.16,7.21077822848695,0.0188937258998145,-0.00360986110638074,-0.46279834
124.17,7.11281200819687,0.0235368757500658,-0.00335661194888146,-0.55385514
124.18,7.05186793267222,0.0240436993572823,-0.00309477284006033,-0.64501599
124.19,6.92720285730286,0.0365734745903532,-0.00282898422614848,-0.73628242
124.2,6.79328056310339,0.0367093311707027,-0.00256092785843849,-0.82765576
124.21,6.63857871077905,0.0310853503584938,-0.00229121247031913,-0.91913708
124.22,6.56296884868906,0.0400507467813266,-0.00202005561678844,-1.01072723
124.23,6.53008675494056,0.0339950418812852,-0.0017475855917224,-1.10237185
124.24,6.44629113033115,0.0257340919738309,-0.00147374640605597,-1.19423617
124.25,6.36950887760542,0.0288977664106891,-0.0011982149574457,-1.28649476
124.26,6.30589596736459,0.0230761496448195,-0.000920367270663474,-1.37953565
124.27,6.26600778688979,0.0219039124749928,-0.000639653846669894,-1.47334031
124.28,6.21099241580108,0.0298748427287401,-0.000355913999073018,-1.56787812
124.29,6.09266893069744,0.0277789343727952,-6.91512150243628e-05,-1.66310692
124.3,5.98078403044078,0.0332142485259108,0.000220551460467355,-1.75897366
124.31,5.8917429260748,0.0328717805259237,0.00051306319110863,-1.85541522
124.32,5.77585636526197,0.0301595667949912,0.000808218390818639,-1.9523594
124.33,5.6844859474093,0.0340309779336286,0.00110582240219052,-2.04972609
124.34,5.60451259521854,0.0360813926996036,0.0014056587098616,-2.14742853
124.35,5.52265551424663,0.0261706046904759,0.00170749022629855,-2.24537463
124.36,5.46008950256935,0.028892063600347,0.00201106375767634,-2.34346849
124.37,5.54072127934727,0.0712294380833124,0.00231611423990532,-2.44161187
124.38,5.8023135787829,0.141500675464125,0.00262236900632084,-2.53970573
124.39,6.18966957779257,0.232826891248703,0,-2.63765183
124.4,6.75009917628673,0.349340217189004,0.00209578369930745,-2.73535427
124.41,7.40311982753266,0.47038294675525,0.00619695038422971,-2.83272096
124.42,8.21199902203942,0.618856154864732,0.012140739174926,-2.92966514
124.43,9.14216615171233,0.774252650104737,0.0196079536609315,-3.0261067
124.44,10.0926455752696,0.897832911975835,0.0283091226600114,-3.12197344
124.45,10.954163098223,1.00715739423863,0.0380434266768305,-3.21720224
124.46,11.8615101022731,1.10140733483788,0.0486849082730666,-3.31174005
124.47,12.6888311028676,1.16878041990311,0.0601529365800332,-3.40554471
124.48,13.4235156507252,1.24096084325177,0.0723941030107333,-3.4985856
124.49,14.1130665176738,1.28888508597686,0.0853521537624254,-3.59079084
124.5,14.6909100104227,1.31912457446664,0.0988368198297939,-3.68270851
124.51,15.0567344042173,1.34705348952592,0.112567170228799,-3.77451948
124.52,15.3640589986355,1.34858664624738,0.12633691416606,-3.86622386
124.53,15.5389863350054,1.34806115853643,0.140037797310207,-3.95782199
124.54,15.6278733056599,1.34711226900595,0.153626505782447,-4.04931445
124.55,15.7003352363031,1.33099997590746,0.167094106300919,-4.14070202
124.56,15.7734838212212,1.32578035540544,0.180444358327245,-4.23198572
124.57,15.8215473806525,1.31853519018921,0.193683409287774,-4.32316679
124.58,15.8934862417629,1.31145830946844,0.20681609474048,-4.41424669
124.59,15.9817780530071,1.30728163724342,0.219845437540866,-4.50522709
124.6,16.0733790826163,1.29076867293292,0.23277321331128,-4.59610988
124.61,16.1631343366086,1.2821714654689,0.245596482398344,-4.67669001
124.62,16.2917374529974,1.27557535586734,0.258308114191153,-4.74696978
124.63,16.3843819311219,1.25657923502495,0.270902611794319,-4.80695167
124.64,16.4693674996549,1.23609066460952,0.283375106968716,-4.85663839
124.65,16.616015366134,1.20795837094317,0.295711992915729,-4.87439367
124.66,16.7689150491782,1.19631120478293,0.307890792217104,-4.86022055
124.67,16.8811052624572,1.18127372039325,0.319892255725699,-4.81412229
124.68,16.9890315318486,1.16449169045401,0.33169868210181,-4.73610227
124.69,17.1646900032535,1.14068559298657,0.34329200341925,-4.62616407
124.7,17.2987097377626,1.11824604772906,0.354657858624299,-4.49451856
124.71,17.4703676494113,1.09026736636746,0.365785397448985,-4.34116959
124.72,17.6553372776273,1.07360395459599,0.376661603399966,-4.16612117
124.73,17.8129986169224,1.04720483167646,0.387271987351621,-3.96937742
124.74,17.9898685778277,1.03105655149674,0.39761179342553,-3.77258176
124.75,18.2404359515485,0.992850693639998,0.407684974515295,-3.57573853
124.76,18.3628220648055,0.963593802403194,0.417490957271901,-3.3788522
124.77,18.504340322028,0.937623904790341,0.427028068026753,-3.18192733
124.78,18.6723539139746,0.917922389499271,0.436294524589038,-2.98496855
124.79,18.8206291677051,0.886430754050003,0.445288932555763,-2.78798057
124.8,18.9470787636073,0.861452016697252,0.454010254359099,-2.59096816
124.81,19.122690058907,0.827874928524616,0.46245762953148,-2.39393614
124.82,19.2381449966086,0.801457560218842,0.470630276831835,-2.19688938
124.83,19.4234881831704,0.778714625951703,0.478527382531617,-1.99983277
124.84,19.5835000034891,0.741647873588451,0.486148059281566,-1.80277124
124.85,19.6852242144918,0.711145073543848,0.493491192129106,-1.60570971
124.86,19.7660501273481,0.686267124800427,0.500555963578666,-1.4086531
124.87,19.9528103068197,0.65657039239782,0.507341265889862,-1.21160634
124.88,20.0971099436861,0.621571159316581,0.513845949239384,-1.01457432
124.89,20.2363649207589,0.598515023796001,0.520068785182481,-0.81756191
124.9,20.347832427079,0.571018549072607,0.526021282420414,-0.64221308
124.91,20.4838485723904,0.558968890384825,0.531726293049134,-0.4885326
124.92,20.6256029145584,0.536211366069603,0.53720000902203,-0.35652518
124.93,20.7459929487048,0.512410731993845,0.542458900825059,-0.24619546
124.94,20.793193989637,0.501989845615993,0.547521335213759,-0.15754799
124.95,20.8196779220653,0.48932446508154,0.552408331180486,-0.09058723
124.96,20.8450577841753,0.478019852740752,0.557142658113813,-0.04531754
124.97,20.8292301470492,0.462812437566452,0.561748312812426,-0.02174318
124.98,20.8600184276379,0.452061150334132,0.566250003590558,-0.01986827
124.99,20.8793053556645,0.446255893886229,0.570658266606308,-0.01805766
125,20.8985619466238,0.448335632693746,0.574973681374768,-0.01631522
125.01,20.902724475494,0.43302415422938,0.579203705980753,-0.01464466
125.02,20.9435583004894,0.428739189256122,0.583355827377118,-0.01304955
125.03,20.9639553791037,0.418688294113917,0.587434993722418,-0.0115333
125.04,21.039067462931,0.421149141734233,0.591443796161687,-0.01009914
125.05,21.0514456207149,0.411629088084592,0.595383462243654,-0.00875013
125.06,21.0831932388445,0.403276696292656,0.599254716625194,-0.00748914
125.07,21.1113870647729,0.393488897340145,0.603058259136355,-0.00631888
125.08,21.1619266099408,0.38445173212652,0.606794929484406,-0.00524184
125.09,21.1699933795012,0.376218946593478,0.610465706224124,-0.00426031
125.1,21.2091345069131,0.36807596453291,0.614071650604285,-0.00337639
125.11,21.2168337894279,0.365508766972517,0.617613855409,-0.00259197
125.12,21.2365746497359,0.360691775361705,0.621093416429441,-0.00190872
125.13,20.9578359298046,0.268498895875962,0.624511417459823,-0.0013281
125.14,20.2635966284417,0.100001562505262,0.627868932847057,-0.00085135
125.15,19.2689224309687,-0.0924656016319461,0.631167026157062,-0.00047948
125.16,18.0414691487693,-0.296576949588075,0.632258886994771,-0.00021329
125.17,16.7788336974521,-0.502905566002753,0.626860897536934,-0
125.18,15.4691301871585,-0.725978913972785,0.617661965762435,-0
125.19,14.160043273389,-0.941335830690813,0.606678687332922,-0.00039426
125.2,13.0593066457724,-1.06378284713106,0.59505416543967,-0.00157084
125.21,12.4353980007531,-1.10916172677961,0.583374040226994,-0.00351118
125.22,12.0474453499699,-1.11951709631476,0.571889174668841,-0.00618467
125.23,11.906437952904,-1.1117807855322,0.560669853572907,-0.00954915
125.24,11.7923902180897,-1.09236390277596,0.549708498792705,-0.01355157
125.25,11.6819127297849,-1.0671610491341,0.538977499043469,-0.0181288
125.26,11.5677434444758,-1.04485442689141,0.52845302614989,-0.02320866
125.27,11.4805575861493,-1.01379715815067,0.51812137045683,-0.02871104
125.28,11.3715045556496,-0.992300346922808,0.50797649702252,-0.03454915
125.29,11.300177948285,-0.975853143462863,0.498015914059896,-0.04063093
125.3,11.1495374910129,-0.955563628708601,0.488238257027878,-0.04686047
125.31,11.0143577013102,-0.941154014250193,0.478642102630147,-0.05313953
125.32,10.9407419470485,-0.920205851818778,0.469225902341026,-0.05936907
125.33,10.8231809127668,-0.896017535433144,0.459987441007508,-0.06545085
125.34,10.7397902984629,-0.884776933611324,0.450924308295258,-0.07128896
125.35,10.6328530357338,-0.870758958727389,0.442033792383687,-0.07679134
125.36,10.515758886865,-0.852545117309319,0.43331338197313,-0.0818712
125.37,10.4109708972724,-0.836601438990892,0.42476038296806,-0.08644843
125.38,10.3164226654692,-0.821912891675037,0.416372072839617,-0.09045085
125.39,10.2366957055732,-0.815846568529097,0.408145764598138,-0.09381533
125.4,10.131375826116,-0.80612282266628,0.40007869718956,-0.09648882
125.41,10.0610804417891,-0.781450258754715,0.392168078979729,-0.09842916
125.42,9.96771122955311,-0.756724250503856,0.384411133995538,-0.09960574
125.43,9.89890769154185,-0.754561636398299,0.376804970970632,-0.09994965
125.44,9.84001656586994,-0.741660472147753,0.369346972027299,-0.1
125.45,9.76747757527607,-0.726107112818409,0.362034905809048,-0.09994965
125.46,9.619467830193,-0.705071712625704,0.354866494828343,-0.09979871
125.47,9.5785776772562,-0.686635606761965,0.347839598101254,-0.09954749
125.48,9.55331356775948,-0.692353630700153,0.340951629083236,-0.09919648
125.49,9.43851301010086,-0.68461014006725,0.33420028649755,-0.0987464
125.5,9.34297332124761,-0.657239234644757,0.327583376679363,-0.09819814
125.51,9.31917781424231,-0.643190249975139,0.321098645809837,-0.09755283
125.52,9.22954945614728,-0.630779842809055,0.314743953172805,-0.09681174
125.53,9.20096153852438,-0.618469194434296,0.308517076530747,-0.09597639
125.54,9.146619840244,-0.61430035834462,0.30241582044929,-0.09504844
125.55,8.99952790348664,-0.595015177788734,0.296438045808369,-0.09402978
125.56,9.0291654575272,-0.578654643315422,0.290581574722818,-0.09292244
125.57,8.99261389957888,-0.561038154454724,0.284844272377786,-0.09172866
125.58,8.99204245080994,-0.546677400736876,0.279223935091191,-0.09045085
125.59,9.00369676706299,-0.535221287373675,0.273718566673687,-0.08909157
125.6,8.98085071599267,-0.528523873876283,0.268326056497987,-0.08765357
125.61,8.89017457200394,-0.514733024161737,0.26304431541102,-0.08613974
125.62,8.8921009396866,-0.512864817717197,0.257871254275598,-0.08455313
125.63,8.82473464821145,-0.512320965771391,0.25280484041707,-0.08289694
125.64,8.77434780266752,-0.505829953663411,0.247843081089722,-0.08117449
125.65,8.67047976610498,-0.499669809705462,0.242984000612656,-0.07938926
125.66,8.60512940484131,-0.489527126020614,0.238225581072798,-0.07754485
125.67,8.56745466826585,-0.474605914805196,0.233565826054448,-0.07564496
125.68,8.54201497900332,-0.455234083196882,0.229002856135068,-0.07369343
125.69,8.53951502258638,-0.435187623461588,0.224534716188604,-0.07169419
125.7,8.49577104247795,-0.423918708886973,0.22015947457522,-0.06965125
125.71,8.46136875142535,-0.421250289227981,0.215875282428856,-0.06756874
125.72,8.4570139207875,-0.413097920582568,0.211680285471373,-0.06545085
125.73,8.44982765686055,-0.398931333751246,0.207572649566528,-0.06330184
125.74,8.4319590036228,-0.397041831918027,0.203550566824968,-0.06112605
125.75,8.41224805229961,-0.397731133259843,0.199612293854051,-0.05892784
125.76,8.39373327018156,-0.381172229339033,0.195756006252464,-0.05671166
125.77,8.34057870315985,-0.36808306201793,0.191979991122777,-0.05448197
125.78,8.33760428892613,-0.35851644466275,0.188282544167034,-0.05224324
125.79,8.29862724903971,-0.358252156176597,0.184661986154016,-0.05
125.8,8.26062657373912,-0.363084471989846,0.181116663002664,-0.04775676
125.81,8.19889749215059,-0.355296196630903,0.177644947047226,-0.04551803
125.82,8.16784026518346,-0.343918481654103,0.174245266068672,-0.04328834
125.83,8.10717630873838,-0.342856186765454,0.17091601577321,-0.04107216
125.84,8.14727777065088,-0.335298280848537,0.167655634444148,-0.03887395
125.85,8.09489406143834,-0.332834024543952,0.164462630555723,-0.03669816
125.86,8.04158578703628,-0.325398807626873,0.161335518018103,-0.03454915
125.87,7.99726506134379,-0.311992645818201,0.158272839493246,-0.03243126
125.88,7.98002091616927,-0.302029163279202,0.155273166794274,-0.03034875
125.89,8.02726411487612,-0.294678170348061,0.152335099396801,-0.02830581
125.9,7.98919232538739,-0.290986075131777,0.149457268997223,-0.02630657
125.91,7.9112701833251,-0.290928558445628,0.146638332771453,-0.02435504
125.92,7.93886813056251,-0.270996381863469,0.143876979479885,-0.02245515
125.93,7.93121237989393,-0.25591874824695,0.141171925804708,-0.02061074
125.94,7.97517742630962,-0.246830938484946,0.138521932864877,-0.01882551
125.95,8.01659515140129,-0.248166810144314,0.135925727549886,-0.01710306
125.96,7.97021145055547,-0.246241494074212,0.133382152546141,-0.01544687
125.97,7.9930576766957,-0.243451314996413,0.130890034759732,-0.01386026
125.98,7.99698706815919,-0.2299810728431,0.12844823135132,-0.01234643
125.99,7.94481703754451,-0.235422812269108,0.126055630251709,-0.01090843
126,7.93968495922897,-0.234021637255474,0.123711147809716,-0.00954915
126.01,7.86429185050824,-0.231037906726455,0.121413727459256,-0.00827134
126.02,7.82909314676375,-0.220662565864027,0.119162339074853,-0.00707756
126.03,7.78936630784262,-0.211708383322226,0.11695597863266,-0.00597022
126.04,7.78805724912486,-0.202288472940923,0.114793667915407,-0.00495156
126.05,7.78460707015722,-0.195331595214268,0.112674454167428,-0.00402361
126.06,7.80584002132563,-0.192632682461328,0.110597410004528,-0.00318826
126.07,7.849688139405,-0.184784327134814,0.108561644565258,-0.00244717
126.08,7.84905305727324,-0.18056515976524,0.106566253025772,-0.00180186
126.09,7.86158979056751,-0.172761173970494,0.104610392720194,-0.0012536
126.1,7.86302185715862,-0.172303078675837,0.102693230637106,-0.00080352
126.11,7.83289114707307,-0.168515913776686,0.100813956064676,-0.00045251
126.12,7.84060356604222,-0.161982761228512,0.0989717800095092,-0.00020129
126.13,7.79943977591003,-0.154101173485205,0.0971658952071693,-0
126.14,7.72233689366654,-0.152888150069943,0.0953986910610837,-0.00381035
126.15,7.72046987898159,-0.15835161566283,0.0936745086788544,-0.01182532
126.16,7.66382029970024,-0.161552850769893,0.091996673863324,-0.02443296
126.17,7.66785702047816,-0.167158026687914,0.0903689888350108,-0.0416147
126.18,7.66237835097583,-0.159560192681413,0.0887959173634083,-0.06333996
126.19,7.61600768598834,-0.167283177684544,0.0872826025343858,-0.08956656
126.2,7.65309648853117,-0.159476687690462,0.0858346310860848,-0.12024145
126.21,7.68277579240265,-0.146949342648852,0.0844577085732845,-0.1553015
126.22,7.65301118065312,-0.132603877404939,0.0831574739306589,-0.19467454
126.23,7.61912774709201,-0.118713114766991,0.081936203830177,-0.23447009
126.24,7.55124807235822,-0.0933609755217159,0.0807942737093654,-0.27460138
126.25,7.57077818611527,-0.0903815569695008,0.0797332743769965,-0.31497634
126.26,7.63096110320961,-0.0771796577299287,0.0787541618841231,-0.35549906
126.27,7.56190292321151,-0.0718040507967292,0.0778567845663513,-0.39607128
126.28,7.52537588581243,-0.0714565925746048,0.0770400658069631,-0.436594
126.29,7.5352084693068,-0.0622828879062855,0.0763023287820157,-0.47696896
126.3,7.51484734863456,-0.047888749596382,0.0756415498860636,-0.51710025
126.31,7.52527586969511,-0.0597989858325295,0.0750555035774117,-0.5568958
126.32,7.47843828849145,-0.0550071245336387,0.0745418422302688,-0.59626883
126.33,7.41106510389337,-0.0528034970653961,0.0740980605684675,-0.63513924
126.34,7.44506678571041,-0.0451583628206956,0.073721536438026,-0.67343484
126.35,7.41959060361153,-0.0356811535542773,0.0734095238096535,-0.7110925
126.36,7.42765052053027,-0.0316675767261381,0.073159140891348,-0.74805916
126.37,7.43399383438778,-0.0343120889422444,0.0729673740298939,-0.78429267
126.38,7.4680969700884,-0.0177788606007891,0.0728310675581439,-0.81976242
126.39,7.44974366334984,-0.0026143483760528,0.0727468423866189,-0.85439952
126.4,7.3848449596025,0.00497102952529793,0.0727115450376689,-0.88874304
126.41,7.32818683348194,0.0100058697576647,0.0727217025025239,-0.92298587
126.42,7.32020420663164,0.0113373650280104,0.0727679348577819,-0.95712811
126.43,7.28191530928162,0.0132852295401798,0.0728304198134065,-0.99117006
126.44,7.27607411839647,0.0210975937424805,0.0728989707268616,-1.02511222
126.45,7.2514292865513,0.0300342360312344,0.0729700700539237,-1.05895531
126.46,7.19183161409641,0.0216439734567615,0.0730424817238309,-1.09270024
126.47,7.25188006824195,0.0235928815735193,0.0731155594832338,-1.1263481
126.48,7.25513790083068,0.0246735810674092,0.0731895160412023,-1.15990019
126.49,7.25591514754307,0.0182673317444548,0.0732643148813237,-1.19335801
126.5,7.22490226652243,0.0173194721505564,0.0733397328374748,-1.22672324
126.51,7.20342934631549,0.00804017901335081,0.0734158816987023,-1.25999775
126.52,7.16544957817427,0.00140440219148,0.0734926353992037,-1.29318359
126.53,7.18461495751687,0.00561465471509442,0.0735699798902804,-1.32628299
126.54,7.17463616858453,0.00578381907944795,0.0736479316444675,-1.35929835
126.55,7.14976091343319,0.00762297480340523,0.0737264925863667,-1.39223225
126.56,7.15068602509245,0.0191992261240904,0.0738056570323258,-1.42508742
126.57,7.16298921614218,0.0216263579657693,0.0738853200716506,-1.45786677
126.58,7.09282595831803,0.0248142263384936,0.0739655801674425,-1.49057333
126.59,7.07322992749078,0.0292687520568082,0.0740463786941562,-1.52321031
126.6,7.04613446017584,0.0306018478702113,0.074127835709609,-1.55578104
126.61,6.97821843813354,0.0303157824571635,0.0742099148094261,-1.58828899
126.62,6.91201684855499,0.0236425213648766,0.0742925946227349,-1.62073775
126.63,6.88341287842166,0.0238364324482543,0.0743758693842757,-1.65313104
126.64,6.83826027673471,0.0278749774613667,0.074459737132497,-1.68547269
126.65,6.90307529959957,0.0312102127644363,0.0745441980120801,-1.71776662
126.66,6.85728115058024,0.0313715568055545,0.0746292530978173,-1.75001686
126.67,6.86866078012658,0.0215170594242385,0.0747149041401296,-1.78222752
126.68,6.86277295957811,0.0171685304251962,0.0748011534356121,-1.81440281
126.69,6.88818184768135,0.0166139112865697,0.0748880037443321,-1.84654698
126.7,6.82839041703522,0.0110493598506729,0.0749755717214736,-1.87866436
126.71,6.79667829097251,0.00548056960780303,0.075063696086321,-1.91075933
126.72,6.71958843004853,-2.31200004174111e-05,0.0751488479464855,-1.93902597
126.73,6.72199075165059,-0.00969324961972504,0.0752264539735,-1.96346874
126.74,6.65720987046564,-0.00715981201399102,0.0752913368454976,-1.98028178
126.75,6.65987966956683,-0.000953196360869752,0.0753379562957287,-1.9894696
126.76,6.61146498562524,0.00433063515202602,0.0753646123314642,-1.99103671
126.77,6.60671183077067,0.000928970793744016,0.0753705775054217,-1.98498764
126.78,6.61799211499783,0.00423773201422934,0.0753556224501301,-1.97132688
126.79,6.66444061887448,0.00243890027678059,0.0753196138050249,-1.95005893
126.8,6.74186520677398,0.00307614289695494,0.075262459421305,-1.92118826
126.81,6.81928718064319,0.0074857106029486,0.075187666079293,-1.88852964
126.82,6.806728640279,0.00204267164122957,0.0750998724211316,-1.85208746
126.83,6.86958129727508,-0.00291691211103902,0.0750042224047548,-1.81567639
126.84,6.93514056860966,-0.00756956726279791,0.0749057094855542,-1.77930071
126.85,7.03162578333161,-0.0112904456741031,0.0748062033639598,-1.7429646
126.86,7.05298914298428,-0.00995893400925909,0.0747063574700926,-1.70667217
126.87,7.0199328419993,-0.0036886359135471,0.0746063459472107,-1.67042747
126.88,7.04110013517328,-0.00891262136095426,0.074506265962667,-1.63423441
126.89,7.1159140254923,-0.0157143812694545,0.0744059953705718,-1.59809682
126.9,7.12333449196612,-0.0154518215204484,0.0743057657264015,-1.56201841
126.91,7.1787606998804,-0.0124137794297796,0.0742055507520057,-1.52600279
126.92,7.17514018475052,-0.0108225039297061,0.0741053666242708,-1.49005342
126.93,7.19038673928174,-0.0147148572918254,0.0740051992519965,-1.45417363
126.94,7.26022159726528,-0.0266224854027654,0.073905055422672,-1.41836663
126.95,7.27367570351471,-0.0239845078555721,0.0738049374111512,-1.38263545
126.96,7.31424752376089,-0.0188987774483819,0.07370484951763,-1.346983
126.97,7.36578775270285,-0.0185650814575093,0.0736047956492803,-1.31141201
126.98,7.37676804297861,-0.0171955624058146,0.0735047661792073,-1.27592506
126.99,7.40065837066432,-0.0212235993599887,0.0734034496913715,-1.24052455
127,7.48472651911705,-0.0134048187159447,0.073291781043732,-1.2052127
127.01,7.49475340051687,-0.0168773763867955,0.0731528812297206,-1.16999158
127.02,7.56868347258668,-0.0348128110100948,0.072970280304044,-1.13486305
127.03,7.57142382521751,-0.037645111529548,0.0727325698880239,-1.0998288
127.04,7.62529430340714,-0.0462257132510143,0.0724339860708003,-1.0648903
127.05,7.65100638312412,-0.0517466243502764,0.0720731158442028,-1.03004887
127.06,7.66605119326176,-0.0488319150948452,0.0716512658120472,-0.99530561
127.07,7.64764755588207,-0.064337204199836,0.0711711534223863,-0.96066143
127.08,7.647742660434,-0.0600062599274647,0.0706360584627247,-0.92611703
127.09,7.56978591375038,-0.0540881658759128,0.0700492775820437,-0.89162257
127.1,7.58445546435093,-0.0576124336496928,0.0694140624391162,-0.85732939
127.11,7.58425951944264,-0.0607171251621108,0.0687335970000282,-0.82343048
127.12,7.58577237806035,-0.0654082818881362,0.068011301354775,-0.79031388
127.13,7.62120570931077,-0.0765885924734069,0.0672503888131031,-0.75796104
127.14,7.62263182081235,-0.0789539249885057,0.0664537455377088,-0.72634136
127.15,7.63006356666279,-0.0830745008242438,0.0656241668228894,-0.69541266
127.16,7.64292213508889,-0.0803892102234825,0.0647643811081447,-0.66512191
127.17,7.62116115199986,-0.0897608395775242,0.0638769712445245,-0.63540596
127.18,7.61994822355349,-0.0916862690389053,0.062964339446361,-0.60619265
127.19,7.66420425543513,-0.0940610119191426,0.0620286531244314,-0.57740185
127.2,7.61316848679051,-0.0934660714958116,0.0610718236119405,-0.54894679
127.21,7.61438675574425,-0.0895471039392969,0.0600955002889882,-0.52073539
127.22,7.64209977548261,-0.101083278469296,0.0591010743618025,-0.49267176
127.23,7.70093702185481,-0.105300280296153,0.0580897119913273,-0.46465763
127.24,7.69888133559486,-0.107880503148014,0.0570623078387249,-0.436594
127.25,7.69446125761,-0.114910624059998,0.0560195305251419,-0.40838261
127.26,7.67898643159571,-0.111372991392671,0.0549618719247082,-0.37992755
127.27,7.71503548651167,-0.114023265123147,0.0538896022663359,-0.35113675
127.28,7.74663581579449,-0.119410139063345,0.0528028126669017,-0.32192343
127.29,7.73651111043394,-0.117968647049195,0.0517014283076771,-0.29220749
127.3,7.70927894962192,-0.120806373540422,0.05058522671842,-0.26191673
127.31,7.74777816256855,-0.11392348972139,0.0494538573653337,-0.23098804
127.32,7.77036193907132,-0.110184225175934,0.0483068624318488,-0.19936835
127.33,7.75248018388743,-0.109496261432442,0.0471436981503756,-0.16701551
127.34,7.74051704332189,-0.11536859200707,0.0459637570143576,-0.13389891
127.35,7.70665594255321,-0.11489706762434,0.0447663410101926,-0.09994161
127.36,7.66477387120959,-0.107674912858914,0.0435801049143927,-0.1
127.37,7.67623988002746,-0.106639494825893,0.0424200720784151,-0.09994161
127.38,7.6786027971529,-0.112218723779681,0.0412730583515857,-0.09976658
127.39,7.70434669495273,-0.110375153003326,0.040142914092123,-0.09947532
127.4,7.69949471513097,-0.113345536382972,0.039037363965762,-0.09906851
127.41,7.66848849875268,-0.114105529472652,0.037962118131621,-0.09854709
127.42,7.69869594945537,-0.112834801240621,0.0369198488398932,-0.09791229
127.43,7.70287976994816,-0.114477859067608,0.0359108495561958,-0.09716559
127.44,7.70217754315687,-0.11112995050262,0.0349340489166404,-0.09630873
127.45,7.72557005035553,-0.105538625920199,0.033987874144185,-0.09534372
127.46,7.67249612218542,-0.106958886514975,0.0330706802392926,-0.0942728
127.47,7.62022041635104,-0.110470913473321,0.0321809564913235,-0.09309848
127.48,7.63759814205964,-0.0998553008938816,0.0313172795491844,-0.09182351
127.49,7.62008930809709,-0.0925967801556866,0.0304783964096183,-0.09045085
127.5,7.61899761647011,-0.0855622836428863,0.0296631545080814,-0.08898372
127.51,7.58439995711658,-0.0873990226332393,0.0288704352515768,-0.08742554
127.52,7.5348071297166,-0.0875506312723712,0.028099178439287,-0.08577995
127.53,7.52759103925421,-0.0744896518776232,0.0273483892324391,-0.08405079
127.54,7.52307479754501,-0.0654221420233089,0.0266171010251174,-0.08224211
127.55,7.52628482538876,-0.0620203309996563,0.0259043884600526,-0.08035813
127.56,7.48806967099837,-0.0561933170791468,0.025209367918131,-0.07840324
127.57,7.49052044013776,-0.058999365905972,0.0245311977344581,-0.07638201
127.58,7.51486183816072,-0.0497734933445644,0.0238690777963971,-0.07429917
127.59,7.4897315412718,-0.0497580327232006,0.0232222488391222,-0.07215958
127.6,7.48731717938228,-0.0599417151025147,0.0225899915377624,-0.06996823
127.61,7.52036629783952,-0.060532761477649,0.0219716254458783,-0.06773024
127.62,7.51590366881941,-0.0681021268608203,0.0213665078881205,-0.06545085
127.63,7.55234664713295,-0.0711015848932055,0.0207740329335458,-0.06313537
127.64,7.54693467347002,-0.0743308279712094,0.0201936301962492,-0.06078921
127.65,7.50691335073265,-0.0800383279296155,0.0196247638025329,-0.05841785
127.66,7.49876489199371,-0.0781700794661759,0.019066931194534,-0.05602683
127.67,7.48371378157474,-0.0669078477947335,0.0185196620759573,-0.05362174
127.68,7.47380225741537,-0.0663809101296489,0.017982517232468,-0.05120819
127.69,7.4518098179206,-0.0618555955893324,0.0174550874146646,-0.04879181
127.7,7.41249313203884,-0.0622836054545427,0.0169369922134111,-0.04637826
127.71,7.42197605146764,-0.0562016155225776,0.0164278789590128,-0.04397317
127.72,7.45736779646917,-0.0493578957768442,0.0159274215242838,-0.04158215
127.73,7.50060864611099,-0.0435368821538622,0.0154353192769939,-0.03921079
127.74,7.49412987169825,-0.0434882943278451,0.0149512959810919,-0.03686463
127.75,7.53336392422836,-0.0454141796876602,0.0144750986521144,-0.03454915
127.76,7.49553432738083,-0.0483003147878107,0.014006496524533,-0.03226976
127.77,7.54610119832465,-0.0477741059625503,0.013545279938077,-0.03003177
127.78,7.51167490003263,-0.051456547093055,0.0130912593380559,-0.02784042
127.79,7.48057973952235,-0.045908737892197,0.0126442642101102,-0.02570083
127.8,7.48808263174562,-0.0434739459947135,0.0122041420794105,-0.02361799
127.81,7.50590970952096,-0.0416680994167148,0.0117707574342388,-0.02159676
127.82,7.49111384410453,-0.0398602550724917,0.011343990857435,-0.01964187
127.83,7.53522208503631,-0.0370413932420281,0.0109237429329829,-0.01775789
127.84,7.49971461445744,-0.0427039212585482,0.0105099184304181,-0.01594921
127.85,7.498534829646,-0.0259662942618755,0.0101024403086472,-0.01422005
127.86,7.50859525599452,-0.0350463278493412,0.00970124379828233,-0.01257446
127.87,7.50663657063804,-0.0470939513689359,0.00930627553207561,-0.01101628
127.88,7.50927838369734,-0.0549123977389601,0.0089174926643071,-0.00954915
127.89,7.48737331421313,-0.0532519209831393,0.00853486197844543,-0.00817649
127.9,7.44956681424681,-0.0459640589075891,0.00815835911475378,-0.00690152
127.91,7.47729360256779,-0.0384379560362005,0.00778796772148733,-0.0057272
127.92,7.4858725657223,-0.0341075180322,0.00742367865754788,-0.00465628
127.93,7.49828752003597,-0.0328372574545125,0.00706550418710814,-0.00369127
127.94,7.47628051292257,-0.0259051504771305,0.00671342915961978,-0.00283441
127.95,7.46268835089852,-0.0219116803092674,0.0063674686783415,-0.00208771
127.96,7.400495187191,-0.0195429944594973,0.00602763649480891,-0.00145291
127.97,7.47331441432,-0.0245524162033373,0.00569394765900904,-0.00093149
127.98,7.47782006790495,-0.0312518139530423,0.00536641964683795,-0.00052468
127.99,7.47251485825899,-0.0451318115007379,0.00504507234892345,-0.00023342
128,7.45069808469531,-0.0447546436142018,0.00472987435128992,-0
128.01,7.45614968641673,-0.0427872476683018,0.00442093204441029,-0
128.02,7.44318784648377,-0.035699494214319,0.00411859547108918,-0.00039426
128.03,7.47675420561705,-0.0381723419112752,0.00382355721531884,-0.00157084
128.04,7.43533642778661,-0.0358588143084195,0.00353660212647645,-0.00351118
128.05,7.40832914739139,-0.0417797059569035,0.00325838538887401,-0.00618467
128.06,7.42176291947546,-0.0443680843781932,0.00298965177530869,-0.00954915
128.07,7.46620145562259,-0.0386496338497346,0.00273123314077504,-0.01355157
128.08,7.44053536239304,-0.0413605795405531,0.00248397551108643,-0.0181288
128.09,7.48908677957597,-0.0438042609696666,0.00224865867210997,-0.02320866
128.1,7.54127683614887,-0.0353884636827322,0.00202593868546653,-0.02871104
128.11,7.52874457341083,-0.0272871094702216,0.00181631618667877,-0.03454915
128.12,7.56391619884559,-0.0113748214176983,0.00162011337507961,-0.04063093
128.13,7.5788821435484,-0.00462396745408544,0.00143746613165825,-0.04686047
128.14,7.5525693226455,-0.00547104550017537,0.00126832095584377,-0.05313953
128.15,7.55825707656799,0.000335612290751798,0.00111243577743395,-0.05936907
128.16,7.53673375442059,-0.00350057012392712,0.000969386561163632,-0.06545085
128.17,7.48187873086808,0.0016305264172192,0.000838591421577186,-0.07128896
128.18,7.4669364427921,-0.0117995441685431,0.000719243671693643,-0.07679134
128.19,7.4582165751871,-0.0118209461279603,0.000610418055807142,-0.0818712
128.2,7.47510023952452,-0.0123808898450174,0.000511055388995433,-0.08644843
128.21,7.4351389292714,-0.00693014677440383,0.000419978645625582,-0.09045085
128.22,7.43141415237494,-0.00663567575399338,0.000335905574071109,-0.09381533
128.23,7.42143431554119,-0.00247053140998663,0.000257469061850528,-0.09648882
128.24,7.44789461037929,-0.012009872131676,0.000183272680891494,-0.09842916
128.25,7.47710857411893,-0.00687798934325704,0.000111893066852236,-0.09960574
128.26,7.45646713686719,-0.0106262529223716,4.18707500863293e-05,-0.09995729
128.27,7.44841740181602,-0.0169532083457187,-2.77652562875198e-05,-0.1
128.28,7.48318893434503,-0.0218100898850406,-9.74930255255961e-05,-0.09995729
128.29,7.47440899913545,-0.0152038799652545,-0.000167898315219267,-0.09982922
128.3,7.49319185120741,-0.0150057460037493,-0.000239550223974707,-0.09961603
128.31,7.41909443415008,-0.0192635630002511,-0.000312821912770288,-0.09931807
128.32,7.39455334370005,-0.0203047552149043,-0.000387906385869777,-0.09893584
128.33,7.36776630476694,-0.0143492917153339,-0.000464882405200031,-0.09847001
128.34,7.33478585128662,-0.00407390608537593,-0.000543770190542702,-0.09792137
128.35,7.344067085471,-0.00437640897262565,-0.000624568209126654,-0.09729086
128.36,7.36045870680885,-0.00144308988253855,-0.000707270161556067,-0.09657955
128.37,7.35621878765011,-0.00587451197116619,-0.000791871368214635,-0.09578867
128.38,7.43254169269238,0.0049976564571412,-0.000878369853021645,-0.09491955
128.39,7.46673920300227,0.00480889141075015,-0.00096676548275164,-0.09397369
128.4,7.50870873131457,-0.00282455546968192,-0.00105705873736196,-0.0929527
128.41,7.48272530662549,-0.00951373625778698,-0.00114924974681817,-0.09185832
128.42,7.46088480085603,-0.00642037671563869,-0.00124333758953026,-0.09069244
128.43,7.42949724557908,-0.00365748119381096,-0.00133931988019514,-0.08945703
128.44,7.44772082438382,0.00272586860798073,-0.00143719250213363,-0.0881542
128.45,7.42470112477527,-0.00415198579347315,-0.00153694933264516,-0.0867862
128.46,7.40461666040016,-0.000925950015998386,-0.00163858212328506,-0.08535534
128.47,7.36319067304897,-0.00106581785665455,-0.00174208032687205,-0.08386408
128.48,7.36854074695236,0.00093820363812665,-0.00184743058260531,-0.08231496
128.49,7.36633438834732,-0.00595982380476431,-0.00195461764394327,-0.08071064
128.5,7.41031071489219,-0.0210213038856767,-0.00206362319344666,-0.07905384
128.51,7.36953732360736,-0.0217080507138684,-0.00217442607747392,-0.07734741
128.52,7.38197547046786,-0.0219956228095101,-0.00228700220578341,-0.07559425
128.53,7.3691192476083,-0.023396067170876,-0.00240132446603862,-0.07379737
128.54,7.38337391658594,-0.0127284546827649,-0.0025173626486026,-0.07195983
128.55,7.39777752364222,-0.00819797412587993,-0.00263508339433956,-0.07008477
128.56,7.40876827874896,-0.00125225932181129,-0.00275445013943142,-0.0681754
128.57,7.37159256132975,-0.000840196697884918,-0.00287542308716107,-0.06623497
128.58,7.37349385126594,-0.00460068162886283,-0.00299795917894683,-0.06426681
128.59,7.34978925267906,-0.00308168632040652,-0.00312201209313252,-0.06227427
128.6,7.35806090925287,-0.002558986405513,-0.00324753223623153,-0.06026077
128.61,7.38329878561029,-0.0130601207781618,-0.00337446677901774,-0.05822973
128.62,7.39444624664804,-0.0211866135160561,-0.00350275966593081,-0.05618463
128.63,7.43440350739909,-0.0203176538356674,-0.00363235164236282,-0.05412897
128.64,7.42982686831187,-0.0117903103337023,-0.00376318031547584,-0.05206625
128.65,7.42331497487237,-0.00996530107403524,-0.00389518021976594,-0.05
128.66,7.44658627612255,-0.00679538852402503,-0.00402828295927501,-0.04793375
128.67,7.46860410297851,-0.00369975976979825,-0.00416241698654363,-0.04587103
128.68,7.4896238054044,-0.000224873158411908,-0.00429750798678046,-0.04381537
128.69,7.46151344912846,0.00219974441263396,-0.00443347890496262,-0.04177027
128.7,7.42614678941378,-0.0107999427298676,-0.00456538937308822,-0.04493749
128.71,7.4741876800013,-0.0117159859400995,-0.00468611534841346,-0.0533205
128.72,7.52144542461391,-0.0131856527767071,-0.00479101788874726,-0.06692273
128.73,7.53906097998983,-0.00795452282173154,-0.00487402101890653,-0.08574759
128.74,7.54919805024479,-0.00365275248865606,-0.00492813730510432,-0.10979845
128.75,7.45083859549206,0.00164819817209665,-0.0049453205525017,-0.13907862
128.76,7.47410422173023,0.0109446258867696,-0.00491785167414791,-0.17359136
128.77,7.4673464083995,0.0275760511625724,-0.004842738384857,-0.21333987
128.78,7.41289324444129,0.0235514039570378,-0.00473502195934856,-0.25832729
128.79,7.35566719607415,0.0319564243625917,-0.00461078859191491,-0.30335845
128.8,7.31139834745522,0.0264615488721718,-0.00448024914596308,-0.34843632
128.81,7.2221253686982,0.0237083050181285,-0.00434722167277798,-0.39356384
128.82,7.2201711636807,0.0189702139820522,-0.00421271786904996,-0.43874382
128.83,7.21035802704905,0.0183102152524453,-0.0040772209571779,-0.48397902
128.84,7.13871600658499,0.021156257892887,-0.00394092636980205,-0.52927206
128.85,7.13027525065196,0.0262824658905685,-0.00380389481769975,-0.57462552
128.86,7.08040263620153,0.0203045278075261,-0.00366614394119122,-0.62004182
128.87,7.02635593118665,0.0164863454023253,-0.00352767644534905,-0.66552331
128.88,6.99873274986363,0.0224417432095794,-0.00338848996577883,-0.7110722
128.89,6.91882271415968,0.0214598701277882,-0.00324858051357902,-0.75669063
128.9,6.83242632444183,0.0155847608542565,-0.00310794372019442,-0.80238056
128.91,6.7692675528175,0.00634371387253678,-0.00296657526712961,-0.84814388
128.92,6.68592846564198,0.00600734055208992,-0.00282447102452738,-0.89398233
128.93,6.66954914091879,0.0112029107240061,-0.00268162713913329,-0.93989752
128.94,6.61996656840893,0.0219946096479285,-0.00253804005078135,-0.98589094
128.95,6.59651286094863,0.0210334139684931,-0.00239370650659423,-1.03196394
128.96,6.6039489147319,0.0279780791854229,-0.00224862357453565,-1.07811774
128.97,6.5296181275443,0.0410356120691335,-0.00210278865393345,-1.12435341
128.98,6.5385763466936,0.0428482704656831,-0.00195619949308331,-1.17067189
128.99,6.48039937136214,0.0461243679130341,-0.00180885417499658,-1.21707398
129,6.40566626052706,0.0386818414596263,-0.00166062242957855,-1.26356032
129.01,6.34305559847653,0.0324805367183327,-0.00151171738338762,-1.31013144
129.02,6.30871405649091,0.0228897613011003,-0.00136210741234131,-1.35674497
129.03,6.20925873093582,0.0275101816402599,-0.00121171570812442,-1.40352928
129.04,6.20420736198826,0.0183228325881878,-0.0010601528903573,-1.45070786
129.05,6.09098923857381,0.0213152737486814,-0.000906804154730212,-1.49866874
129.06,6.06870424753348,0.0236664823988021,-0.000751087606987867,-1.54739338
129.07,6.01223004486028,0.0277230545439263,-0.00059283313724315,-1.59685118
129.08,6.01462043269366,0.0344106041138827,-0.000432042350909915,-1.64699998
129.09,5.94380472313155,0.038812415908196,-0.000268761676001291,-1.69778671
129.1,5.96475273640946,0.0322095453657828,-0.000103175371243699,-1.74914825
129.11,5.93553702516291,0.0302343835909326,6.4562319115502e-05,-1.80101242
129.12,5.9430402726328,0.0315276767346715,0.000234261902597822,-1.8532991
129.13,5.90496602957066,0.0225040543179424,0.00040570769010943,-1.90592152
129.14,5.8435698771215,0.0255511753752092,0.00057866335174884,-1.95878762
129.15,5.73835796342899,0.0159928696746524,0.000752876357724067,-2.01180147
129.16,5.71202548633573,0.00947594266813111,0.000928082213354246,-2.06486483
129.17,5.6579208867899,0.0150513662983221,0.00110400871354041,-2.11787868
129.18,5.61154634628574,0.0164254404005682,0.00128038024677815,-2.17074477
129.19,5.50242982465378,0.0101047017772951,0.00145692213996217,-2.2233672
129.2,5.49771604559238,0.0115579454160872,0.00163336495113447,-2.27565388
129.21,5.45062830763431,0.00560629553823031,0.00180941252390726,-2.32751805
129.22,5.46494697725668,0.0133080291322583,0.00198487205047997,-2.37887959
129.23,5.43663717336006,0.0192970537612395,0.00215950343319105,-2.42966632
129.24,5.48100269804983,0.0402726521820215,0.00233309481403714,-2.47981511
129.25,5.65989618661045,0.0889623229965502,0.00250541755062436,-2.52927291
129.26,6.10410287823497,0.175745857071091,0,-2.57799755
129.27,6.57394849900285,0.277550630080631,0.00120856579895723,-2.62595844
129.28,7.25931000898538,0.404545322224773,0.0043272134793924,-2.6730852
129.29,8.01833400604542,0.530959516742429,0.00937487265746532,-2.71992132
129.3,8.89867820936504,0.676110617086782,0.0160535799441941,-2.76665382
129.31,9.85236001698242,0.804826276862818,0.0240548435090123,-2.81328278
129.32,10.8339537606949,0.926774064903883,0.0331417123792623,-2.85980855
129.33,11.683153994057,1.01734031299329,0.0431622852501869,-2.90623165
129.34,12.5285780131445,1.10170922413966,0.0540233156559671,-2.95255283
129.35,13.2992947000994,1.17480872096046,0.0656637681958773,-2.99877304
129.36,14.0049115699197,1.23584419465606,0.0780370817539672,-3.04489347
129.37,14.6169029112567,1.2761304101155,0.0910254099009265,-3.09091549
129.38,15.1095723015,1.30069960566254,0.104355730598937,-3.13684067
129.39,15.4098745720097,1.30744901834144,0.117776906889437,-3.1826708
129.4,15.6704258902955,1.31394621192248,0.131139407241131,-3.22840786
129.41,15.8849550135069,1.31361689820872,0.144376239889634,-3.27405401
129.42,16.0004393987894,1.30056453711549,0.157467521091073,-3.31961161
129.43,16.0781242414458,1.27935179731403,0.170414321221703,-3.36508321
129.44,16.1907031416034,1.27575977187416,0.183222936018092,-3.41047153
129.45,16.2045565091707,1.26874291345163,0.195899448301167,-3.45577946
129.46,16.3355609571409,1.26649246207923,0.208447784693797,-3.50101006
129.47,16.4425244571816,1.2493193950549,0.22087017747341,-3.54616655
129.48,16.4949706991171,1.22813351696567,0.233167978115651,-3.59125231
129.49,16.6477392686081,1.212529040078,0.245342182816859,-3.63627085
129.5,16.763688773291,1.20955585526514,0.257393708600387,-3.68122584
129.51,16.821990196514,1.19438704017703,0.269323506982897,-3.72612106
129.52,17.0020524130712,1.17942995776668,0.281132610084378,-3.77096044
129.53,17.0598145606453,1.16029327032516,0.292822050507651,-3.815748
129.54,17.1614639035596,1.15115849932272,0.304392903228378,-3.86048788
129.55,17.2473820713422,1.14359806289455,0.315846220262645,-3.90518433
129.56,17.3512630384717,1.13065653517166,0.327180842031825,-3.9446434
129.57,17.4385865030728,1.11542172246418,0.3383934139627,-3.97886951
129.58,17.5271372969053,1.09939535891529,0.349481311549512,-4.00786715
129.59,17.6072039428298,1.09042512822911,0.360442668350328,-4.03164084
129.6,17.697712113568,1.08155654649008,0.371275359811166,-4.05019519
129.61,17.7971472169409,1.06620054534839,0.381977135242789,-4.06353484
129.62,17.8847764315129,1.04868180048907,0.392545614369502,-4.07166447
129.63,17.9607675015402,1.02991321901985,0.402978342892508,-4.07458876
129.64,18.0612250208099,1.01630520536948,0.413264561433066,-4.05443044
129.65,18.1674386243198,1.00864414087023,0.423388381618781,-4.01639248
129.66,18.2583312963085,0.986723688071056,0.433339482866222,-3.96047958
129.67,18.3677372269721,0.956819420219307,0.443107456801498,-3.88669645
129.68,18.4658552156904,0.94191432346423,0.452681224892718,-3.79504776
129.69,18.5673803298425,0.921967998183357,0.462049094367191,-3.68553816
129.7,18.6639233114003,0.897788604609062,0.471198958721913,-3.55817223
129.71,18.8021296708212,0.876320324464898,0.480118148889655,-3.41295453
129.72,18.925017228482,0.84555322877372,0.488793492408441,-3.24988952
129.73,19.0922182817676,0.823065338445011,0.497220772485772,-3.08686363
129.74,19.230779954884,0.805833628447914,0.505403427417929,-2.92388118
129.75,19.3725910027267,0.779332778349452,0.513340683646845,-2.76094641
129.76,19.48682828871,0.757093045106942,0.521030510010164,-2.59806346
129.77,19.6245890673423,0.736562057452165,0.528471164654527,-2.43523635
129.78,19.7414201025533,0.705535929833818,0.535661580984641,-2.272469
129.79,19.8769848586541,0.676866336369626,0.542601220466537,-2.10976521
129.8,19.9476092451334,0.65183455833035,0.54928965828305,-1.94712863
129.81,20.0693417120974,0.633828591477464,0.555726614629079,-1.78456279
129.82,20.1805906422786,0.61063552317467,0.561911983014985,-1.62207106
129.83,20.3605866152984,0.581395612517406,0.567845347848705,-1.45965665
129.84,20.4477359728918,0.555228327304827,0.573526254671993,-1.29732264
129.85,20.5683341939972,0.539131158522516,0.578954250011025,-1.1350719
129.86,20.6699031245464,0.519505131736086,0.584128857514434,-0.97290717
129.87,20.783870200426,0.493220445376952,0.589049582000258,-0.81083099
129.88,20.7377490435845,0.414947360922559,0.593715888305186,-0.64884571
129.89,20.2265100038927,0.24519836736531,0.598139276594909,-0.50483551
129.9,19.3706564327951,0.0428457417060681,0.60234033083419,-0.37880236
129.91,18.2770429964199,-0.182949932479765,0.605525572996766,-0.27074806
129.92,17.0696764206417,-0.422205780949127,0.602113916159981,-0.18067416
129.93,15.8140441053312,-0.658655286378012,0.593896875466207,-0.10858206
129.94,14.5022584802116,-0.86986491452668,0.583383803252686,-0.05447292
129.95,13.3424104540338,-1.03364744102925,0.571958785186529,-0.01834771
129.96,12.6293753824097,-1.09364371894831,0.5603529907508,-0.00020716
129.97,12.2249222859379,-1.10706571904414,0.54890319636296,-0
129.98,11.965432626585,-1.09426871258622,0.53771821014118,-0
129.99,11.7484311879401,-1.07304475081646,0.526798159651256,-0.00039426
130,11.5843927973282,-1.04936162953924,0.516115288626054,-0.00157084
130.01,11.5114660458434,-1.03793223644683,0.505643475900319,-0.00351118
130.02,11.4433574733756,-1.01542967835053,0.495366967306768,-0.00618467
130.03,11.2703613927922,-0.994414284683679,0.485278756795541,-0.00954915
130.04,11.1504387116233,-0.98279319203993,0.47537616216364,-0.01355157
130.05,11.0713320637346,-0.963986547255569,0.465657765488034,-0.0181288
130.06,11.0137728297275,-0.946055908639414,0.456122962002173,-0.02320866
130.07,10.9379176339129,-0.923322676918691,0.446770276616239,-0.02871104
130.08,10.792929857473,-0.897110630189812,0.43759786692682,-0.03454915
130.09,10.7220692606789,-0.87728903636451,0.428603574372544,-0.04063093
130.1,10.6499594267802,-0.865665743858494,0.419785136967453,-0.04686047
130.11,10.4991456491201,-0.841171772230297,0.411140228482309,-0.05313953
130.12,10.417409438516,-0.82951087209091,0.402666482762036,-0.05936907
130.13,10.3362293225369,-0.817816604211528,0.394361493126101,-0.06545085
130.14,10.286974382839,-0.802293296279347,0.386222805179014,-0.07128896
130.15,10.2261879315455,-0.787316041863821,0.378247909213956,-0.07679134
130.16,10.0668161628956,-0.776852454850554,0.37043418776578,-0.0818712
130.17,9.95755256256455,-0.766520416481592,0.362779042701791,-0.08644843
130.18,9.89409846448218,-0.753048161349455,0.355279756011422,-0.09045085
130.19,9.78797247500337,-0.735986089044862,0.347933588214579,-0.09381533
130.2,9.66856278693173,-0.716260018798673,0.340737742524216,-0.09648882
130.21,9.54863307404413,-0.698587592722583,0.333689496003464,-0.09842916
130.22,9.46331573553252,-0.684980719561971,0.326785858540596,-0.09960574
130.23,9.33979843505758,-0.678998515801865,0.320023957869282,-0.09995729
130.24,9.32081635353367,-0.654280392123437,0.31340113468156,-0.1
130.25,9.27570073215744,-0.640303816538775,0.306915127351745,-0.09995729
130.26,9.23453906939776,-0.634394662032581,0.30056372074141,-0.09982922
130.27,9.20493638816705,-0.623304643581518,0.294344522531708,-0.09961603
130.28,9.13171001043895,-0.610215709538292,0.288255136086412,-0.09931807
130.29,9.08993113277454,-0.600789354515302,0.28229334390846,-0.09893584
130.3,9.1189028569022,-0.580627856413426,0.276456861779947,-0.09847001
130.31,9.03805341354592,-0.578559930906694,0.270743453852201,-0.09792137
130.32,8.99346549760672,-0.567333883881988,0.265150959760815,-0.09729086
130.33,8.92802087847673,-0.548721784146734,0.259677197501932,-0.09657955
130.34,8.86092170785495,-0.535004397774646,0.254319996539617,-0.09578867
130.35,8.86385640511193,-0.529180624990027,0.24907720101562,-0.09491955
130.36,8.76695234801237,-0.518413710890757,0.243946665290866,-0.09397369
130.37,8.71866102759313,-0.499610078267799,0.238926255943739,-0.0929527
130.38,8.68134295992103,-0.482151273260476,0.234013860797255,-0.09185832
130.39,8.61482244940853,-0.47898357229731,0.229207404268655,-0.09069244
130.4,8.58170898247344,-0.47178375530325,0.224504819695019,-0.08945703
130.41,8.53907200059753,-0.45662309918212,0.219903986659018,-0.0881542
130.42,8.43964171352403,-0.43853093855801,0.215402877491089,-0.0867862
130.43,8.42205280780009,-0.426408067630341,0.21099947582569,-0.08535534
130.44,8.3807255616771,-0.426438437152547,0.206691778465477,-0.08386408
130.45,8.31947459742379,-0.418321242289749,0.202477799608679,-0.08231496
130.46,8.32226147897478,-0.404978722958918,0.198355574260031,-0.08071064
130.47,8.30013489918179,-0.38724272694762,0.194323158865538,-0.07905384
130.48,8.27577459579123,-0.378420057480813,0.190378634970755,-0.07734741
130.49,8.25710557349141,-0.375039306764746,0.186520105663799,-0.07559425
130.5,8.25298087181745,-0.368014099586741,0.182745698139932,-0.07379737
130.51,8.21380772863236,-0.361802342164782,0.179053564057618,-0.07195983
130.52,8.24383586231058,-0.358296204105223,0.175441879475984,-0.07008477
130.53,8.17284280306926,-0.354965569658288,0.171908845881488,-0.0681754
130.54,8.13603202084358,-0.356903801585306,0.168452688632278,-0.06623497
130.55,8.10865253426641,-0.352335232324713,0.165071664656065,-0.06426681
130.56,8.06463628359792,-0.34454587934037,0.161764051584269,-0.06227427
130.57,8.04309235151879,-0.338670214775282,0.158528159477679,-0.06026077
130.58,8.01876741027041,-0.321915782374962,0.15536232347724,-0.05822973
130.59,7.95945676997153,-0.307645749627015,0.152264884889985,-0.05618463
130.6,7.98345598714388,-0.2922634448429,0.149234286747403,-0.05412897
130.61,7.96464222928456,-0.278363242697903,0.146268930609388,-0.05206625
130.62,7.9800500628841,-0.277463485246915,0.143367234201588,-0.05
130.63,7.98341871834853,-0.280445984788056,0.14052770497636,-0.04793375
130.64,7.98221018245253,-0.271071935632447,0.137748855657739,-0.04587103
130.65,7.94501832158266,-0.270048457884455,0.135029229491807,-0.04381537
130.66,7.9720759525414,-0.266272304930102,0.132367399385432,-0.04177027
130.67,7.91278066961458,-0.264182802955015,0.129761968104404,-0.03973923
130.68,7.92659937550455,-0.266087704282555,0.127211568623639,-0.03772573
130.69,7.88236332456904,-0.264843156721568,0.124714864301542,-0.03573319
130.7,7.9259685336968,-0.244870912135005,0.122270549500596,-0.03376503
130.71,7.87679628895608,-0.242327395482978,0.119877349625392,-0.0318246
130.72,7.88754908470986,-0.232321047753772,0.117534019236871,-0.02991523
130.73,7.88252235711588,-0.237087181817059,0.115239344769578,-0.02804017
130.74,7.91096286360798,-0.235320461667455,0.112992142905152,-0.02620263
130.75,7.9227388132535,-0.228363124117937,0.11079126009927,-0.02440575
130.76,7.91824555768108,-0.222724511245047,0.108635591397296,-0.02265259
130.77,7.89617382913286,-0.218119551876089,0.106524006037277,-0.02094616
130.78,7.90153809498409,-0.208546401433354,0.104455458097764,-0.01928936
130.79,7.88414058920907,-0.202330781192224,0.102428914357583,-0.01768504
130.8,7.85434500760528,-0.192333953557722,0.100443366795635,-0.01613592
130.81,7.80967805158908,-0.177456725279679,0.098497835598745,-0.01464466
130.82,7.74419741199546,-0.17358080510411,0.096591371606151,-0.0132138
130.83,7.77897584873282,-0.167659726647438,0.0947230521036799,-0.0118458
130.84,7.7346392044447,-0.161840801088455,0.0928919808520455,-0.01054297
130.85,7.72344325958953,-0.168218762030844,0.0910973266026473,-0.00930756
130.86,7.70116933089562,-0.177632901457621,0.0893381984925381,-0.00814168
130.87,7.6813498231785,-0.163308382685455,0.0876137762060839,-0.0070473
130.88,7.72554928901124,-0.169446886297406,0.0859232776588294,-0.00602631
130.89,7.73432735922252,-0.166295696212975,0.0842659359453726,-0.00508045
130.9,7.7124075697765,-0.157870822333463,0.0826410039185064,-0.00421133
130.91,7.72069942611663,-0.161029329336005,0.0810477575658353,-0.00342045
130.92,7.71264577752465,-0.158914479004829,0.0794854946574673,-0.00270914
130.93,7.67150346380481,-0.148904409662224,0.0779535353100375,-0.00207863
130.94,7.68920317262393,-0.153927772449785,0.0764512217661827,-0.00152999
130.95,7.65086513725682,-0.148226997479733,0.0749779171584648,-0.00106416
130.96,7.65078065416647,-0.141288094597466,0.0735330045244212,-0.00068193
130.97,7.63812928526525,-0.135787889975218,0.0721158859229174,-0.00038397
130.98,7.6421367536289,-0.13929444818287,0.0707259819223086,-0.00017078
130.99,7.63768150831537,-0.125003270560602,0.0693626961103154,-0
131,7.739256249671,-0.119390342772802,0.0680255327223326,-0
131.01,7.71168372432947,-0.123498424185877,0.0667142731300093,-0.00039426
131.02,7.68746649769415,-0.118483631796525,0.0654291138367022,-0.00157084
131.03,7.68236140265275,-0.120085297205512,0.064170297779837,-0.00351118
131.04,7.68421404553669,-0.122457313956893,0.0629379678107286,-0.00618467
131.05,7.69175507158053,-0.121593301849339,0.0617323518953289,-0.00954915
131.06,7.69607304209854,-0.122776298738304,0.0605537720285292,-0.01355157
131.07,7.6692591096465,-0.132054154655643,0.0594025798471399,-0.0181288
131.08,7.66094393946148,-0.124671636581376,0.0582790862293652,-0.02320866
131.09,7.70565020627717,-0.123951181830132,0.0571835084170832,-0.02871104
131.1,7.67662039125225,-0.113438187387414,0.0561159271844469,-0.03454915
131.11,7.66359906184859,-0.108551297069687,0.0550763075434419,-0.04063093
131.12,7.62914950940654,-0.0997063038520814,0.0540644504600001,-0.04686047
131.13,7.60915264912818,-0.0955228094328671,0.0530800034881375,-0.05313953
131.14,7.58935974535668,-0.0894573682084646,0.0521224597257375,-0.05936907
131.15,7.63478346278092,-0.0897928498168767,0.0511911591500771,-0.06545085
131.16,7.64522945760638,-0.0893280654172263,0.0502852918636789,-0.07128896
131.17,7.67564068595298,-0.0830206827745765,0.0494039067008761,-0.07679134
131.18,7.65960689721948,-0.0817376750551314,0.0485459065141678,-0.0818712
131.19,7.69761799403601,-0.0736727753628727,0.0477100772074022,-0.08644843
131.2,7.68355929167719,-0.0747567253978735,0.0468950914120838,-0.09045085
131.21,7.70269893081274,-0.0754913913783752,0.0460995211216233,-0.09381533
131.22,7.65984812703764,-0.0716916326761114,0.0453218585359461,-0.09648882
131.23,7.60811730751719,-0.0662089666004015,0.0445605356144323,-0.09842916
131.24,7.60591637593584,-0.0708133821015187,0.0438139424020945,-0.09960574
131.25,7.62257601470502,-0.0782175364849206,0.0430803963134593,-0.09993977
131.26,7.62434911896337,-0.0884686374397597,0.0423586997489048,-0.1
131.27,7.64369307427178,-0.0886828081550157,0.0416480761448462,-0.09993977
131.28,7.58272811866463,-0.0758078612546035,0.0409476032877868,-0.09975924
131.29,7.5706133673007,-0.0722737122636917,0.0402563808540415,-0.09945883
131.3,7.58805977477113,-0.0741364728766781,0.0395737843899576,-0.09903926
131.31,7.59769985917271,-0.0794623326836591,0.0388993142834459,-0.09850156
131.32,7.5999443564461,-0.0710457266928078,0.0382326001002054,-0.09784702
131.33,7.5383368258045,-0.0664587228075006,0.0375733461240844,-0.0970772
131.34,7.54901063454098,-0.0631681988489206,0.0369212912188126,-0.09619398
131.35,7.55952064465911,-0.0754466231667035,0.036276187216854,-0.09519946
131.36,7.56278075766273,-0.0707551240842756,0.0356377917980484,-0.09409606
131.37,7.59068196296946,-0.0721679027589417,0.0350058678999861,-0.09288643
131.38,7.56979121864274,-0.0682477285051155,0.0343801854046385,-0.09157348
131.39,7.55322182852086,-0.0642411932693855,0.0337605229887198,-0.09016038
131.4,7.58639856396221,-0.0573955625281043,0.0331466694387821,-0.08865052
131.41,7.57423941224922,-0.0586826454218681,0.0325384244609947,-0.08704756
131.42,7.56303308283963,-0.0507786030935954,0.0319355989242922,-0.08535534
131.43,7.54118820387006,-0.053192198593502,0.0313380150513627,-0.08357795
131.44,7.52165261806417,-0.0511340965939466,0.030745506340732,-0.08171966
131.45,7.50626811999767,-0.0562707238940823,0.030157917572011,-0.07978497
131.46,7.50355277989903,-0.0490700328779441,0.029575104732679,-0.07777851
131.47,7.51615105219571,-0.054261013236232,0.0289969349198777,-0.07570514
131.48,7.53252466249099,-0.0495866399620514,0.0284232863214191,-0.07356984
131.49,7.57166338161818,-0.0561841776312417,0.0278540481038705,-0.07137775
131.5,7.57322532467787,-0.0609559128209751,0.0272891203030228,-0.06913417
131.51,7.5716352716439,-0.0581375292108856,0.0267284141038765,-0.06684449
131.52,7.60205754358707,-0.0523437426679809,0.0261718504830489,-0.06451423
131.53,7.58974959820982,-0.0585452587101632,0.0256193613236053,-0.06214901
131.54,7.56643996446654,-0.0511349192973736,0.0250708887948874,-0.05975452
131.55,7.53192175050553,-0.0496978021316526,0.0245263851593457,-0.05733652
131.56,7.49784950780032,-0.0413041906572706,0.0239858125495938,-0.05490086
131.57,7.50808197209506,-0.0417376988448789,0.0234491427907008,-0.05245338
131.58,7.46715901838699,-0.0412289035138461,0.0229163570852242,-0.05
131.59,7.43900078580904,-0.0418472705704588,0.0223874458165121,-0.04754662
131.6,7.4904071235717,-0.0424874616751615,0.0218624082320588,-0.04509914
131.61,7.47666691920505,-0.050527981401526,0.0213412521633528,-0.04266348
131.62,7.48258660087675,-0.0637979883113487,0.0208239937248853,-0.04024548
131.63,7.47981796291198,-0.0679931304808235,0.0203106569937648,-0.03785099
131.64,7.47547458824716,-0.0662105095633989,0.0198012736966124,-0.03548577
131.65,7.45586710389966,-0.0634977697401873,0.0192958828167271,-0.03315551
131.66,7.43185260912988,-0.0629093168411151,0.0187945303029598,-0.03086583
131.67,7.40346051741348,-0.0684465953719464,0.0182972686306795,-0.02862225
131.68,7.40920764205993,-0.0678659798747712,0.0178041579091616,-0.02643016
131.69,7.42518336733805,-0.057207093862835,0.0173152613568749,-0.02429486
131.7,7.46102810902453,-0.0556571234669117,0.0168306488511786,-0.02222149
131.71,7.45407809216147,-0.0563087024577378,0.0163503952813559,-0.02021503
131.72,7.51847917607106,-0.0572585557248236,0.0158745801512469,-0.01828034
131.73,7.52367659088746,-0.0516600139003489,0.0154032870979677,-0.01642205
131.74,7.53658406898433,-0.04604719623419,0.014936603542841,-0.01464466
131.75,7.56999465235511,-0.050028774405907,0.0144746202112588,-0.01295244
131.76,7.54263910797264,-0.0558847918530259,0.01401743073152,-0.01134948
131.77,7.49768149264513,-0.0572354792022949,0.0135651311972401,-0.00983962
131.78,7.52389181533123,-0.0506538312274705,0.0131178196791668,-0.00842652
131.79,7.47169117621185,-0.058265896668553,0.0126755958900996,-0.00711357
131.8,7.47033049226643,-0.064298814067111,0.0122385606646638,-0.00590394
131.81,7.4544642036452,-0.0630867956997683,0.0118068155116815,-0.00480054
131.82,7.43839181288586,-0.0605271975394811,0.0113804622166995,-0.00380602
131.83,7.47965949314928,-0.0556762466167826,0.0109596024162553,-0.0029228
131.84,7.51971826191741,-0.0465073098715293,0.0105443371225657,-0.00215298
131.85,7.48626964997346,-0.050812247723613,0.0101347663345122,-0.00149844
131.86,7.52536115012456,-0.0484415336035616,0.00973098857842492,-0.00096074
131.87,7.54730958266529,-0.0407478512053352,0.00933310052705901,-0.00054117
131.88,7.54984235105527,-0.0429314139848147,0.00894119653723572,-0.00024076
131.89,7.53320889147501,-0.0398495150721757,0.00855531333775064,-0
131.9,7.52374523843987,-0.0394202978570635,0.00817562309127963,-0
131.91,7.46116924451272,-0.0392758631458658,0.00780253620945613,-0.00039426
131.92,7.48311729945121,-0.0394980589244605,0.00743679407645746,-0.00157084
131.93,7.47242950914532,-0.0273875233093484,0.00707923025541667,-0.00351118
131.94,7.50233907274521,-0.0332639089514664,0.00673054553732967,-0.00618467
131.95,7.51148010366959,-0.0304458438802497,0.00639153935738629,-0.00954915
131.96,7.53124844783866,-0.0317427468728018,0.00606306321077799,-0.01355157
131.97,7.52011294578961,-0.0339891571449839,0.00574600267891527,-0.0181288
131.98,7.5682129333348,-0.0391938670783369,0.00544117166434197,-0.02320866
131.99,7.60533587977741,-0.0285766148223799,0.00514925803287612,-0.02871104
132,7.57562472579239,-0.0347380459786428,0.00487079393255276,-0.03454915
132.01,7.55639000240963,-0.0359582203471367,0.00460613405915683,-0.04063093
132.02,7.49731190431922,-0.0359553006273616,0.00435544824401644,-0.04686047
132.03,7.44646722515289,-0.0294159218243734,0.00411871849369937,-0.05313953
132.04,7.4314801753382,-0.0172417246512759,0.00389573977335124,-0.05936907
132.05,7.42590807740525,-0.00997706599830669,0.00368612374772045,-0.06545085
132.06,7.34147413548,-0.0117286416083203,0.00348930552254177,-0.07128896
132.07,7.33385216197571,-0.0106584507782011,0.00330455169441873,-0.07679134
132.08,7.33796178286083,-0.0169339934924771,0.00313097351544315,-0.0818712
132.09,7.41370724576464,-0.0128230959243509,0.00296754146196626,-0.08644843
132.1,7.43584348590052,-0.0150251458411539,0.00281310233764111,-0.09045085
132.11,7.4803381179955,-0.0236185222756899,0.00266639937494615,-0.09381533
132.12,7.4699261709567,-0.0265404824797409,0.00252609350166029,-0.09648882
132.13,7.56499575579941,-0.0285566964205649,0.00239078634033669,-0.09842916
132.14,7.56518675842384,-0.0325556537292301,0.00225904376988069,-0.09960574
132.15,7.58319185915913,-0.0204988108925062,0.002129377381054,-0.09995495
132.16,7.56087537444254,-0.0277092612222999,0.00200078702798802,-0.1
132.17,7.56095210043428,-0.0250913512636839,0.00187272965346232,-0.09995495
132.18,7.54132017335129,-0.0191702541442875,0.00174455826018682,-0.09981987
132.19,7.53538393353349,-0.0187169607725858,0.00161565538720916,-0.09959502
132.2,7.42806383925436,-0.0230947382511191,0.00148560899022735,-0.0992808
132.21,7.44554016469432,-0.0247611386106893,0.00135420298796859,-0.09887776
132.22,7.41532374290303,-0.0229911903477746,0.0012213484405236,-0.09838665
132.23,7.37920967537717,-0.0222281597035408,0.00108702214012621,-0.09780834
132.24,7.38347020355243,-0.0235900681399977,0.000951227195809793,-0.09714387
132.25,7.40348258860219,-0.0220924338949375,0.000813972700869048,-0.09639445
132.26,7.40780365104387,-0.0267589930570638,0.000675265980481612,-0.09556142
132.27,7.4659721554934,-0.0180327633489386,0.000535110767202094,-0.09464629
132.28,7.46269963431197,-0.0188146211631253,0.000393508070397496,-0.09365071
132.29,7.48219862970942,-0.0201929080191891,0.000250457669531429,-0.09257646
132.3,7.48978770165714,-0.0109634032239437,0.000105959187510576,-0.09142548
132.31,7.51333434188202,-0.0111966191631185,-3.99867692335455e-05,-0.09019986
132.32,7.4735880532635,-0.016143299658845,-0.000187378494192428,-0.08890179
132.33,7.48748222568615,-0.0145322343820504,-0.000336212531647092,-0.08753362
132.34,7.50798974355746,-0.0171089862298157,-0.000486483464047978,-0.0860978
132.35,7.50036071897806,-0.0120433033735084,-0.000638183697948762,-0.08459694
132.36,7.46267113263895,-0.0145704230101373,-0.000791303253111325,-0.08303374
132.37,7.51844175706153,-0.0153022948535611,-0.00094582964450376,-0.081411
132.38,7.50506088247508,-0.0173857266923646,-0.00110174756611938,-0.07973166
132.39,7.52037228314772,-0.0222786318582612,-0.0012590390496258,-0.07799874
132.4,7.51040460320716,-0.0242191905708195,-0.00141768304866995,-0.07621536
132.41,7.44756622689052,-0.0258718394083677,-0.00157765540157687,-0.07438475
132.42,7.44655546526779,-0.0237637890535931,-0.00173892873202678,-0.07251019
132.43,7.45068294272701,-0.0254272579432195,-0.00190147239671347,-0.07059506
132.44,7.39641578720942,-0.0311547607404021,-0.00206525236790312,-0.06864282
132.45,7.35168797527627,-0.0284226461347385,-0.00223023119739485,-0.06665699
132.46,7.35966902062181,-0.0274757004855077,-0.00239636778350201,-0.06464114
132.47,7.37521535804708,-0.0197831138144296,-0.00256361798293202,-0.0625989
132.48,7.45092149772823,-0.0196160140150836,-0.00273193392942889,-0.06053396
132.49,7.4503868213684,-0.0197376144251212,-0.0029012644433722,-0.05845004
132.5,7.46474332571244,-0.0230351234809082,-0.00307155450995327,-0.05635089
132.51,7.5094559510678,-0.0197652169290352,-0.00324274586861253,-0.0542403
132.52,7.54988911797995,-0.0182776798493064,-0.00341477679985791,-0.05212206
132.53,7.54247561880581,-0.0237647694024448,-0.00358758231506931,-0.05
132.54,7.56972307357403,-0.0357880595263681,-0.00376109412166523,-0.04787794
132.55,7.56964002457755,-0.0265772617130086,-0.00393524070953285,-0.0457597
132.56,7.58753793153279,-0.0227661464484988,-0.00410994745114138,-0.04364911
132.57,7.59714647545587,-0.0168183910466214,-0.00428513669151116,-0.04154996
132.58,7.54855571849608,-0.0160823497331718,-0.00446072786853868,-0.03946604
132.59,7.57133823321401,-0.0159371915381691,-0.00463663760836489,-0.0374011
132.6,7.61045940131312,-0.00873826323466355,-0.00481277986721372,-0.03535886
132.61,7.6058283993464,-0.00281299513545324,-0.00498906605218808,-0.03334301
132.62,7.51005013451378,-0.00553233616562095,-0.00516540514746004,-0.03135718
132.63,7.51813687198458,-0.0115380333016199,-0.00534170391078346,-0.02940494
132.64,7.51527862913749,-0.0127523120901424,-0.00551786699232868,-0.02748981
132.65,7.51656321424721,-0.0158576935044537,-0.00569379709189083,-0.02561525
132.66,7.47067389553962,-0.0137070980934355,-0.00586939509392957,-0.02378464
132.67,7.39190855029828,-0.0150350465151098,-0.00604456032098496,-0.02200126
132.68,7.34963471255915,-0.00748407610868324,-0.00621919066657571,-0.02026834
132.69,7.44801644746377,-0.0149149405121504,-0.00639318276488465,-0.018589
132.7,7.42578890995606,-0.0141691150488202,-0.00656643220543158,-0.01696626
132.71,7.41100715101253,-0.0165863736026636,-0.00673883370368953,-0.01540306
132.72,7.40263947357043,-0.0143840263928198,-0.00691028130821198,-0.0139022
132.73,7.44552435860743,-0.0153359461804989,-0.00708066860906079,-0.01246638
132.74,7.4394544239484,-0.0160689327192898,-0.0072498890363917,-0.01109821
132.75,7.44408947944508,-0.0168627468397661,-0.00741783567828374,-0.00980014
132.76,7.38635913239472,-0.0197108060272774,-0.00758440189671935,-0.00857452
132.77,7.39757855907865,-0.0180435169474899,-0.00774948139538275,-0.00742354
132.78,7.38630806470752,-0.0123199334432736,-0.00791296841318968,-0.00634929
132.79,7.41126554028752,-0.00687310747507348,-0.00807475791781444,-0.00535371
132.8,7.38496749549691,-0.0161759393910648,-0.00823474585761582,-0.00443858
132.81,7.39228164388807,-0.0115069644717444,-0.00839282934817736,-0.00360555
132.82,7.4256664165733,-0.00944008803387229,-0.00854890685471011,-0.00285613
132.83,7.44806729092716,-0.00496036192071752,-0.00870287842311188,-0.00219166
132.84,7.45525750866307,-0.0100984711540192,-0.00885464587610467,-0.00161335
132.85,7.49218869502908,-0.0141021769158422,-0.00900411300359532,-0.00112224
132.86,7.52877683603379,-0.0275266806987528,-0.00915118579401901,-0.0007192
132.87,7.57334533807344,-0.0156385945941045,-0.00929577259270728,-0.00040498
132.88,7.59732228206315,-0.0195612629878301,-0.00943778431162479,-0.00018013
132.89,7.53572813035642,-0.021049526693204,-0.00957717684454513,-0
132.9,7.49732818885236,-0.0223177695442923,-0.00971380072281019,-0
132.91,7.50806080969969,-0.0101171731803683,-0.0098472369689798,-0.00039426
132.92,7.50857258319585,-0.000297859476180396,-0.00997668364223324,-0.00157084
132.93,7.48459902287399,-0.000298897082322508,-0.0101012808639861,-0.00351118
132.94,7.42337946007672,-0.00589320991876479,-0.0102202998144856,-0.00618467
132.95,7.4095633775776,-0.00915674392660297,-0.010332891721169,-0.00954915
132.96,7.43842769418648,-0.0118529754907074,-0.0104381757506006,-0.01355157
132.97,7.46759470232771,-0.00748881278775001,-0.0105353086671165,-0.0181288
132.98,7.40334812262328,-0.0195719710852243,-0.0106234149878217,-0.02320866
132.99,7.38108070344879,-0.0239767110491386,-0.0107017833571022,-0.02871104
133,7.32555849111715,-0.0102234291221094,-0.0107699503963186,-0.03454915
133.01,7.36438534736914,-0.00642592698520353,-0.0108276253981587,-0.04063093
133.02,7.38713370718936,0.00151459523409278,-0.0108746870781133,-0.04686047
133.03,7.37182036043151,0.00873674374923168,-0.0109112584440225,-0.05313953
133.04,7.35647353774151,0.00848481687137968,-0.0109376894122526,-0.05936907
133.05,7.40816196557376,0.0114226056044317,-0.0109545684265801,-0.06545085
133.06,7.39450169396571,0.014681510787066,-0.0109627296814868,-0.07128896
133.07,7.47627089790313,0.012490450155588,-0.010963270013991,-0.07679134
133.08,7.52931968374857,0.00763492380770569,-0.0109575498782555,-0.0818712
133.09,7.49196098190189,0.00563033015969168,-0.0109472702689635,-0.08644843
133.1,7.47965861051474,-0.00544703255924397,-0.0109342648476761,-0.09045085
133.11,7.46742219254806,-0.00198182900208591,-0.0109202509949324,-0.09381533
133.12,7.45464335213385,0.00180128934363932,-0.0109065080900668,-0.09648882
133.13,7.45768664630163,0.00341177548323028,-0.0108938312121076,-0.09842916
133.14,7.41538568941312,-0.00340239159264542,-0.0108827037307134,-0.09960574
133.15,7.34526215141866,-0.00594332801883733,-0.0108734639466091,-0.09995839
133.16,7.37717159254867,-0.00357865858948488,-0.0108658969794013,-0.1
133.17,7.43358314191998,-0.00672390759705,-0.0108593021198517,-0.09995839
133.18,7.43411109444227,-0.01175184229051,-0.010853263667548,-0.09983363
133.19,7.4230819780623,-0.0224200618792344,-0.0108476746461025,-0.09962593
133.2,7.42207467486794,-0.0217010169211897,-0.0108425423612024,-0.09933562
133.21,7.4082421191955,-0.017388429085072,-0.0108379084393708,-0.09896321
133.22,7.41641753678502,-0.0119633588671104,-0.0108338454663818,-0.0985093
133.23,7.41932852359939,-0.011367925561572,-0.0108304380429012,-0.09797465
133.24,7.39844091822934,-0.00895842401334289,-0.0108277864897397,-0.09736015
133.25,7.43208557903528,-0.00503073503710361,-0.0108260042469954,-0.09666683
133.26,7.45618978921187,0.00184918236949612,-0.0108252168663701,-0.09589583
133.27,7.47197790129855,-0.0038773294377009,-0.0108255597340197,-0.09504844
133.28,7.46369223310379,-0.00868550807961972,-0.0108271752477252,-0.09412608
133.29,7.43943672966846,-0.00793739331596167,-0.0108302176409,-0.09313027
133.3,7.42728379024629,-0.00925512880784103,-0.0108348101853691,-0.09206268
133.31,7.41224516360093,-0.00433484738015553,-0.0108411191244413,-0.09092507
133.32,7.39387343819803,-0.00808700664434417,-0.0108492723925657,-0.08971935
133.33,7.3787377476799,-0.0051403223421437,-0.0108594000128949,-0.08844753
133.34,7.35126933335999,-0.00241783000245885,-0.0108716190159299,-0.08711171
133.35,7.37616391291341,0.00243272052171658,-0.0108860352838506,-0.08571412
133.36,7.36837772620025,0.00972872733444191,-0.0109027416784876,-0.08425709
133.37,7.34494056754271,0.00348232523267059,-0.0109218179454073,-0.08274304
133.38,7.29037107522063,0.00118720256877287,-0.0109434026635812,-0.08117449
133.39,7.28948225532558,0.00782839826591484,-0.0109674809417316,-0.07955406
133.4,7.28853810620163,0.00815333513960669,-0.0109941069271859,-0.07788443
133.41,7.29954915134257,-0.0076887848109605,-0.0110233157422138,-0.0761684
133.42,7.27964951773992,-0.00643485417955916,-0.0110551280192426,-0.07440881
133.43,7.3012990938373,-0.0161233339088843,-0.0110895539855795,-0.0726086
133.44,7.33192165153347,-0.0116497181036187,-0.0111266040373222,-0.07077075
133.45,7.39627973943082,-0.00743807778959378,-0.011166255462016,-0.06889834
133.46,7.34236652875833,-0.0200481693631966,-0.0112084879326727,-0.06699447
133.47,7.31209235385878,-0.0180872711295723,-0.0112532777357475,-0.06506231
133.48,7.31979082098097,-0.00429579769866316,-0.0113005764613487,-0.06310508
133.49,7.36362952686306,0.00548016752598908,-0.0113503568231223,-0.06112605
133.5,7.31620885842908,0.0028623266224754,-0.0114025668379246,-0.05912849
133.51,7.31696972939934,-0.000449874196257523,-0.0114571665390721,-0.05711574
133.52,7.32459386852599,0.000478259163142931,-0.0115140816097707,-0.05509115
133.53,7.3951717524083,-0.00534970113799772,-0.0115732567440347,-0.05305808
133.54,7.47642448464846,-0.0130276079772601,-0.011634619191438,-0.05101993
133.55,7.45625037573182,-0.017027586164911,-0.0116981011700446,-0.04898007
133.56,7.40457173104657,-0.0288703653083566,-0.0117636079808093,-0.04694192
133.57,7.44129962236639,-0.0242302755726877,-0.0118310764907953,-0.04490885
133.58,7.43235500700231,-0.0172696450007827,-0.0119004163574986,-0.04288426
133.59,7.43850849643312,-0.0205019699188806,-0.0119715349583282,-0.04087151
133.6,7.41843071679146,-0.0143955652793817,-0.01204434223325,-0.03887395
133.61,7.37914290615627,-0.00401687793422118,-0.0121054643182412,-0.05103194
133.62,7.3688017612688,-0.00397763283010891,-0.0121358908132511,-0.07734875
133.63,7.36828354316877,-0.00287950263208335,-0.0121224064627349,-0.11782765
133.64,7.35300583572423,-0.00249421683392779,-0.0120502121525505,-0.17247186
133.65,7.31464924669486,-0.00398017554060817,-0.0119107491566951,-0.24128454
133.66,7.25824205403832,-0.00173043096192265,-0.0117178470160034,-0.32426881
133.67,7.19912776836648,0.0103715507973813,-0.0114799695887758,-0.42142773
133.68,7.10250815111003,0.00747288417816408,-0.0111999968686291,-0.53276429
133.69,7.05722017502283,0.0110353729673881,-0.0108788651252319,-0.65828143
133.7,6.94027912814969,0.0204555126873691,-0.0105296185035415,-0.78384498
133.71,6.81126266206743,0.0296117618227291,-0.0101690895851851,-0.90945772
133.72,6.68297663730729,0.0311299884117002,-0.00980347435066143,-1.03512235
133.73,6.53312538378885,0.0391231180236498,-0.00943504144029392,-1.16084147
133.74,6.44514118998846,0.0392906002536967,-0.00906462051106245,-1.28661761
133.75,6.31528810167784,0.0394713031869314,-0.00869251028952782,-1.4124532
133.76,6.15558421198355,0.0428657820396208,-0.00831881712397257,-1.53835055
133.77,6.07014091450133,0.0407861684831246,-0.0079435771102245,-1.6643119
133.78,5.96426257935214,0.0367584372747444,-0.00756680074652315,-1.79033935
133.79,5.85688327211987,0.0345971466770792,-0.00718848931846833,-1.91643492
133.8,5.75239197945417,0.0264595626996874,-0.00680864089076958,-2.0426005
133.81,5.59585507748661,0.025144816323226,-0.00642725252324369,-2.16883786
133.82,5.52367387131178,0.0396366788553769,-0.00604432106429399,-2.29514867
133.83,5.57084920392351,0.0767871890150137,-0.00565984345657474,-2.42153446
133.84,5.7369272002471,0.147437062419339,-0.00527381685563943,-2.54799664
133.85,6.09157145562882,0.238018235782729,0,-2.67453649
133.86,6.63787969431435,0.354314615081414,0.0021271187167582,-2.80115516
133.87,7.34627721956334,0.487266965926125,0.00626808531694446,-2.92785368
133.88,8.18678347550869,0.631709374739799,0.0122737298082539,-3.05463295
133.89,9.10147833226085,0.77223627255381,0.019824743856107,-3.18149371
133.9,10.0327350022086,0.903717220467118,0.0286311837118184,-3.30843658
133.91,10.8799209930262,1.01822025894174,0.0384893053632205,-3.43546205
133.92,11.7617237805139,1.12268969471381,0.0492682658176742,-3.56252885
133.93,12.5286108218676,1.20316872564499,0.0608875505846087,-3.68976202
133.94,13.225580057728,1.26893040025424,0.0732931776743363,-3.81738946
133.95,13.8315544805688,1.3219149015783,0.0864304287593671,-3.94579921
133.96,14.372608877392,1.36498304033663,0.100114495919285,-4.07497272
133.97,14.7582526663676,1.38527593348773,0.114067735610529,-4.20487938
133.98,15.1413483191446,1.38952698954165,0.128084169695886,-4.33547704
133.99,15.2933039756528,1.38684175789695,0.142054850940048,-4.46671263
134,15.4036265100781,1.39311508809704,0.155935642049835,-4.59852303
134.01,15.4637193027783,1.38540558523052,0.16971744766644,-4.73083607
134.02,15.499304551176,1.37442385763204,0.183403935984871,-4.86357162
134.03,15.5696498863751,1.36462445841739,0.197000858001041,-4.9966429
134.04,15.647649051087,1.35745697625381,0.210507538817441,-5.11582084
134.05,15.7217074359484,1.33880266438043,0.223916243551316,-5.22100952
134.06,15.8293982566829,1.32378338757145,0.237220086501171,-5.31211068
134.07,15.9431514180797,1.30484230430099,0.250412399415292,-5.38902532
134.08,16.0192880885589,1.29126658605229,0.263486382226254,-5.45165518
134.09,16.1455361281185,1.27394580114854,0.276435014007619,-5.49990435
134.1,16.2335187020873,1.25458046177115,0.289251052604237,-5.53368077
134.11,16.3802922615839,1.24561597247881,0.301927085183171,-5.55289765
134.12,16.5145075321824,1.23416214356003,0.314445679722361,-5.5331592
134.13,16.6151264758033,1.2114023014476,0.326785183821242,-5.48853028
134.14,16.7254383588112,1.19192366042399,0.338933426223307,-5.41894774
134.15,16.8895942502331,1.16823005837897,0.350877452318006,-5.32435854
134.16,17.0481745010192,1.15548056457513,0.362603161446375,-5.20472051
134.17,17.1751524701697,1.13625961706233,0.374095629940542,-5.06000305
134.18,17.3452275618484,1.10583806021961,0.385339435837799,-4.89013425
134.19,17.4293207206628,1.07980828311706,0.396318897579237,-4.69566221
134.2,17.6772987602691,1.06151167738339,0.407018253849064,-4.47676781
134.21,17.8429668884356,1.03744383993269,0.417432379613454,-4.25776681
134.22,18.0245786187895,1.00880700334454,0.42756601286311,-4.03865956
134.23,18.1903784709906,0.971154711540906,0.437418338582697,-3.81944664
134.24,18.3796803428973,0.933958339119974,0.446987206740405,-3.60012883
134.25,18.5344736565792,0.913220859864463,0.456270466617959,-3.38070715
134.26,18.7698347523539,0.883067626611257,0.465266097201118,-3.16118284
134.27,18.8757677334954,0.848105901415639,0.473972570641042,-2.94155736
134.28,19.0610484380282,0.801125396790657,0.482388580098964,-2.72183239
134.29,19.2343415178405,0.775541489262817,0.49051286305508,-2.5020098
134.3,19.4071945988526,0.746369511444883,0.498344097250923,-2.2820917
134.31,19.5278556514132,0.725614158705854,0.505880438718416,-2.06208038
134.32,19.6308818433247,0.692764147178324,0.513120953271003,-1.84197834
134.33,19.7568668130225,0.670307042285337,0.520063951182899,-1.62178827
134.34,19.9409741384507,0.643424763848127,0.526707582775305,-1.40151305
134.35,20.1018236577821,0.624284591933355,0.533050078231637,-1.18115574
134.36,20.2421097846817,0.591214610665985,0.53908950272256,-0.96071957
134.37,20.4159392068898,0.56834169502678,0.544838704792212,-0.76452363
134.38,20.5812877624907,0.541866063545211,0.550322359276359,-0.59257148
134.39,20.7522079881409,0.503589390498115,0.555558622333944,-0.44486683
134.4,20.8547791673027,0.48073893519756,0.560565491650055,-0.32141355
134.41,20.9171068561517,0.460058244317982,0.56536366530264,-0.22221565
134.42,21.0115404776362,0.447481332101448,0.569976768673005,-0.14727724
134.43,20.7549204011608,0.363364892646572,0.574430603392969,-0.09660259
134.44,20.0308369408319,0.195780392937554,0.57875251502002,-0.07019605
134.45,19.0971796732842,-0.012836988922924,0.582970683104339,-0.06806208
134.46,17.8962651120609,-0.223223116157822,0.585450835504689,-0.06588957
134.47,16.6124437291644,-0.455074636169744,0.581032157008659,-0.06368315
134.48,15.3159033878965,-0.682803156647846,0.572454574199338,-0.06144753
134.49,13.9124734357478,-0.900314132789756,0.561943858735561,-0.05918748
134.5,12.8687036013468,-1.03711186570451,0.550725416367064,-0.05690782
134.51,12.2384768559045,-1.09181471673362,0.539429626219293,-0.05461342
134.52,11.8328212563156,-1.10413380879407,0.528327417849332,-0.05230917
134.53,11.6490517480605,-1.0884426086791,0.517495154165038,-0.05
134.54,11.5358786649856,-1.06812543907895,0.506923876749295,-0.04769083
134.55,11.4536374889657,-1.03608592986313,0.496583147602122,-0.04538658
134.56,11.3689714358375,-1.02426824360321,0.486446080087469,-0.04309218
134.57,11.1890240035144,-1.00116929399973,0.476497241838629,-0.04081252
134.58,11.063019057238,-0.979148548830443,0.466729697759811,-0.03855247
134.59,10.9404287645358,-0.959872081426081,0.457141044612572,-0.03631685
134.6,10.8111668901398,-0.941617964615477,0.447730078263932,-0.03411043
134.61,10.7643640468152,-0.921005857290979,0.438495489003124,-0.03193792
134.62,10.6462741389991,-0.903278778077851,0.429435502426669,-0.02980395
134.63,10.5771113977747,-0.877791292409982,0.420547955946975,-0.02771308
134.64,10.5525004993205,-0.868260049910105,0.411830501173795,-0.02566978
134.65,10.4658036614607,-0.856146546568982,0.403280728678747,-0.02367839
134.66,10.381759592133,-0.839490336708389,0.394896241762093,-0.02174318
134.67,10.2995213407444,-0.830258169615536,0.386674682839571,-0.01986827
134.68,10.1951355041213,-0.819701192106417,0.37861376792608,-0.01805766
134.69,10.0820563439009,-0.800631475508177,0.37071116879072,-0.01631522
134.7,9.99301964897741,-0.78493178207885,0.362964592146081,-0.01464466
134.71,9.92123326750371,-0.774151581984354,0.355371795572697,-0.01304955
134.72,9.799669519707,-0.759599775647775,0.347930472620195,-0.0115333
134.73,9.73473982130492,-0.737264011340539,0.340638436700774,-0.01009914
134.74,9.68331242104999,-0.717717497937745,0.333493644588052,-0.00875013
134.75,9.58657959322735,-0.693960012120193,0.326493735517924,-0.00748914
134.76,9.52846556579729,-0.684024322966393,0.319636458696794,-0.00631888
134.77,9.51235174527727,-0.661523905405929,0.31291966067143,-0.00524184
134.78,9.41782829958981,-0.641907799612511,0.306341205729906,-0.00426031
134.79,9.4107042460592,-0.628135181081778,0.299898952620099,-0.00337639
134.8,9.3432191488217,-0.615754497735524,0.293590767930804,-0.00259197
134.81,9.25496608498678,-0.613813171046336,0.287414532463614,-0.00190872
134.82,9.2173554128606,-0.601424235248456,0.281368170129129,-0.0013281
134.83,9.1628678282327,-0.584881194603526,0.275449541505053,-0.00085135
134.84,9.05371734910272,-0.576794161481779,0.269656605701509,-0.00047948
134.85,9.01693441656601,-0.562196583447747,0.263987307726213,-0.00021329
134.86,8.94685429751309,-0.547990566256553,0.25843957656212,-0
134.87,8.8609368646017,-0.539887180046151,0.253011424972477,-0
134.88,8.82340223762532,-0.512305478098964,0.247701082216568,-0.00039426
134.89,8.75559781620016,-0.506091966848542,0.242507062833381,-0.00157084
134.9,8.6954162887375,-0.49769254970586,0.237428035568061,-0.00351118
134.91,8.64882382273745,-0.494967542727625,0.232462536856897,-0.00618467
134.92,8.61170224738806,-0.482791156571292,0.227609098916125,-0.00954915
134.93,8.59623951913217,-0.472266296335744,0.222866307224693,-0.01355157
134.94,8.55608475214449,-0.455197450633178,0.21823274417556,-0.0181288
134.95,8.49907086871425,-0.45503721305336,0.213706948538493,-0.02320866
134.96,8.47081030403417,-0.435711084928743,0.209287426303687,-0.02871104
134.97,8.46273750832007,-0.424898117426731,0.204972719893223,-0.03454915
134.98,8.45489968158049,-0.409039474634294,0.200761171850929,-0.04063093
134.99,8.40492924372857,-0.398142353038506,0.196651066695513,-0.04686047
135,8.35395315580488,-0.381417117784315,0.192640612502759,-0.05313953
135.01,8.39280348914379,-0.378980891372365,0.188727924964198,-0.05936907
135.02,8.38821152131754,-0.36223271215321,0.184911041131985,-0.06545085
135.03,8.31890104888047,-0.359095367945659,0.181187866028016,-0.07128896
135.04,8.27223561568822,-0.351232906692524,0.177556263041862,-0.07679134
135.05,8.23076077309585,-0.340833930474446,0.174014011645517,-0.0818712
135.06,8.18034453352949,-0.332720134214693,0.170558812778477,-0.08644843
135.07,8.16711725480715,-0.33762383921135,0.16718808822263,-0.09045085
135.08,8.129232075555,-0.317519617662747,0.163899474506865,-0.09381533
135.09,8.12755678446579,-0.304947823112973,0.160690419920568,-0.09648882
135.1,8.13949209111359,-0.287295340681892,0.157558339860327,-0.09842916
135.11,8.16798083120712,-0.276567604853423,0.154500632613192,-0.09960574
135.12,8.18311077947434,-0.270538795023926,0.151514587285403,-0.09995106
135.13,8.24488191541437,-0.262385532274248,0.148597917897291,-0.1
135.14,8.19680981615871,-0.249206275804853,0.145748757850418,-0.09995106
135.15,8.20218123994983,-0.249606157176309,0.142965138221566,-0.09980434
135.16,8.15285830135202,-0.252283210438846,0.140245082291252,-0.09956013
135.17,8.15947305853235,-0.254296245935958,0.137586737356373,-0.0992189
135.18,8.12251211066654,-0.256297891163196,0.134988396081111,-0.09878132
135.19,8.06042748852432,-0.260192682012359,0.132448401242779,-0.09824825
135.2,8.01309755696667,-0.261047549152373,0.129965161243368,-0.09762073
135.21,8.03074712280771,-0.257544326824619,0.127537191311801,-0.09689999
135.22,7.98042926664156,-0.255679273827194,0.125162958130028,-0.09608744
135.23,7.94663871699103,-0.250569618583017,0.122840969224064,-0.09518467
135.24,7.88699674996696,-0.245016933985282,0.120569786993945,-0.09419346
135.25,7.87401336417692,-0.230910110998489,0.11834798486286,-0.09311573
135.26,7.8423634630915,-0.215179124117828,0.116174166763363,-0.0919536
135.27,7.85437542205395,-0.206089994135063,0.114046968121618,-0.09070934
135.28,7.80799111183954,-0.195893904432641,0.11196506610715,-0.0893854
135.29,7.77132653637519,-0.188682376950117,0.109927142327813,-0.08798435
135.3,7.74781397973027,-0.183999549291086,0.107931937744999,-0.08650895
135.31,7.71427826918919,-0.185839834973287,0.105978217445846,-0.08496209
135.32,7.6736206309333,-0.193287249501049,0.104064778774021,-0.08334678
135.33,7.76263081233809,-0.196201244512327,0.102190451612859,-0.08166619
135.34,7.68005720960067,-0.193971190592948,0.100354098244544,-0.07992362
135.35,7.69310249115697,-0.194496587333161,0.0985546134931716,-0.07812246
135.36,7.73437379585277,-0.187367464494725,0.096790924625634,-0.07626626
135.37,7.79598836419461,-0.189895873495584,0.0950620018107548,-0.07435864
135.38,7.8566307056852,-0.190719727372663,0.0933668152359993,-0.07240334
135.39,7.81949709343619,-0.179593313152097,0.0917043989268825,-0.07040418
135.4,7.72208501060399,-0.178585961407064,0.0900738080022587,-0.06836508
135.41,7.74191118947341,-0.17734564411013,0.0884741286387412,-0.06629003
135.42,7.76167584454111,-0.170294222724655,0.0869044779075069,-0.06418309
135.43,7.68758660919466,-0.175330024761289,0.0853640036469055,-0.06204839
135.44,7.67078866079909,-0.163882213528858,0.0838518837554123,-0.0598901
135.45,7.65633992393818,-0.156102061793145,0.0823673257244507,-0.05771245
135.46,7.70691639725219,-0.147242311483972,0.0809095712883126,-0.0555197
135.47,7.70824297204396,-0.145028384878241,0.0794778794323766,-0.05331615
135.48,7.69007509085963,-0.145963154747254,0.0780715408025063,-0.0511061
135.49,7.65401768379211,-0.153519482010884,0.0766898814988981,-0.0488939
135.5,7.68500836898583,-0.144898165216161,0.0753322495041154,-0.04668385
135.51,7.64231908264452,-0.152290597723237,0.0739980194454764,-0.0444803
135.52,7.67987938079911,-0.141206156415283,0.0726865921145068,-0.04228755
135.53,7.65915380883412,-0.139232425110923,0.0713973932688793,-0.0401099
135.54,7.61615424798544,-0.120858727026922,0.0701298733254643,-0.03795161
135.55,7.68623166357267,-0.110326895889803,0.0688835064453729,-0.03581691
135.56,7.69134461387486,-0.105459422836113,0.067657789930116,-0.03370997
135.57,7.66554296872306,-0.107182167440916,0.0664522436069071,-0.03163492
135.58,7.6672379849754,-0.0933735854269453,0.0652664091439675,-0.02959582
135.59,7.57636648962892,-0.104091587665882,0.0640998491411763,-0.02759666
135.6,7.58829391277843,-0.112519368766124,0.0629521467605351,-0.02564136
135.61,7.6302506656597,-0.125501179276024,0.0618229047750809,-0.02373374
135.62,7.6184574235319,-0.12617930184185,0.0607117449583219,-0.02187754
135.63,7.60840841561069,-0.118331824893227,0.0596183072561141,-0.02007638
135.64,7.62761188300518,-0.116553508306768,0.0585422492386526,-0.01833381
135.65,7.64053596181028,-0.125115914224637,0.0574832452794269,-0.01665322
135.66,7.63678876458878,-0.112899773216792,0.0564409858612086,-0.01503791
135.67,7.61102377234863,-0.106872113239988,0.0554151841068391,-0.01349105
135.68,7.61092698060083,-0.0979173069981263,0.0544055541481769,-0.01201565
135.69,7.57587339803922,-0.0943529546322343,0.0534118221092924,-0.0106146
135.7,7.53247515449971,-0.0914955599306788,0.0524337437491828,-0.00929066
135.71,7.53812746621731,-0.0881747033464547,0.0514710796698873,-0.0080464
135.72,7.54526860273762,-0.0834317429566787,0.0505236131139054,-0.00688427
135.73,7.56598797851186,-0.0826658433825001,0.0495911107536368,-0.00580654
135.74,7.58608091830418,-0.0826871886609167,0.0486733724497204,-0.00481533
135.75,7.58452146585635,-0.0837661513857505,0.0477702043447597,-0.00391256
135.76,7.55302074059827,-0.0806783414633859,0.0468814205788037,-0.00310001
135.77,7.59337368701852,-0.0812179259731456,0.046006843863052,-0.00237927
135.78,7.58269328192349,-0.0803801722673337,0.0451463045246851,-0.00175175
135.79,7.55283013545009,-0.0740952763763647,0.0442996406324168,-0.00121868
135.8,7.59799737704479,-0.0768918429804396,0.0434666974224094,-0.0007811
135.81,7.56059458203849,-0.0838505554682478,0.0426473267022471,-0.00043987
135.82,7.5933026688583,-0.0866328860474415,0.0418413861900526,-0.00019566
135.83,7.62998879879943,-0.0842422889995108,0.0410486971400644,-0
135.84,7.62541926949895,-0.0876730556574569,0.0402691878657739,-0
135.85,7.63719775114869,-0.0945494156486014,0.0395030642018908,-0.00039426
135.86,7.69267084874,-0.0917771963609568,0.0387508720924407,-0.00157084
135.87,7.64075503499459,-0.087856558362745,0.0380132610832587,-0.00351118
135.88,7.66444659139928,-0.0833004913985905,0.0372907482405446,-0.00618467
135.89,7.63841507042756,-0.0775512601723613,0.0365839370575993,-0.00954915
135.9,7.60482857483954,-0.0800847763611861,0.0358935213179573,-0.01355157
135.91,7.58041782795556,-0.080156602255538,0.035220214313387,-0.0181288
135.92,7.59175080281675,-0.0818542033038115,0.034564676381931,-0.02320866
135.93,7.52859605591473,-0.0831135818758465,0.0339274516875887,-0.02871104
135.94,7.53870570900902,-0.0832347131674626,0.0333089420899263,-0.03454915
135.95,7.52238573226228,-0.0783147678843236,0.0327093792233136,-0.04063093
135.96,7.46591536968798,-0.0782133833053925,0.0321288395231098,-0.04686047
135.97,7.46610842860411,-0.074202467451772,0.0315672161947449,-0.05313953
135.98,7.45270727366306,-0.072117276560003,0.0310242281037832,-0.05936907
135.99,7.41609362025167,-0.0561122907938188,0.0304994223109886,-0.06545085
136,7.37491463230089,-0.0614451793755385,0.0299921800206446,-0.07128896
136.01,7.39434670710278,-0.0618836425552183,0.0295017193528858,-0.07679134
136.02,7.39480699356287,-0.0554672360784275,0.0290271111744495,-0.0818712
136.03,7.43021390088868,-0.0518685096989382,0.0285672882677086,-0.08644843
136.04,7.40072166502138,-0.0484105709182768,0.0281210602003184,-0.09045085
136.05,7.47791451448892,-0.0454516683546043,0.0276871316972214,-0.09381533
136.06,7.44982507379875,-0.0460511646360513,0.0272641208286427,-0.09648882
136.07,7.53658854089796,-0.0373145064792475,0.0268505787118371,-0.09842916
136.08,7.45213211070129,-0.0366360448181819,0.0264450123875439,-0.09960574
136.09,7.46759881196808,-0.0384681853511158,0.0260458574007294,-0.09994504
136.1,7.41145892044938,-0.0395550840579611,0.0256520388702895,-0.1
136.11,7.45744119300051,-0.0475222396031602,0.0252629134914874,-0.09994504
136.12,7.4319502166683,-0.0457210482459964,0.0248777054463542,-0.0997803
136.13,7.45303457337492,-0.0512637042165665,0.0244956829722071,-0.09950613
136.14,7.38717657954014,-0.0474148391300632,0.0241163148348255,-0.09912313
136.15,7.3985954386934,-0.0475018009860337,0.023739288594856,-0.09863215
136.16,7.3978163037226,-0.0519235495087443,0.0233644047097335,-0.09803426
136.17,7.46041946521351,-0.0511030878798582,0.0229915347748471,-0.09733078
136.18,7.45621867438264,-0.0449142113726198,0.0226205804881668,-0.09652326
136.19,7.49566575938801,-0.0421467940590655,0.0222514540473962,-0.09561348
136.2,7.51396966042833,-0.0295554700904836,0.021884069402985,-0.09460342
136.21,7.53362103075755,-0.0309881687435195,0.0215183404740905,-0.09349532
136.22,7.57663240013529,-0.02094695979051,0.0211541821611145,-0.0922916
136.23,7.56782559316037,-0.0093265596348002,0.0207915119621006,-0.09099492
136.24,7.53992169578618,-0.0088207334816357,0.0204302513879751,-0.08960812
136.25,7.52025239117938,-0.0122864310802664,0.0200703268344545,-0.08813426
136.26,7.45646527432983,-0.01385952543813,0.0197116702041623,-0.08657657
136.27,7.45523678851464,-0.0217814065605645,0.0193542191484049,-0.08493847
136.28,7.47429779565883,-0.0307416326244831,0.0189979173620262,-0.08322357
136.29,7.53821214267712,-0.0444873336377371,0.0186427146437611,-0.08143564
136.3,7.58607383056045,-0.0486496897713695,0.0182885670366723,-0.07957861
136.31,7.65037253696433,-0.0464295163937402,0.0179354369129084,-0.07765656
136.32,7.59759672905781,-0.0432337856456469,0.0175832930448498,-0.07567371
136.33,7.57167777339825,-0.039057710338416,0.0172321106906085,-0.07363443
136.34,7.58808998491511,-0.0438972645740943,0.016881871608182,-0.07154319
136.35,7.58096086396315,-0.0452373259341554,0.0165325642378102,-0.06940459
136.36,7.51812398008985,-0.0392339675568228,0.0161841834762169,-0.06722334
136.37,7.50798819778834,-0.0363570429827014,0.0158367305885098,-0.06500423
136.38,7.4624987773004,-0.0327628316932454,0.0154902134808744,-0.06275214
136.39,7.5369256950404,-0.0303525012304362,0.0151446465472726,-0.06047201
136.4,7.59339929674667,-0.0305929152240104,0.0148000502764895,-0.05816887
136.41,7.56689890087923,-0.0286452552771211,0.0144564520879681,-0.05584777
136.42,7.59317217047339,-0.022655700468695,0.0141138863704203,-0.05351381
136.43,7.58064960358305,-0.0228921111562697,0.0137723912843532,-0.05117213
136.44,7.5318554563724,-0.0314102999005819,0.013432012190021,-0.04882787
136.45,7.55700395684516,-0.0422019131493213,0.0130928002237377,-0.04648619
136.46,7.61204091203297,-0.0466130992880834,0.0127548121462604,-0.04415223
136.47,7.61860906604083,-0.0530337943669092,0.0124181101960161,-0.04183113
136.48,7.63609622752397,-0.0437896518020788,0.0120827616149283,-0.03952799
136.49,7.66266370997512,-0.0417902054068381,0.01174883934596,-0.03724786
136.5,7.670495879343,-0.0411992810859274,0.0114164208000246,-0.03499577
136.51,7.67214835759733,-0.035250356903577,0.0110855879436488,-0.03277666
136.52,7.64365930561344,-0.0214591179306145,0.0107564271567322,-0.03059541
136.53,7.60596713455252,-0.026101189866307,0.0104290288655014,-0.02845681
136.54,7.56413483063897,-0.0163172002998366,0.0101034873734882,-0.02636557
136.55,7.51820846433459,-0.0232918813761866,0.00977990055189002,-0.02432629
136.56,7.46286211722882,-0.0250061852934251,0.00945836934458959,-0.02234344
136.57,7.47286978645022,-0.0207251285971521,0.00913899806395697,-0.02042139
136.58,7.45840835896333,-0.0197625326399798,0.00882189357702242,-0.01856436
136.59,7.48391941344457,-0.0271980814561445,0.00850716510966912,-0.01677643
136.6,7.48089566001997,-0.02141815024289,0.00819492399909123,-0.01506153
136.61,7.51996307902905,-0.0247281475870619,0.00788528334100348,-0.01342343
136.62,7.5340841267706,-0.0215381889523589,0.00757835768891987,-0.01186574
136.63,7.53222235078043,-0.0221231349880055,0.00727426273052166,-0.01039188
136.64,7.52436061785962,-0.0276713434506705,0.006973114938313,-0.00900508
136.65,7.54121403347572,-0.0355720763536115,0.00667503126461545,-0.0077084
136.66,7.50069643407006,-0.0331348238786928,0.00638012880787767,-0.00650468
136.67,7.48968528966981,-0.027698284456606,0.0060885244750658,-0.00539658
136.68,7.43058981187549,-0.0290269366200938,0.00580033465123288,-0.00438652
136.69,7.40584197939785,-0.040391135634749,0.00551567487374458,-0.00347674
136.7,7.44239690337763,-0.0234107020968555,0.00523465949252783,-0.00266922
136.71,7.46515240519108,-0.0184502422095886,0.00495740133852248,-0.00196574
136.72,7.50515321791876,-0.018939667423723,0.00468401142361149,-0.00136785
136.73,7.54811574036542,-0.0245666815031643,0.00441459860478127,-0.00087687
136.74,7.5282799625846,-0.0351708919906959,0.00414926924884799,-0.00049387
136.75,7.53498583851754,-0.0364359615744173,0.00388812693685797,-0.0002197
136.76,7.5299593337441,-0.0217580257053161,0.00363122215998818,-0
136.77,7.46763093346569,-0.0297540499349158,0.0033787290289208,-0
136.78,7.40958201406482,-0.035699456036775,0.00313107243600734,-0.00039426
136.79,7.39556503328271,-0.0308572172245204,0.00288902567486733,-0.00157084
136.8,7.37779834154184,-0.0217362777655178,0.00265344250324591,-0.00351118
136.81,7.37696348051309,-0.0117878230320455,0.00242505390300845,-0.00618467
136.82,7.37941320386602,-0.0119109229551369,0.00220465706308822,-0.00954915
136.83,7.44233719193144,-0.012529857926354,0.00199315095722213,-0.01355157
136.84,7.50309297872668,-0.0198420097950679,0.00179144169885163,-0.0181288
136.85,7.53249629821444,-0.0139869968647283,0.0016003637413632,-0.02320866
136.86,7.51206336292922,-0.0147117134826022,0.00142062317860774,-0.02871104
136.87,7.50617491218009,-0.0268097032530193,0.00125276584216822,-0.03454915
136.88,7.48757823268375,-0.0295220851306969,0.001097154814624,-0.04063093
136.89,7.48231950818938,-0.0181090049904302,0.000953962373235154,-0.04686047
136.9,7.4478469139186,-0.0202116567379999,0.000823166936696143,-0.05313953
136.91,7.45798194065263,-0.0081014140935038,0.000704553975132038,-0.05936907
136.92,7.42799488917817,-0.00855970975232347,0.000597720645381904,-0.06545085
136.93,7.42496672979264,-0.0123646580862265,0.000502081508948111,-0.07128896
136.94,7.41976806678229,-0.00232105789625709,0.000416880580889713,-0.07679134
136.95,7.43407814608998,-0.000234955287253195,0.000341204965058496,-0.0818712
136.96,7.44524587838248,-0.00943830989126701,0.000274002569391977,-0.08644843
136.97,7.46628339320949,-0.00979626772471275,0.000214103680071132,-0.09045085
136.98,7.42984864971357,-0.0192168524303761,0.000160245944456882,-0.09381533
136.99,7.47226674705063,-0.0218474056696277,0.00011110220122117,-0.09648882
137,7.52115773313745,-0.0169722168102159,6.53097668100889e-05,-0.09842916
137.01,7.49599845577386,-0.0143562752661477,2.14990900035215e-05,-0.09960574
137.02,7.54780125789944,-0.0176918963041317,-2.17356747344473e-05,-0.09994161
137.03,7.56732906162291,-0.0145905405511543,-6.5247806124694e-05,-0.1
137.04,7.55564321216596,-0.0136599744012662,-0.000109443260832023,-0.09994161
137.05,7.51203528873505,-0.0152046811660684,-0.000154873316814543,-0.09976658
137.06,7.48808218880392,-0.0108922539579545,-0.000202059954624004,-0.09947532
137.07,7.43630958494734,-0.01510093184906,-0.000251352523346697,-0.09906851
137.08,7.43635972825268,-0.0212656458979605,-0.000302949958839669,-0.09854709
137.09,7.40299196438522,-0.0194151552958023,-0.000356958531202135,-0.09791229
137.1,7.39820255413911,-0.0264186530662842,-0.000413439371655961,-0.09716559
137.11,7.42535744228257,-0.0253571998224471,-0.000472439552690112,-0.09630873
137.12,7.46910382116941,-0.0206264119355565,-0.000533988657486955,-0.09534372
137.13,7.50258510450867,-0.0188378157365379,-0.000598129143622044,-0.0942728
137.14,7.51364055259416,-0.00197644233794276,-0.000664894752865866,-0.09309848
137.15,7.54243652671094,0.00307446948299833,-0.000734317650562496,-0.09182351
137.16,7.52605022178832,0.00236898580981469,-0.000806426901123765,-0.09045085
137.17,7.50339587783249,0.0112868396922917,-0.000881247142106504,-0.08898372
137.18,7.47356655930667,0.0100238858334468,-0.000958798430310917,-0.08742554
137.19,7.47628031658311,0.00821743447695957,-0.00103909524293645,-0.08577995
137.2,7.44587463530239,0.00270406255971815,-0.00112214636519572,-0.08405079
137.21,7.38382488122597,-0.00365801112324538,-0.00120795465806537,-0.08224211
137.22,7.33946489750471,-0.00802774383535217,-0.00129651688445389,-0.08035813
137.23,7.37835802409566,-0.00557673179165079,-0.00138782357276438,-0.07840324
137.24,7.41654302149269,-0.00696826488742635,-0.00148185886718372,-0.07638201
137.25,7.43842239150553,-0.0127559704897961,-0.00157860039808818,-0.07429917
137.26,7.42091268520553,-0.0151863630526324,-0.00167801921810976,-0.07215958
137.27,7.38998289481918,-0.00776652168125179,-0.00178007975193684,-0.06996823
137.28,7.44961000621769,-0.00996960356534605,-0.00188473974811876,-0.06773024
137.29,7.52243078411247,-0.00569963987916893,-0.00199194991086632,-0.06545085
137.3,7.46083433069445,-0.0112303475011441,-0.00210165499403185,-0.06313537
137.31,7.42619217094143,-0.0196269753333366,-0.00221379277562756,-0.06078921
137.32,7.39337137128407,-0.0139771150047279,-0.00232829446495534,-0.05841785
137.33,7.43616874683523,-0.00704263403264979,-0.00244508480034781,-0.05602683
137.34,7.47795893363987,-0.012818808876587,-0.00256408215617796,-0.05362174
137.35,7.48089542652314,-0.0174575037571553,-0.00268519890849503,-0.05120819
137.36,7.45392864332433,-0.0172357296307047,-0.0028083409480845,-0.04879181
137.37,7.47326007245542,-0.00975175943106191,-0.00293340839860998,-0.04637826
137.38,7.48339426979242,-0.00598817986633782,-0.00306029571868505,-0.04397317
137.39,7.47287791133181,-0.000974816964122955,-0.00318889183226055,-0.04158215
137.4,7.38193285855887,-0.00125688224989439,-0.00331908041426019,-0.03921079
137.41,7.39305095639528,0.00580383833873926,-0.00345074009286266,-0.03686463
137.42,7.38422177144514,0.00528569769532753,-0.00358374469239279,-0.03454915
137.43,7.36197026222017,0.00764654927202338,-0.0037179635805175,-0.03226976
137.44,7.36001088374837,0.00353528352652027,-0.00385326185963145,-0.03003177
137.45,7.36575498781984,0.00505997784894076,-0.00398950069692001,-0.02784042
137.46,7.36444579993424,0.000777157630930693,-0.00412653763169465,-0.02570083
137.47,7.41966749897634,-0.00348906903288788,-0.00426422690358974,-0.02361799
137.48,7.44154257560283,-0.0129571502136376,-0.00440241978374327,-0.02159676
137.49,7.45029431499458,-0.00617849706290145,-0.0045409648907934,-0.01964187
137.5,7.49769904481849,-0.0101018975901372,-0.00467970854026296,-0.01775789
137.51,7.48886839702464,-0.00893843025414753,-0.00481849512868579,-0.01594921
137.52,7.48934689854893,-0.00741027679398524,-0.00495716747460893,-0.01422005
137.53,7.51176671175846,-0.00942809026028396,-0.0050955671416692,-0.01257446
137.54,7.56501702861638,-0.00730190698345275,-0.00523353489833904,-0.01101628
137.55,7.53726366708611,-0.00665050820885609,-0.00537091096426407,-0.00954915
137.56,7.57599765859836,-0.010946369842285,-0.00550753550912288,-0.00817649
137.57,7.53253712151518,-0.0140719754890817,-0.00564324897076956,-0.00690152
137.58,7.53053209726488,-0.0122541033800414,-0.00577789245765666,-0.0057272
137.59,7.53865220121078,-0.0136428016262481,-0.00591130812872237,-0.00465628
137.6,7.54487404551154,-0.0132364472794518,-0.00604333955246047,-0.00369127
137.61,7.48282976115436,-0.0100399129432765,-0.00617383211023186,-0.00283441
137.62,7.46623050544693,-0.00446381619218128,-0.00630263356097079,-0.00208771
137.63,7.44109495388904,-0.0068131963287483,-0.0064295938538483,-0.00145291
137.64,7.4602360237477,-0.0121330178415961,-0.00655456605773433,-0.00093149
137.65,7.46416082202696,-0.00634134555135069,-0.00667740653321184,-0.00052468
137.66,7.47060019839899,-0.00689706745344362,-0.0067979753158151,-0.00023342
137.67,7.51476201305729,-0.00262515684471595,-0.00691619116581061,-0
137.68,7.5413902758313,-0.00810134304331652,-0.00703183644778133,-0
137.69,7.54513202480419,-0.00506120796653787,-0.0071444544547799,-0.00039426
137.7,7.5033004450427,0.00635993328253721,-0.00725324616484362,-0.00157084
137.71,7.49148446977961,0.0123833240727936,-0.00735733245947437,-0.00351118
137.72,7.52358056193454,0.0054841955046106,-0.00745597305745847,-0.00618467
137.73,7.45695597558112,0.00812178247921386,-0.00754834900382927,-0.00954915
137.74,7.40872276048327,0.00723974304225806,-0.0076335574582316,-0.01355157
137.75,7.42084551204102,0.00454721131297749,-0.00771070455669921,-0.0181288
137.76,7.43293469133422,0.000139709199590881,-0.00777903293102073,-0.02320866
137.77,7.45201967776781,-0.00628629754817475,-0.00783787890829632,-0.02871104
137.78,7.41574667492192,-0.00465408524014339,-0.00788674357292274,-0.03454915
137.79,7.3669596510596,-0.00678779590936544,-0.00792542751651285,-0.04063093
137.8,7.40707938826379,-0.00234808835787195,-0.00795391596056088,-0.04686047
137.81,7.39394426075993,-0.000101871595322214,-0.00797236988024468,-0.05313953
137.82,7.34373749114731,0.0025943855572386,-0.00798129048416247,-0.05936907
137.83,7.33718283002224,0.00516422527329828,-0.00798148482337982,-0.06545085
137.84,7.3063834254024,0.00352575552284995,-0.00797409327693583,-0.07128896
137.85,7.38243522051464,-0.000312268811689432,-0.00796079935561701,-0.07679134
137.86,7.39113346341971,0.00115709174029159,-0.00794371476637153,-0.0818712
137.87,7.39182526227134,-0.00178451250306907,-0.00792501296556272,-0.08644843
137.88,7.39713018323938,-0.00758749784934205,-0.00790625512183595,-0.09045085
137.89,7.40704619060427,-0.0142422247321217,-0.00788833880486036,-0.09381533
137.9,7.39437892336476,-0.00890042405784153,-0.00787178602326145,-0.09648882
137.91,7.43624478143195,-0.00462173859616063,-0.00785691563121925,-0.09842916
137.92,7.3376597816852,-0.000446312484103716,-0.00784393304858076,-0.09960574
137.93,7.37110362216112,-0.00204429282457908,-0.00783302186208727,-0.09994504
137.94,7.3875629668592,-0.00956420027838603,-0.00782383504945445,-0.1
137.95,7.40048104571378,-0.00695646596864477,-0.00781558909872673,-0.09994504
137.96,7.40859696350187,-0.00489405552954744,-0.00780785206795678,-0.0997803
137.97,7.40942326623792,-0.014702548018211,-0.00780048009553118,-0.09950613
137.98,7.38793914915114,-0.0170885892361434,-0.00779342946694358,-0.09912313
137.99,7.42866438836966,-0.0149014253319329,-0.00778669127423033,-0.09863215
138,7.38217545795374,-0.00487054594939729,-0.00778027003549921,-0.09803426
138.01,7.36098716026753,-0.00718721890580855,-0.00777417734977915,-0.09733078
138.02,7.34181837639137,-0.00841420777649335,-0.00776843093237675,-0.09652326
138.03,7.30749675077667,-0.00517397285914596,-0.00776305589667006,-0.09561348
138.04,7.31554705923037,-0.00797122976244148,-0.00775808727606034,-0.09460342
138.05,7.30848970125788,-0.00996748194807689,-0.00775357338356677,-0.09349532
138.06,7.32061981821413,-0.0106219344377574,-0.00774957984040791,-0.0922916
138.07,7.35319209230368,-0.0122227974390826,-0.00774619385688982,-0.09099492
138.08,7.32943540299865,-0.00131466401089439,-0.0077435280575546,-0.08960812
138.09,7.3363822276734,0.00202493582533571,-0.00774172297838284,-0.08813426
138.1,7.42233040015806,0.00783194885519525,-0.00774094729637789,-0.08657657
138.11,7.44148340933255,0.0144652039880722,-0.00774141297520133,-0.08493847
138.12,7.41835431989675,0.0120976690243865,-0.00774332288445609,-0.08322357
138.13,7.43526970567672,0.0132912517010439,-0.00774690819722915,-0.08143564
138.14,7.40233276876966,0.00711123663716199,-0.00775239337213157,-0.07957861
138.15,7.44145448028886,0.0077450707546999,-0.00776000715807483,-0.07765656
138.16,7.48994279837335,0.00337937766728522,-0.00776996543102019,-0.07567371
138.17,7.45166075679909,0.00140270336898214,-0.00778245590845577,-0.07363443
138.18,7.4307583749857,4.28421848695988e-05,-0.00779764398154329,-0.07154319
138.19,7.47002821939824,0.000433840316847018,-0.00781566443620938,-0.06940459
138.2,7.42381121451221,-0.00644939321580409,-0.00783663648608012,-0.06722334
138.21,7.49268453537457,-0.00779869764784354,-0.00786063993016833,-0.06500423
138.22,7.48291446867525,-0.0140068629017284,-0.00788773204385177,-0.06275214
138.23,7.44757687190261,-0.018948219872955,-0.00791794864293292,-0.06047201
138.24,7.44658080565855,-0.022095582105483,-0.00795128814136952,-0.05816887
138.25,7.49309957790778,-0.0305266023136777,-0.00798775247896663,-0.05584777
138.26,7.47732127317267,-0.0300856024019914,-0.00802730922555887,-0.05351381
138.27,7.51683560339795,-0.0232077654754135,-0.0080699120338434,-0.05117213
138.28,7.50228625976528,-0.016663977185641,-0.00811551300311801,-0.04882787
138.29,7.48847080145382,-0.014584231150636,-0.00816402790813111,-0.04648619
138.3,7.48103919436893,-0.00208740859126509,-0.00821537236458502,-0.04415223
138.31,7.47459854853531,-0.00741144525186571,-0.0082694642545317,-0.04183113
138.32,7.43544876590558,0.00286362446052348,-0.00832618265271988,-0.03952799
138.33,7.45057807168305,0.00409526854763675,-0.00838542186650931,-0.03724786
138.34,7.41367842688481,-0.00456237071546814,-0.00844705080937624,-0.03499577
138.35,7.41366992018239,-0.00404787649247306,-0.00851094520502282,-0.03277666
138.36,7.42624396699363,-0.00122096095761387,-0.00857696696534305,-0.03059541
138.37,7.38990026645432,-0.00686292372081015,-0.00864497375675042,-0.02845681
138.38,7.36146623484032,-0.00381919971869644,-0.00871481919379929,-0.02636557
138.39,7.34115966402639,-0.00333577102322267,-0.00878634940921812,-0.02432629
138.4,7.38627998952269,0.00633723830232325,-0.008859395563491,-0.02234344
138.41,7.42236841054845,0.00315674608184632,-0.00893382375434066,-0.02042139
138.42,7.39237572818833,-0.00871689862790925,-0.00900946552060097,-0.01856436
138.43,7.44444457037422,-0.00717918137505083,-0.00908615757157593,-0.01677643
138.44,7.4790902590768,-0.0079414192815068,-0.00916373767867244,-0.01506153
138.45,7.49883878769804,-0.00323737339842046,-0.00922891198492629,-0.02742115
138.46,7.50309518620359,0.00271903807089839,-0.00926275294704739,-0.05385889
138.47,7.46225885942381,-0.000710235076050301,-0.00925211696479147,-0.09437817
138.48,7.42590849328856,0.0110468091795005,-0.00918223206953763,-0.14898224
138.49,7.4037459952654,0.0216289890040109,-0.00904407415090721,-0.21767413
138.5,7.32983679775485,0.0296664108851865,-0.00885175488636505,-0.30045671
138.51,7.26868426652295,0.0363475275405867,-0.00861435254512986,-0.39733262
138.52,7.2054416054954,0.0418916292569577,-0.00833496651285058,-0.50830429
138.53,7.08917157704582,0.030831359378788,-0.00801461285230378,-0.63337394
138.54,6.95518095709368,0.034120305027629,-0.00766623851869893,-0.75854586
138.55,6.891212935969,0.0256849733323303,-0.00730652200140627,-0.88382183
138.56,6.7123874103088,0.0270951248182369,-0.00694160029337412,-1.00920339
138.57,6.55829565433928,0.0235651561707926,-0.00657373423603067,-1.13469185
138.58,6.4585452207782,0.0203943786891228,-0.006203744777932,-1.26028829
138.59,6.29319019150897,0.013471949433477,-0.00583193151903004,-1.38599356
138.6,6.15207792896277,0.0270513542311758,-0.00545845329471563,-1.5117533
138.61,6.03567887753381,0.027358229463427,-0.00508326721590677,-1.63773274
138.62,5.87363837227041,0.0415060443314754,-0.00470605715763416,-1.76410644
138.63,5.79904613464762,0.0448222980733999,-0.00432620448217423,-1.89126246
138.64,5.69653214414848,0.0517188845011765,-0.00394316015940821,-2.01918224
138.65,5.54185916153869,0.0573002700913191,-0.00355676056918344,-2.14783517
138.66,5.50740982477478,0.0783204185825783,-0.00316700674601522,-2.27717909
138.67,5.57390656896468,0.118001156248911,-0.00277398015976611,-2.40716095
138.68,5.7654559643678,0.188089459589926,-0.00237781061426388,-2.53771763
138.69,6.1705862063665,0.281249973351298,0,-2.66877693
138.7,6.72434531774632,0.385279926242016,0.00229747850447606,-2.80025875
138.71,7.37035180933549,0.504171605324356,0.00661530541927188,-2.9320763
138.72,8.20615305865239,0.65012082874506,0.0127760660871869,-3.06413753
138.73,9.13088388224967,0.787079766496138,0.0204598503187227,-3.19634651
138.74,10.0931408780381,0.907024700468551,0.0293803387835722,-3.328605
138.75,11.0259053958217,1.01817256586089,0.0393419394239796,-3.46081398
138.76,11.8791690361514,1.11374627096722,0.050217730359724,-3.59287521
138.77,12.6694532432037,1.19924523432412,0.0619301978632598,-3.72469276
138.78,13.368987814863,1.2708623628875,0.0744262163087748,-3.85617458
138.79,14.0009197176981,1.31573253321435,0.0876462758168478,-3.98723388
138.8,14.4889036556181,1.35444372908897,0.101390683458762,-4.11779056
138.81,14.9164364134852,1.38223748502318,0.115383081333343,-4.24777241
138.82,15.1628558445366,1.39498232602823,0.129425408886364,-4.37711634
138.83,15.3257208958544,1.38942473417831,0.143414824871697,-4.50576927
138.84,15.4346230277993,1.38445425910252,0.157310425846284,-4.63368905
138.85,15.5618652826899,1.37475261661055,0.171098865978413,-4.74684735
138.86,15.6532681518144,1.37062815160468,0.184772686676661,-4.84517804
138.87,15.704190263047,1.35663295315315,0.198328759185977,-4.92921192
138.88,15.7498325401747,1.35102904655307,0.211763967530424,-4.99915291
138.89,15.8859079428261,1.33428900747179,0.22507369039504,-5.0550011
138.9,15.9724792033458,1.3269174779979,0.238251973406979,-5.09675675
138.91,16.0876605609244,1.30516574025026,0.25128556950539,-5.10795243
138.92,16.1963460306801,1.28209727361236,0.264154432289287,-5.08858875
138.93,16.3194202538317,1.25708185063266,0.276840880720327,-5.03866654
138.94,16.4563177856695,1.24838310937036,0.289333706091342,-4.97218449
138.95,16.5825362398285,1.23220999842116,0.301627404575037,-4.88914377
138.96,16.7129508375647,1.20585281985207,0.313713955234001,-4.78954571
138.97,16.9073455349317,1.18931853652727,0.325583950011431,-4.67339182
138.98,17.0980895831175,1.17296341282841,0.337227391813684,-4.54068377
138.99,17.2331912373808,1.15140193817782,0.348634129731368,-4.39142339
139,17.3587258639938,1.1292553885421,0.359801090680063,-4.24208058
139.01,17.5389157413318,1.09488205815407,0.370731931594833,-4.0926575
139.02,17.7546759948761,1.06798482693196,0.381427169046615,-3.94315646
139.03,17.901380526883,1.03703762123616,0.391886192218299,-3.79357991
139.04,18.0645701066385,1.00495799816915,0.402108326206432,-3.64393045
139.05,18.2012431831178,0.979891091920471,0.412093317366486,-3.49421081
139.06,18.3737526275079,0.959563207102693,0.421840447682973,-3.34442388
139.07,18.5199828044525,0.929486674695663,0.431349638430106,-3.19457264
139.08,18.6607669093064,0.911179058103954,0.440620784972303,-3.04466022
139.09,18.7436108093142,0.881050321979937,0.449653996057521,-2.89468986
139.1,18.903257585726,0.870084849063921,0.458449079318049,-2.74466492
139.11,19.0351153674593,0.844516903672191,0.467005929125542,-2.59458883
139.12,19.1419343711827,0.828050445552934,0.4753244045561,-2.44446515
139.13,19.2786636594864,0.803547528265928,0.483404362464485,-2.29429753
139.14,19.4151421774712,0.785776079453444,0.491245677292873,-2.14408968
139.15,19.5346566059482,0.757516766948876,0.498848137683218,-1.9938454
139.16,19.6860205799172,0.732948082103215,0.506211301386891,-1.84356858
139.17,19.8124852376378,0.707171660384635,0.513335447434119,-1.69326313
139.18,19.9073577187528,0.68713034305094,0.520220290935582,-1.54293306
139.19,20.0030340594066,0.654104241988192,0.526865591934859,-1.39258238
139.2,20.1250359865575,0.628807197292221,0.533271117675835,-1.24221517
139.21,20.2175584426854,0.607814764790269,0.539436792830175,-1.09183554
139.22,20.3605903413995,0.585124754491712,0.545362173820079,-0.94144761
139.23,20.4873194664299,0.558556569422344,0.551047065783079,-0.79105554
139.24,20.6235238376682,0.536811603809265,0.556491228524724,-0.64066346
139.25,20.7164772018369,0.513299633747676,0.56170481914568,-0.50674344
139.26,20.7868191283337,0.494958235800955,0.566706139339844,-0.38929961
139.27,20.883724364248,0.469156922885539,0.571508691703117,-0.2883361
139.28,20.9863745503265,0.450614383769529,0.576126170450792,-0.20385703
139.29,21.0221913978261,0.435181171908864,0.580574172842842,-0.13586645
139.3,21.0038578159456,0.421926169990454,0.584870378864159,-0.08436841
139.31,21.0137064211454,0.4068083965606,0.589033879927144,-0.04936689
139.32,21.0686649453955,0.392585692529314,0.593084661473674,-0.03086583
139.33,21.1347267259287,0.386410983203733,0.597043173410335,-0.02886909
139.34,21.1036900094799,0.38434320072694,0.600918495908724,-0.02691257
139.35,21.0265798640382,0.364883703392336,0.604712002526565,-0.025
139.36,20.7809831489154,0.295935677928613,0.608430576344172,-0.02313502
139.37,20.1502316456594,0.143171843432201,0.612080795751857,-0.02132118
139.38,19.1458443562955,-0.0533511972446664,0.615666875423832,-0.01956193
139.39,17.9732113048844,-0.2719001901336,0.617563625849368,-0.01786062
139.4,16.6782414638669,-0.494171864928965,0.612841338971582,-0.01622049
139.41,15.4268778251968,-0.71148035005711,0.604028445321654,-0.01464466
139.42,14.1827781694436,-0.904981443287748,0.593276654994831,-0.01313613
139.43,13.0539668742531,-1.05028099044052,0.581801872080885,-0.01169778
139.44,12.394354977397,-1.09950573176839,0.570236692899797,-0.01033233
139.45,12.0495288803089,-1.10248705283057,0.558855389595374,-0.0090424
139.46,11.8235279190969,-1.08634780405526,0.547738220233045,-0.00783043
139.47,11.7071452835391,-1.06533965206667,0.536880119079682,-0.00669873
139.48,11.5472148946554,-1.04422950185978,0.526252558998605,-0.00564946
139.49,11.4138666954294,-1.03103975321224,0.515829995339091,-0.00468461
139.5,11.3571061611972,-1.00868293289715,0.505597360979502,-0.00380602
139.51,11.24140347426,-0.999788956167127,0.495547913487746,-0.00301537
139.52,11.1342695477089,-0.992865815000703,0.48567887417277,-0.00231415
139.53,11.0198986413609,-0.980878529015591,0.475988651098791,-0.00170371
139.54,10.9330246748283,-0.963271919542915,0.466476160584879,-0.0011852
139.55,10.8174293914788,-0.94584064300371,0.45713972862857,-0.00075961
139.56,10.7183382885464,-0.925346036344731,0.447977277555051,-0.00042776
139.57,10.6545572899228,-0.913662369045154,0.438986524571966,-0.00019027
139.58,10.4836234327513,-0.89598378522464,0.430165100323159,-0
139.59,10.3706957559208,-0.868999440990549,0.421510755853164,-0
139.6,10.2856242821773,-0.852852065107414,0.41302136708066,-0.00039426
139.61,10.2225259497908,-0.837458924890218,0.404695134367206,-0.00157084
139.62,10.1611060272149,-0.817732028672035,0.396530366148196,-0.00351118
139.63,10.102083486132,-0.798989508324129,0.388525342799872,-0.00618467
139.64,9.93523386191374,-0.77312527595363,0.380678292103268,-0.00954915
139.65,9.90133773500719,-0.75373107012189,0.372987433983527,-0.01355157
139.66,9.79471694453212,-0.742512897646607,0.365451009403317,-0.0181288
139.67,9.74009961852183,-0.720251730778982,0.358067139353013,-0.02320866
139.68,9.64067002622422,-0.700508475629477,0.350834030734143,-0.02871104
139.69,9.58450864514663,-0.680978926663187,0.343750037323086,-0.03454915
139.7,9.50486781405525,-0.671913198203169,0.336812910576318,-0.04063093
139.71,9.51523943699954,-0.662806078271992,0.330020654784283,-0.04686047
139.72,9.44200440233989,-0.65239343648778,0.323371232982126,-0.05313953
139.73,9.39788059131596,-0.642771106285954,0.316862507744286,-0.05936907
139.74,9.31016189350955,-0.626036400904437,0.310492254118761,-0.06545085
139.75,9.24285742742478,-0.616585919920244,0.304258169312921,-0.07128896
139.76,9.1902813227548,-0.614962640212523,0.298157873223873,-0.07679134
139.77,9.12835688349246,-0.609112689898873,0.292188927011348,-0.0818712
139.78,9.03005429403086,-0.596573017325755,0.286348814921226,-0.08644843
139.79,8.97723363006424,-0.585984910351199,0.280634987227769,-0.09045085
139.8,8.9156703972038,-0.568610820997375,0.275044778140028,-0.09381533
139.81,8.85887253724206,-0.557340664675178,0.269575500275339,-0.09648882
139.82,8.82308512251691,-0.547373400882869,0.264224414988011,-0.09842916
139.83,8.79059307829317,-0.534142835943294,0.258988772191261,-0.09960574
139.84,8.73449317427024,-0.513478315298228,0.253865738286222,-0.09994337
139.85,8.6796405931536,-0.502683685950063,0.248852821005534,-0.1
139.86,8.65173699603772,-0.482655313025635,0.24394789034541,-0.09994337
139.87,8.64053616337009,-0.472860550157735,0.239148686949557,-0.0997736
139.88,8.63728959184333,-0.465650519791044,0.234452917742382,-0.09949107
139.89,8.62478687263567,-0.454410988622278,0.229858575090802,-0.09909643
139.9,8.54972907580557,-0.440710894636154,0.22536364117232,-0.09859058
139.91,8.49490824996136,-0.437591814837525,0.220965634843383,-0.09797465
139.92,8.48020419766141,-0.425915354590547,0.216662805580773,-0.09725004
139.93,8.47914603363542,-0.426577917121077,0.212453152648777,-0.0964184
139.94,8.42210881799394,-0.419370080321084,0.208334701588426,-0.0954816
139.95,8.38794811559528,-0.40058050720952,0.204305538673378,-0.09444177
139.96,8.34083166137697,-0.397015867220206,0.20036360820797,-0.09330127
139.97,8.32001296673994,-0.386009086115223,0.196507023363981,-0.09206268
139.98,8.30537597293471,-0.375407179863735,0.192733897387832,-0.0907288
139.99,8.27002049413703,-0.367181106285429,0.189042331042729,-0.08930265
140,8.24807261785598,-0.35354400506958,0.18543047867849,-0.08778748
140.01,8.20649502672079,-0.346612164270237,0.181896522427945,-0.0861867
140.02,8.22954675801913,-0.34697125495475,0.178438686643062,-0.08450395
140.03,8.22990938138769,-0.333893868522738,0.175055161441377,-0.08274304
140.04,8.18929535052865,-0.33756262400215,0.171744185465091,-0.08090795
140.05,8.21197393312679,-0.32713920078442,0.168504088671185,-0.07900285
140.06,8.21913700489408,-0.320090969054963,0.165333145391623,-0.07703204
140.07,8.19892785671183,-0.311938826749498,0.162229703677876,-0.075
140.08,8.18801932252448,-0.300069033767307,0.159192114729867,-0.07291133
140.09,8.10927699206118,-0.299531660501968,0.156218795831183,-0.07077075
140.1,8.07169744942821,-0.290023559735794,0.153308177442533,-0.06858312
140.11,8.06831877156473,-0.275301850870757,0.15045872147648,-0.0663534
140.12,8.02366503520491,-0.2718348620691,0.147668936352113,-0.06408663
140.13,8.00825499946157,-0.270546773432411,0.144937320872825,-0.06178795
140.14,7.96057334399381,-0.268105166491145,0.142262444363221,-0.05946256
140.15,7.90687264172374,-0.26140154141028,0.139642898741046,-0.05711574
140.16,7.88413303212624,-0.249810901916837,0.137077308021169,-0.0547528
140.17,7.89216840376382,-0.247828070554239,0.134564329061343,-0.0523791
140.18,7.85700228340596,-0.248011873208757,0.132102651959339,-0.05
140.19,7.87508407598153,-0.246026327016716,0.12969099986447,-0.0476209
140.2,7.85362416386168,-0.240453793922865,0.127328129907383,-0.0452472
140.21,7.85734069222925,-0.229002601077028,0.125012831950614,-0.04288426
140.22,7.88785207984943,-0.237191286006227,0.122743929228615,-0.04053744
140.23,7.87125275863967,-0.226098561220539,0.120520277865661,-0.03821205
140.24,7.85069101527232,-0.221846336303238,0.11834076678572,-0.03591337
140.25,7.89882313295978,-0.219556400290751,0.116204317406248,-0.0336466
140.26,7.87893424689628,-0.216400723457535,0.114109882944507,-0.03141688
140.27,7.84763545938373,-0.213358848829407,0.112056449353381,-0.02922925
140.28,7.86922103715834,-0.212687216411986,0.110043032769541,-0.02708867
140.29,7.88964604131788,-0.198850286936534,0.108068681388033,-0.025
140.3,7.89247260559632,-0.199999273668957,0.106132473454305,-0.02296796
140.31,7.87829977276888,-0.196865338161773,0.104233519117216,-0.02099715
140.32,7.84385942749897,-0.18706186879415,0.102370948481989,-0.01909205
140.33,7.83081153023772,-0.180656615586646,0.100543934523745,-0.01725696
140.34,7.87706673318668,-0.172559763883854,0.0987516706217627,-0.01549605
140.35,7.84486281223109,-0.172085428337224,0.0969933787916418,-0.0138133
140.36,7.80318167824217,-0.167260795016311,0.0952683082815838,-0.01221252
140.37,7.77471055676429,-0.168480480822351,0.0935757345554032,-0.01069735
140.38,7.73790450262361,-0.164985565292403,0.0919149581302517,-0.0092712
140.39,7.74973552034444,-0.160778606440171,0.0902853040505775,-0.00793732
140.4,7.72058738681295,-0.163540332193683,0.0886861212920941,-0.00669873
140.41,7.6790476366008,-0.155660586043232,0.0871167816158941,-0.00555823
140.42,7.66744213842559,-0.15152133815221,0.085576679370982,-0.0045184
140.43,7.69666733924437,-0.154704967619814,0.0840652298141813,-0.0035816
140.44,7.68184968850306,-0.141425681418727,0.0825818691369702,-0.00274996
140.45,7.70093775313049,-0.130947791609862,0.0811260533448877,-0.00202535
140.46,7.66835613076166,-0.132090568623131,0.0796972572569345,-0.00140942
140.47,7.64241806244203,-0.123083901932687,0.0782949738916563,-0.00090357
140.48,7.63836668674556,-0.125775732493323,0.076918713412863,-0.00050893
140.49,7.60721822737153,-0.126309817289536,0.0755680024792049,-0.0002264
140.5,7.57964880345436,-0.126327935161671,0.074242337954472,-0
140.51,7.58277165370811,-0.12596318894762,0.0729413543459592,-0
140.52,7.59681658838269,-0.140093237720632,0.0716649222521504,-0.00039426
140.53,7.56832245012415,-0.13565210572104,0.0704132618810343,-0.00157084
140.54,7.5904312150271,-0.137947723979353,0.0691866996757058,-0.00351118
140.55,7.56633448730483,-0.129917575081227,0.0679854568693136,-0.00618467
140.56,7.55374146892569,-0.124167246356714,0.066809828551682,-0.00954915
140.57,7.55734261004909,-0.124572383313901,0.0656601740761686,-0.01355157
140.58,7.53545654282183,-0.13003820971112,0.0645368921247112,-0.0181288
140.59,7.49749548298336,-0.121941025674859,0.0634403368988701,-0.02320866
140.6,7.54022449033239,-0.118898869176232,0.062370765371113,-0.02871104
140.61,7.52642072713049,-0.110087231054182,0.061328293758124,-0.03454915
140.62,7.53460727668517,-0.118903510450621,0.0603129214222113,-0.04063093
140.63,7.55519225669534,-0.115006487928422,0.0593244824311275,-0.04686047
140.64,7.53849911058513,-0.108844507794081,0.058362655870482,-0.05313953
140.65,7.56667352846335,-0.101638372133753,0.0574269647909829,-0.05936907
140.66,7.55254691878903,-0.0965873053835168,0.0565167775260794,-0.06545085
140.67,7.50951697831453,-0.0993843015008818,0.0556313111117626,-0.07128896
140.68,7.50445583030452,-0.0977961177280858,0.0547696395574638,-0.07679134
140.69,7.49858611672398,-0.0901119957103225,0.0539306926177907,-0.0818712
140.7,7.5064300100145,-0.0943573748149809,0.0531132772984083,-0.08644843
140.71,7.51694858225709,-0.0895090539743822,0.052316086984248,-0.09045085
140.72,7.50887792898957,-0.0956474337462837,0.0515377158811408,-0.09381533
140.73,7.53141624143393,-0.0949556121882857,0.0507766770856553,-0.09648882
140.74,7.50079619295078,-0.0880209625274531,0.0500314215915362,-0.09842916
140.75,7.49664025057249,-0.0842308443342709,0.0493003581112341,-0.09960574
140.76,7.48031688305128,-0.0823304539864717,0.048581823682981,-0.09994161
140.77,7.46259775142815,-0.0715128442483211,0.0478746364081382,-0.1
140.78,7.45494765996738,-0.0652188838157692,0.0471780389683411,-0.09994161
140.79,7.50361828009417,-0.0587491355204536,0.0464911334069542,-0.09976658
140.8,7.51931558938878,-0.0533025489343219,0.0458130776060828,-0.09947532
140.81,7.56160968910893,-0.0541334315533769,0.0451432173771873,-0.09906851
140.82,7.57888057922133,-0.0651891350513666,0.0444810857944906,-0.09854709
140.83,7.55658558158953,-0.0661388081310818,0.0438263390311244,-0.09791229
140.84,7.52198767161299,-0.0732289508712647,0.0431787036862933,-0.09716559
140.85,7.53771091278311,-0.0709123473713699,0.0425379371858192,-0.09630873
140.86,7.47909443703682,-0.0721173418404932,0.0419038093486072,-0.09534372
140.87,7.44916216303914,-0.0766087169952472,0.0412760957425756,-0.0942728
140.88,7.48650436961724,-0.0779121358050591,0.040654576853817,-0.09309848
140.89,7.48720855101978,-0.0717498003302496,0.0400390396005885,-0.09182351
140.9,7.55450682356623,-0.0702388528978138,0.0394292775346054,-0.09045085
140.91,7.6694790091475,-0.0688806474350636,0.0388250957429917,-0.08898372
140.92,7.64741857647523,-0.0723414175998863,0.0382263087533514,-0.08742554
140.93,7.62122368913811,-0.0669603856704366,0.0376327399265522,-0.08577995
140.94,7.58962831587441,-0.0646707629554622,0.0370442235450455,-0.08405079
140.95,7.53844775293654,-0.0567966571044542,0.0364606044378023,-0.08224211
140.96,7.55705343792018,-0.0519413214894512,0.0358817378055598,-0.08035813
140.97,7.54303435032392,-0.0561393149990784,0.0353074890325145,-0.07840324
140.98,7.49233058366187,-0.0538250765058444,0.0347377337238746,-0.07638201
140.99,7.48263451569518,-0.0554699027539232,0.0341723576419764,-0.07429917
141,7.52977228195405,-0.0620319202059955,0.033611256677915,-0.07215958
141.01,7.54890182187214,-0.0521241313710541,0.0330543367088768,-0.06996823
141.02,7.55681919887872,-0.0453930217312848,0.0325015051758849,-0.06773024
141.03,7.52026824013414,-0.0498840794830968,0.0319526803088364,-0.06545085
141.04,7.50454494271132,-0.0434536741324523,0.0314078210360366,-0.06313537
141.05,7.51653551739312,-0.0439791654157121,0.0308668647433616,-0.06078921
141.06,7.59663865876415,-0.0479141067289934,0.030329762232582,-0.05841785
141.07,7.61275797405066,-0.0405843419983223,0.0297964777036564,-0.05602683
141.08,7.66068214572769,-0.0439348456534587,0.0292669854483566,-0.05362174
141.09,7.68895749844346,-0.0508074611127264,0.0287412683834311,-0.05120819
141.1,7.69024358362574,-0.0437335689556702,0.0282193174225272,-0.04879181
141.11,7.63024758517366,-0.0464842256123547,0.0277011313711291,-0.04637826
141.12,7.57361900900885,-0.0444654827403308,0.0271867168321262,-0.04397317
141.13,7.55155193503462,-0.0404278733371707,0.0266760880903334,-0.04158215
141.14,7.53943537369891,-0.0454440063918532,0.0261692668463101,-0.03921079
141.15,7.52125683208251,-0.0546512476316639,0.025666282105724,-0.03686463
141.16,7.52021794748535,-0.0597173323487975,0.0251671697766512,-0.03454915
141.17,7.52764150911628,-0.0637326262540272,0.024671972383279,-0.03226976
141.18,7.5830214987607,-0.0672149983756572,0.0241807387576426,-0.03003177
141.19,7.56813274553407,-0.0591752792742912,0.0236935249112434,-0.02784042
141.2,7.53454386785793,-0.0506839040250009,0.0232103900427717,-0.02570083
141.21,7.51723048698801,-0.0470907829618339,0.0227313997340788,-0.02361799
141.22,7.50558598054069,-0.0386196306956064,0.0222566243818332,-0.02159676
141.23,7.48992349492685,-0.0394799935398849,0.0217861388944812,-0.01964187
141.24,7.51640733674774,-0.0440453992969873,0.0213200222755768,-0.01775789
141.25,7.50767998677456,-0.0407776062121473,0.0208583572247053,-0.01594921
141.26,7.52246148318051,-0.0473055820358162,0.0204012297480357,-0.01422005
141.27,7.52336345219174,-0.0497604274951031,0.0199487287835417,-0.01257446
141.28,7.55033443214309,-0.051185421401279,0.0195009458025389,-0.01101628
141.29,7.56876385977183,-0.0587293759396726,0.0190579743898882,-0.00954915
141.3,7.54687558993376,-0.0588074536161302,0.0186199098266339,-0.00817649
141.31,7.56158435175066,-0.045701519219821,0.0181868487058721,-0.00690152
141.32,7.54046487260372,-0.0513009594692883,0.0177588885116804,-0.0057272
141.33,7.55020490263225,-0.0559955223153506,0.0173361272294803,-0.00465628
141.34,7.55878745018513,-0.0565780873664106,0.0169186629250957,-0.00369127
141.35,7.49839730463094,-0.0560316281889204,0.0165065933472274,-0.00283441
141.36,7.46279922619222,-0.0501922472892837,0.0161000155009442,-0.00208771
141.37,7.48093945209314,-0.0451789290200418,0.0156990253188025,-0.00145291
141.38,7.41822004310181,-0.0455767114954621,0.0153037171691766,-0.00093149
141.39,7.43040315274548,-0.0370888141196485,0.0149141835763132,-0.00052468
141.4,7.41162476714148,-0.0310598419244446,0.0145305147782906,-0.00023342
141.41,7.32325466027513,-0.0277157912543388,0.0141527449983803,-0
141.42,7.38183087644199,-0.0250153756994829,0.0137810398952738,-0
141.43,7.36461109983185,-0.020913188535474,0.0134158071499014,-0.00039426
141.44,7.37644346831976,-0.0178034025656705,0.0130577919194174,-0.00157084
141.45,7.40683675156172,-0.0269557609618772,0.0127078269309998,-0.00351118
141.46,7.41254089421483,-0.0277834503785355,0.0123666124114462,-0.00618467
141.47,7.44702233519809,-0.0215324190267957,0.0120349347067695,-0.00954915
141.48,7.45629915849357,-0.0211014372948591,0.0117136662877797,-0.01355157
141.49,7.43638044429899,-0.0272666759593536,0.0114036893805184,-0.0181288
141.5,7.45742587515459,-0.0317048129128088,0.0111058198429342,-0.02320866
141.51,7.38339310480338,-0.0333824239412848,0.0108207495430185,-0.02871104
141.52,7.34242805722004,-0.0278589803475646,0.0105490244487003,-0.03454915
141.53,7.33652696272627,-0.0257320124209778,0.0102909899931099,-0.04063093
141.54,7.30161501849706,-0.0254963965065176,0.0100468231553843,-0.04686047
141.55,7.31969218279317,-0.0321057132768185,0.00981650873987684,-0.05313953
141.56,7.32287571828763,-0.0201443814539794,0.00959984259919032,-0.05936907
141.57,7.31250652943663,-0.0155181505792306,0.00939643663854125,-0.06545085
141.58,7.35120857945719,-0.0132915252096837,0.00920572613679607,-0.07128896
141.59,7.35954556186934,-0.0171572993388248,0.00902697794480949,-0.07679134
141.6,7.36794980691614,-0.0184324195518444,0.00885930370340839,-0.0818712
141.61,7.36729376258859,-0.0247561861981477,0.00870167444261519,-0.08644843
141.62,7.3963471338565,-0.0196353962023455,0.00855293772641337,-0.09045085
141.63,7.35386194116008,-0.0202304393738516,0.00841183786617372,-0.09381533
141.64,7.35255434561935,-0.0240487833926145,0.00827703730279372,-0.09648882
141.65,7.4009553299493,-0.0215811457074473,0.00814713971327758,-0.09842916
141.66,7.44941405587356,-0.0181025637323686,0.0080207136466332,-0.09960574
141.67,7.45254522587844,-0.0127230166120844,0.0078962646966034,-0.09994504
141.68,7.48275377316446,-0.0110978468642392,0.00777281151839298,-0.1
141.69,7.46762497034131,-0.0173912160478409,0.0076498087724369,-0.09994504
141.7,7.50782877498946,-0.0133339265950013,0.00752657894084018,-0.0997803
141.71,7.56271124753177,-0.00761971534862753,0.00740248859829033,-0.09950613
141.72,7.51231769377107,-0.0101901945313717,0.00727711218713559,-0.09912313
141.73,7.49875427093236,-0.0137211909729701,0.00715021275386002,-0.09863215
141.74,7.50008444818495,-0.0191686084884175,0.00702167551295594,-0.09803426
141.75,7.46218399440214,-0.0177596745176701,0.00689144881406573,-0.09733078
141.76,7.49713407830976,-0.0120389717831192,0.00675950698509599,-0.09652326
141.77,7.47459701219661,-0.0177114106260053,0.00662583163331061,-0.09561348
141.78,7.41261206516184,-0.0142566484205666,0.00649040448103804,-0.09460342
141.79,7.4069751216205,-0.0163723854835901,0.00635320607621008,-0.09349532
141.8,7.38469147782774,-0.00856646040731803,0.00621421669569556,-0.0922916
141.81,7.4140480317872,-0.0100461926281262,0.00607341773064579,-0.09099492
141.82,7.40565891541811,-0.0157438722043903,0.00593079287844495,-0.08960812
141.83,7.41893873142724,-0.00829350892317685,0.00578632898113488,-0.08813426
141.84,7.41751497794623,-0.00346973912651142,0.00564001657712974,-0.08657657
141.85,7.45110544403238,-0.00862650176876803,0.00549185026052191,-0.08493847
141.86,7.44942376437526,-0.00478893467043954,0.00534182897756605,-0.08322357
141.87,7.43237268203116,-0.00860540642822166,0.00518995624530828,-0.08143564
141.88,7.4360314851897,-0.0107305585581166,0.00503624031908592,-0.07957861
141.89,7.45341328030251,-0.0121620046725279,0.00488069436020945,-0.07765656
141.9,7.40744194985278,-0.0239723749803555,0.00472333658646557,-0.07567371
141.91,7.43759089658551,-0.0306339554750225,0.00456419046830166,-0.07363443
141.92,7.39873623771253,-0.0320563677261788,0.00440328463485259,-0.07154319
141.93,7.42939227460656,-0.0351933526841565,0.00424065313201161,-0.06940459
141.94,7.42597960276355,-0.0309381594665409,0.00407633545065076,-0.06722334
141.95,7.36944893633451,-0.0228264152616398,0.00391037653434814,-0.06500423
141.96,7.38867186204748,-0.0129744147498711,0.00374282675834133,-0.06275214
141.97,7.42852987114444,-0.0046856781923056,0.00357374219160303,-0.06047201
141.98,7.38970916945703,-0.00226994814923484,0.00340318390458614,-0.05816887
141.99,7.38068685787691,0.00362852970499594,0.00323121868634355,-0.05584777
142,7.38117496868691,0.0036103092946785,0.0030579185475759,-0.05351381
142.01,7.45367814376408,-0.00275491042571177,0.00288336073515727,-0.05117213
142.02,7.46042218345373,-0.00506215963146736,0.0027076276297848,-0.04882787
142.03,7.50133131683997,-0.0146228452748936,0.00253080659603473,-0.04648619
142.04,7.46632807522683,-0.0197214115917386,0.00235298986408648,-0.04415223
142.05,7.47515647273981,-0.0316732205647954,0.00217427437465392,-0.04183113
142.06,7.51313354562605,-0.0374941098567992,0.00199476158685753,-0.03952799
142.07,7.49619868288228,-0.0419368274383083,0.00181455730974461,-0.03724786
142.08,7.47059375937643,-0.0371471199552482,0.00163377149563086,-0.03499577
142.09,7.53875946179969,-0.0383200175457901,0.00145251802477754,-0.03277666
142.1,7.49532394224355,-0.0346105338801499,0.00127091446408786,-0.03059541
142.11,7.53757907967598,-0.0423579835951472,0.00108908184340025,-0.02845681
142.12,7.5631423285266,-0.0241768575192556,0.000907144405336572,-0.02636557
142.13,7.57999050874764,-0.0240693175604753,0.00072522934648922,-0.02432629
142.14,7.56093383698278,-0.0235939913648138,0.000543466521164254,-0.02234344
142.15,7.53110788444041,-0.0296630190832607,0.000361988186759372,-0.02042139
142.16,7.48953688982423,-0.0345221022065488,0.000180928760783411,-0.01856436
142.17,7.49438222325926,-0.0323817410453736,4.24450745635865e-07,-0.01677643
142.18,7.45788749943306,-0.0204773145995812,-0.000179387019930926,-0.01506153
142.19,7.5175165012392,-0.0218885271491093,-0.000358366710676235,-0.01342343
142.2,7.47460777368134,-0.0188553157870223,-0.000536374769808921,-0.01186574
142.21,7.51160134134277,-0.015695075366091,-0.000713270761335804,-0.01039188
142.22,7.54764767328989,-0.0122010317900443,-0.000888914004044981,-0.00900508
142.23,7.54999152998091,0.00121599431290478,-0.00105010311336467,-0.0218144
142.24,7.55441962907404,0.00433785304850588,-0.00117764795751546,-0.04882269
142.25,7.50800852730727,0.00252573496988166,-0.00125827422259136,-0.09003259
142.26,7.42633970264166,0.00878622029398242,-0.00127616851582972,-0.14544654
142.27,7.41374790548038,0.00590402131299252,-0.00121242217006495,-0.21506677
142.28,7.33774283982945,0.0131558311520786,-0.00105613228058757,-0.29889526
142.29,7.23360640695334,0.0193760139561766,-0.000832209124456728,-0.3969338
142.3,7.08296624991468,0.0163240528374493,-0.000558075585256368,-0.50918393
142.31,6.98328244277913,0.0150365825718206,-0.000239761888183034,-0.63564697
142.32,6.90450684441692,0.017468281210884,0.000107883121684497,-0.76221799
142.33,6.80813576484806,0.00999019708957419,0.000467371785692842,-0.88889783
142.34,6.68858747893066,0.0172938323706247,0.00083225051784583,-1.01563215
142.35,6.61494945596515,0.022082101088409,0.00120025124760006,-1.14258617
142.36,6.55683626801902,0.0259058921806816,0.00157084224974365,-1.26993446
142.37,6.48265961552029,0.0306032975570102,0.00194433304784519,-1.39806505
142.38,6.36220749398325,0.0341263889500802,0.00232115744022318,-1.5269594
142.39,6.27076146144395,0.0393306191603723,0.00270143894372139,-1.65658691
142.4,6.1238624961624,0.0468951534801814,0.0030851583382644,-1.78690542
142.41,5.98015961961408,0.0495420902834632,0.00347222703328026,-1.91786185
142.42,5.83169820510566,0.0447843265755132,0.00386251172316826,-2.04939311
142.43,5.65164595811054,0.0467710847211619,0.00425584535995209,-2.18142698
142.44,5.58316643148323,0.0488310135732917,0.00465203312938707,-2.31388338
142.45,5.57063352833212,0.0935536081471064,0.00505085573667299,-2.44667551
142.46,5.73443940319522,0.156239589813164,0.0054520760354185,-2.57971132
142.47,6.07823227173221,0.243217538553245,0,-2.71289487
142.48,6.57638177265484,0.354100944675713,0.00197259017973883,-2.84612795
142.49,7.21473058296105,0.484599106092308,0.00595169351995468,-2.9793115
142.5,8.03200553707693,0.620013982508235,0.0118247185990213,-3.11234731
142.51,8.89866797977666,0.761673983869774,0.0192740104779522,-3.24513944
142.52,9.80664225620518,0.886014017061335,0.0280037847831669,-3.37759584
142.53,10.7244315914545,0.993117636170013,0.0378014494344593,-3.50962971
142.54,11.5800868402506,1.09689128766294,0.0485302225991982,-3.64116097
142.55,12.41802311996,1.18100550103464,0.0601056501612189,-3.7721174
142.56,13.1198447774001,1.2516342414079,0.0724714817807091,-3.90243591
142.57,13.7097286348862,1.3066837615551,0.0855755640849363,-4.03206342
142.58,14.2600322822051,1.35669594215562,0.0992483169123295,-4.16095777
142.59,14.7129390545415,1.37245802934196,0.113211778555814,-4.28908836
142.6,15.0057367268286,1.39453799976222,0.127250083617857,-4.4163863
142.61,15.1962808640685,1.39447094142851,0.14124654522387,-4.54339067
142.62,15.3592413088991,1.38792265727513,0.155152178423111,-4.67029434
142.63,15.4685185876617,1.37735659422751,0.168955461286001,-4.79709742
142.64,15.5582938597487,1.37082328955877,0.182653589056412,-4.90969421
142.65,15.625188000064,1.36024855621365,0.196241478376097,-5.00808522
142.66,15.7297570668256,1.35404553864353,0.20971522366851,-5.09227115
142.67,15.8041611876096,1.34160594738544,0.223070147369784,-5.1622529
142.68,15.9024914670054,1.31641881329513,0.23630046855063,-5.21803159
142.69,15.9566377550001,1.29674442747615,0.249399633674319,-5.25960852
142.7,16.1131006352178,1.27634695909914,0.262360663436337,-5.28698517
142.71,16.2606692406219,1.25365928865842,0.275168403826663,-5.28022026
142.72,16.3390806270458,1.23618562419775,0.287799652181563,-5.23931565
142.73,16.4400491188039,1.22062466420491,0.300239912877963,-5.17837941
142.74,16.57856857182,1.19485138441427,0.312481567494581,-5.09741376
142.75,16.7519764672861,1.17354248121679,0.324514735393225,-4.9964211
142.76,16.9484349666181,1.15163432858194,0.336328100328135,-4.87540402
142.77,17.0784555009795,1.12920330919911,0.347909623692907,-4.73436524
142.78,17.217196150852,1.10167062068397,0.359246989421546,-4.57330766
142.79,17.432519388842,1.06599789822692,0.37032760297506,-4.39223433
142.8,17.5781791602823,1.04552722676425,0.381147501139353,-4.21109142
142.81,17.7511064860495,1.02637914827019,0.391710818557442,-4.02988226
142.82,17.9313730574919,1.00998281826611,0.402017993561915,-3.84861031
142.83,18.0908511552458,0.98925118014469,0.41206777366249,-3.66727918
142.84,18.2526597456996,0.97197939681516,0.421858539249004,-3.48589258
142.85,18.4740247534306,0.951749322392945,0.431389257438474,-3.30445433
142.86,18.6639593907201,0.9356457229286,0.440659169926814,-3.12296837
142.87,18.8528513465679,0.90146376430209,0.449667850841757,-2.94143872
142.88,19.0494896371105,0.872676169597818,0.458414724098313,-2.75986949
142.89,19.2157138285148,0.835311122774141,0.466899242775302,-2.57826488
142.9,19.3774475048858,0.806337240454344,0.475120847271228,-2.39662916
142.91,19.5819325411908,0.76262712442488,0.483078948475259,-2.21496665
142.92,19.6973234178835,0.733110906128215,0.490772862805258,-2.03328173
142.93,19.8313387938407,0.705066202744499,0.49820159668758,-1.85157883
142.94,19.9762448167399,0.6809356786391,0.505364938269395,-1.66986241
142.95,20.0826186392231,0.652385126302459,0.51226204094125,-1.48813697
142.96,20.2298534320435,0.628437817929157,0.51889204998746,-1.30640702
142.97,20.3547025106047,0.598946841968151,0.52525414288475,-1.12467706
142.98,20.385160678894,0.5816869639964,0.53134743995501,-0.94295162
142.99,20.4392355536333,0.553680537796735,0.537171153448368,-0.7612352
143,20.5498722045729,0.528370039343915,0.542736436046501,-0.59947527
143.01,20.6196782925408,0.508645627492186,0.548064503143564,-0.45767629
143.02,20.6892116222278,0.485780340420091,0.553171003198455,-0.33584269
143.03,20.7526078173633,0.462733801215432,0.558071574386796,-0.23397884
143.04,20.7921809089829,0.446238724993368,0.562784014235274,-0.15208907
143.05,20.9234758339066,0.425953783124877,0.567328565664436,-0.09017765
143.06,21.0108157350087,0.417387557248109,0.571727193151257,-0.04824878
143.07,21.0236164881789,0.399970829108556,0.576003012873071,-0.02630657
143.08,21.0723142126876,0.387201913125798,0.580179788610174,-0.02435504
143.09,21.0894086558247,0.379495217977299,0.584267840501509,-0.02245515
143.1,20.8967311609322,0.324738880805168,0.588268283149439,-0.02061074
143.11,20.3354235871589,0.179702077276546,0.592188577237057,-0.01882551
143.12,19.3213941204308,-0.00842594651080134,0.596036317067836,-0.01710306
143.13,18.1268107418835,-0.222203722891325,0.599033634061419,-0.01544687
143.14,16.9140413447618,-0.434223873219114,0.595663926608082,-0.01386026
143.15,15.6360405810869,-0.647848517267538,0.587556503096921,-0.01234643
143.16,14.3454994528781,-0.863400949581897,0.577170035047047,-0.01090843
143.17,13.2041468606735,-1.02125690282601,0.565879810924056,-0.00954915
143.18,12.4091657680957,-1.08467899158344,0.554413350558977,-0.00827134
143.19,12.0290513840645,-1.10499436797355,0.543100478935948,-0.00707756
143.2,11.8588928622688,-1.09337339073959,0.532047802991391,-0.00597022
143.21,11.6432761742844,-1.07586995898485,0.521259690863589,-0.00495156
143.22,11.5288417477735,-1.05452031465803,0.510708235821453,-0.00402361
143.23,11.3797490195606,-1.03153357771412,0.500365639191884,-0.00318826
143.24,11.2484909342151,-1.0109417695792,0.490214645421504,-0.00244717
143.25,11.1935838441329,-0.99055405329661,0.480247282287486,-0.00180186
143.26,11.1007417905125,-0.962432909988887,0.470460124906914,-0.0012536
143.27,10.9888098423848,-0.949958420603305,0.460851812273289,-0.00080352
143.28,10.9296565746117,-0.931218410443732,0.451421291536099,-0.00045251
143.29,10.8274859166989,-0.913768236798308,0.442166933932915,-0.00020129
143.3,10.7596568699259,-0.894385660332797,0.433086681964991,-0
143.31,10.6524955956983,-0.874943871070004,0.424178295698767,-0
143.32,10.4892289383028,-0.853212128257544,0.415439646297707,-0.00039426
143.33,10.3728593374891,-0.839940475414889,0.406868854603192,-0.00157084
143.34,10.2378133032021,-0.820969014980895,0.398464238217476,-0.00351118
143.35,10.1288585580799,-0.809919194851596,0.390223931496025,-0.00618467
143.36,10.0341444566556,-0.79643683324291,0.382146094666608,-0.00954915
143.37,9.92388615338391,-0.777183673287521,0.374228881995551,-0.01355157
143.38,9.86206904549493,-0.759379975130329,0.366470493681907,-0.0181288
143.39,9.84602157812562,-0.750265154403531,0.358869102968461,-0.02320866
143.4,9.76482967851856,-0.732877686542752,0.351422812275759,-0.02871104
143.41,9.71809819630587,-0.715217059060685,0.344129697109936,-0.03454915
143.42,9.68355143452244,-0.695391923139483,0.336987977548127,-0.04063093
143.43,9.62094421593325,-0.684617561469273,0.329995397372714,-0.04686047
143.44,9.55856135853827,-0.6754819102151,0.323149813248391,-0.05313953
143.45,9.44420387924238,-0.66337989106584,0.316449050132779,-0.05936907
143.46,9.31122823494246,-0.654105389315197,0.309890829674736,-0.06545085
143.47,9.246739657229,-0.639005907458326,0.303472855697415,-0.07128896
143.48,9.15663374709821,-0.620334653068903,0.297192716441897,-0.07679134
143.49,9.05143268377828,-0.601393786402002,0.291047924615279,-0.0818712
143.5,8.96284923235983,-0.578141920307785,0.285035938487789,-0.08644843
143.51,8.92329829223588,-0.567259334301018,0.27915414523318,-0.09045085
143.52,8.93424995197726,-0.552536985851647,0.273399876098187,-0.09381533
143.53,8.93639095560921,-0.53507139891267,0.267770411689421,-0.09648882
143.54,8.87787656895188,-0.522808915337079,0.262262990878368,-0.09842916
143.55,8.8891418743032,-0.518208021505266,0.256874819190636,-0.09960574
143.56,8.87010561810783,-0.507309111518801,0.251603046573539,-0.09995839
143.57,8.86054783959934,-0.502481712182672,0.246445148990893,-0.1
143.58,8.78006866608956,-0.483269947581522,0.241398955990224,-0.09995839
143.59,8.74429034056293,-0.483641667890903,0.236462265470464,-0.09983363
143.6,8.65949842691296,-0.476725753587796,0.231632780073427,-0.09962593
143.61,8.64239615352293,-0.479971610644223,0.226908193302003,-0.09933562
143.62,8.59314482115445,-0.461575674447311,0.222286511136431,-0.09896321
143.63,8.55820848255724,-0.456398056652668,0.217765648026608,-0.0985093
143.64,8.51445014173394,-0.44291290150372,0.213343545521643,-0.09797465
143.65,8.50358154655538,-0.442921093489437,0.209018160380262,-0.09736015
143.66,8.43116678746929,-0.41775791398277,0.204787525263272,-0.09666683
143.67,8.43273724647336,-0.411800142166681,0.200649703043216,-0.09589583
143.68,8.37724619643929,-0.394563374447186,0.196602810152573,-0.09504844
143.69,8.30206500914524,-0.385152263156222,0.192644615621076,-0.09412608
143.7,8.27718872137761,-0.378852669425009,0.188773384379555,-0.09313027
143.71,8.23601672401211,-0.36541101644472,0.184987196049792,-0.09206268
143.72,8.17947014683575,-0.356857882484745,0.181284166675017,-0.09092507
143.73,8.18203903547612,-0.353706147870974,0.177662457405735,-0.08971935
143.74,8.13867601425907,-0.347767205653169,0.174120156552595,-0.08844753
143.75,8.19328499985202,-0.338154421164637,0.170655474031672,-0.08711171
143.76,8.19387733830564,-0.33441701031872,0.16726663174666,-0.08571412
143.77,8.16173954145612,-0.324639717254461,0.163951845075561,-0.08425709
143.78,8.11385930162183,-0.325134745584784,0.160709381078548,-0.08274304
143.79,8.1693431837983,-0.317735223782855,0.157537537616858,-0.08117449
143.8,8.16731787919489,-0.308796955860857,0.154434655311898,-0.07955406
143.81,8.16818628846949,-0.298637221752394,0.151399045783478,-0.07788443
143.82,8.12751459946703,-0.287689505157604,0.148429059818587,-0.0761684
143.83,8.14626203999862,-0.280880751935957,0.145523146449724,-0.07440881
143.84,8.13273310720472,-0.283127406102988,0.14267970795568,-0.0726086
143.85,8.16046445771089,-0.286723926256187,0.139897176999713,-0.07077075
143.86,8.09322606005829,-0.278344210042389,0.137174066246417,-0.06889834
143.87,8.02124911592414,-0.277895462474665,0.134508893079422,-0.06699447
143.88,8.01085400957655,-0.281337547831857,0.131900204923117,-0.06506231
143.89,7.98039233239403,-0.27698843083971,0.129346579948929,-0.06310508
143.9,7.95290507242403,-0.276792583134657,0.126846645547561,-0.06112605
143.91,7.92605225751658,-0.26828300547228,0.124399005762601,-0.05912849
143.92,7.9245676076198,-0.257058115805482,0.12200234746274,-0.05711574
143.93,7.97783676998402,-0.248812397869703,0.119655373115203,-0.05509115
143.94,7.98594502082904,-0.246175532952907,0.117356815649682,-0.05305808
143.95,7.96666782309845,-0.227384358696086,0.1151054389843,-0.05101993
143.96,7.94305578745227,-0.233175666570337,0.112900037973485,-0.04898007
143.97,7.9338093014491,-0.225218438486921,0.110739438483232,-0.04694192
143.98,7.93790548739321,-0.208015232882678,0.108622497497614,-0.04490885
143.99,7.90586125479328,-0.203533384347214,0.106548102583102,-0.04288426
144,7.87245652140899,-0.20333231439913,0.104515171768629,-0.04087151
144.01,7.86352807269286,-0.195838281929803,0.102522653402502,-0.03887395
144.02,7.82960450918882,-0.196999850582797,0.100569525731471,-0.03689492
144.03,7.78891984568724,-0.182415404293575,0.0986547966712344,-0.03493769
144.04,7.76474471822669,-0.178706198292474,0.0967775031865781,-0.03300553
144.05,7.74685192244961,-0.182024577107854,0.0949367117257029,-0.03110166
144.06,7.74942270776022,-0.17975935506083,0.0931315165595339,-0.02922925
144.07,7.72270964733733,-0.175739854074339,0.0913610404276493,-0.0273914
144.08,7.68539352292182,-0.175958803795186,0.0896244334825534,-0.02559119
144.09,7.6944686140931,-0.173562161883688,0.0879208853655681,-0.0238316
144.1,7.69139605222131,-0.17873094322447,0.0862495724880338,-0.02211557
144.11,7.69729436540551,-0.176341766858459,0.0846097408251122,-0.02044594
144.12,7.6780200397509,-0.180892144475763,0.0830006446027382,-0.01882551
144.13,7.65549026028369,-0.176990121314815,0.0814215639204917,-0.01725696
144.14,7.64104213482346,-0.179433732875721,0.0798718034685802,-0.01574291
144.15,7.70152808786382,-0.17311114547307,0.0783506916255873,-0.01428588
144.16,7.68609663397143,-0.16843764797606,0.0768575798013445,-0.01288829
144.17,7.69691394847987,-0.162552108926348,0.0753918417968997,-0.01155247
144.18,7.65840888150249,-0.156836067418148,0.073952873103432,-0.01028065
144.19,7.66698942301748,-0.143786069774539,0.0725400902942949,-0.00907493
144.2,7.6622681586169,-0.14082829902434,0.0711529306077606,-0.00793732
144.21,7.61395081312573,-0.127654148842124,0.0697908508525412,-0.00686973
144.22,7.59425340303766,-0.123277589073857,0.0684533271604411,-0.00587392
144.23,7.54427472504332,-0.127189857851311,0.0671398542435114,-0.00495156
144.24,7.52751345077319,-0.127945933803855,0.0658499444783846,-0.00410417
144.25,7.5489184212498,-0.121733902447612,0.0645831275136402,-0.00333317
144.26,7.5206223635303,-0.125546289717888,0.0633389495783689,-0.00263985
144.27,7.5085783410065,-0.117479651239011,0.0621169727158947,-0.00202535
144.28,7.56723347144769,-0.114630623813281,0.060916774235778,-0.0014907
144.29,7.48097039198003,-0.12094738571306,0.059737956120187,-0.00103679
144.3,7.51507258920567,-0.111767501442437,0.0585801044960685,-0.00066438
144.31,7.54424051808838,-0.103628073528045,0.0574428479717302,-0.00037407
144.32,7.54997160672429,-0.111322782671248,0.0563258186684189,-0.00016637
144.33,7.5595995748879,-0.108179912323648,0.0552286260486789,-0
144.34,7.58178611679761,-0.111172595975057,0.0541509885006772,-0
144.35,7.59745170604545,-0.120353813876619,0.0530928845855812,-0.00039426
144.36,7.64783943457207,-0.110668243934008,0.0520546756606031,-0.00157084
144.37,7.67135958741402,-0.107315925654567,0.0510368264708131,-0.00351118
144.38,7.64673229397933,-0.104521998835858,0.050039670513145,-0.00618467
144.39,7.62774833834459,-0.100628743212207,0.049063627884485,-0.00954915
144.4,7.67426780934376,-0.101422840212903,0.048109215698376,-0.01355157
144.41,7.6957603664236,-0.0942469640868865,0.04717696939552,-0.0181288
144.42,7.6477693516976,-0.095578753951795,0.046267381661534,-0.02320866
144.43,7.66128074273776,-0.096066351682743,0.0453808436630322,-0.02871104
144.44,7.65176660355333,-0.0933189283557315,0.0445176120683366,-0.03454915
144.45,7.68176007298658,-0.0910473977693323,0.0436777816824437,-0.04063093
144.46,7.68430041083141,-0.0857849984311043,0.0428613076239631,-0.04686047
144.47,7.65542328765925,-0.0774406418071125,0.0420679703399353,-0.05313953
144.48,7.62084539129108,-0.0788344569918021,0.041297386275959,-0.05936907
144.49,7.65243124638801,-0.0664254791560724,0.0405490097395882,-0.06545085
144.5,7.65047246345511,-0.0587781388932104,0.0398221396537935,-0.07128896
144.51,7.63352427535389,-0.0546246322052417,0.0391159164009229,-0.07679134
144.52,7.59232524508354,-0.0566314109407842,0.0384293415544174,-0.0818712
144.53,7.59998023277654,-0.057837937244492,0.0377612852187434,-0.08644843
144.54,7.58870094577974,-0.0607932962393579,0.0371104989638164,-0.09045085
144.55,7.58197668019668,-0.0578686227618344,0.0364756323234709,-0.09381533
144.56,7.59919856301297,-0.0671695763531367,0.0358552514096328,-0.09648882
144.57,7.57899529878514,-0.0670751496532163,0.0352478568546085,-0.09842916
144.58,7.59158888895668,-0.0702003709215022,0.0346519069790457,-0.09960574
144.59,7.60832455038863,-0.0650502606644862,0.0340657905870654,-0.09994665
144.6,7.59801242455416,-0.0680518233560032,0.0334883727050928,-0.1
144.61,7.57221851138122,-0.0597318304007722,0.0329189514929044,-0.09994665
144.62,7.57637881181857,-0.0583432809160397,0.0323566963990755,-0.09978671
144.63,7.51070045022618,-0.0456898332766081,0.0318008288234082,-0.09952052
144.64,7.56121311274284,-0.0461155368361888,0.0312507621837395,-0.09914865
144.65,7.55722877759333,-0.0491082245289066,0.0307061016156874,-0.0986719
144.66,7.56949999248069,-0.0467751568965698,0.0301665808235833,-0.09809128
144.67,7.49540334642014,-0.0473342154216103,0.0296320040936506,-0.09740803
144.68,7.55505166179121,-0.0568661944601808,0.0291022053173657,-0.09662361
144.69,7.56325812313049,-0.0548973371791887,0.028577029808882,-0.09573969
144.7,7.58824710598932,-0.0559760734324386,0.0280563258449471,-0.09475816
144.71,7.56722268433623,-0.0599260297870666,0.0275399426017801,-0.09368112
144.72,7.5876842608834,-0.0636349634223994,0.0270277328004047,-0.09251086
144.73,7.57852319301784,-0.0632450100622037,0.0265195540173833,-0.09124987
144.74,7.64238468953685,-0.0561622497067282,0.0260152697724203,-0.08990086
144.75,7.58658766996428,-0.0526214071054234,0.0255147503119811,-0.0884667
144.76,7.60320853012523,-0.0596790344561031,0.0250178729587157,-0.08695045
144.77,7.63008205878797,-0.0626258134795304,0.0245245223793128,-0.08535534
144.78,7.60889736104828,-0.0596782103241553,0.0240345906487583,-0.08368478
144.79,7.608110595818,-0.0414417316669646,0.0235479734820235,-0.08194234
144.8,7.58996831426392,-0.0458387743783426,0.0230645655547181,-0.08013173
144.81,7.5834206258869,-0.0572416412760495,0.0225843044094347,-0.07825682
144.82,7.639604681898,-0.051198766733803,0.0221071058862556,-0.07632161
144.83,7.57132444815043,-0.0406779599052099,0.0216328966041847,-0.07433022
144.84,7.54745326302276,-0.0393220522409097,0.0211616142857426,-0.07228692
144.85,7.54387847967046,-0.0305517360022575,0.0206932050940503,-0.07019605
144.86,7.52622845379447,-0.0466149984549709,0.0202276225801589,-0.06806208
144.87,7.51671187647241,-0.0411211974951162,0.0197648272788589,-0.06588957
144.88,7.50127976512281,-0.0327163425000656,0.0193047867346995,-0.06368315
144.89,7.48273840511865,-0.036628333779975,0.0188474762963575,-0.06144753
144.9,7.50965490783066,-0.0459352255669317,0.0183928767847333,-0.05918748
144.91,7.54733220011801,-0.0449315864816888,0.0179409768857501,-0.05690782
144.92,7.53007636155148,-0.0478259145099787,0.0174917722262886,-0.05461342
144.93,7.49997424990003,-0.0374997381376516,0.017045265246785,-0.05230917
144.94,7.5175017842996,-0.0294856101997262,0.0166014650470085,-0.05
144.95,7.52221011601296,-0.0240164775854877,0.0161603872158076,-0.04769083
144.96,7.49409728578927,-0.0159060682289232,0.0157220536217528,-0.04538658
144.97,7.48377023266954,-0.0167425347928664,0.0152864922699026,-0.04309218
144.98,7.43566224134031,-0.0159121627519586,0.0148537370419572,-0.04081252
144.99,7.43940800793943,-0.0255774467550372,0.0144238275075765,-0.03855247
145,7.49585829174429,-0.0323517205153023,0.0139968086882001,-0.03631685
145.01,7.46273801911561,-0.0440400802187269,0.0135727308026025,-0.03411043
145.02,7.45463016550596,-0.0484957461553745,0.0131516490539981,-0.03193792
145.03,7.44412988012855,-0.0497975336949759,0.0127336241627136,-0.02980395
145.04,7.45042367933802,-0.0395129576230338,0.0123187197861808,-0.02771308
145.05,7.43645329784975,-0.035811623381696,0.0119070044579835,-0.02566978
145.06,7.43957229420614,-0.0278186402654752,0.0114985506016993,-0.02367839
145.07,7.43742255165139,-0.019832764444046,0.0110934342166025,-0.02174318
145.08,7.47046434097762,-0.0251282308099698,0.0106917346314664,-0.01986827
145.09,7.50340413420659,-0.0232429506861038,0.0102935341844779,-0.01805766
145.1,7.53909312294215,-0.0224746365986198,0.00989891792834132,-0.01631522
145.11,7.55997081450322,-0.0243702892882214,0.00950797329692337,-0.01464466
145.12,7.54373498198663,-0.0264189051548879,0.00912078981658518,-0.01304955
145.13,7.55897435683842,-0.0265458016901753,0.00873745878339156,-0.0115333
145.14,7.48254769596743,-0.0317004002547888,0.00835807294924597,-0.01009914
145.15,7.47785616485373,-0.0218646460154977,0.00798272619181491,-0.00875013
145.16,7.44321510903956,-0.0276955199505061,0.00761151318345538,-0.00748914
145.17,7.37991211700334,-0.0314484691581367,0.00724452911034192,-0.00631888
145.18,7.34579337790249,-0.0323073678515277,0.00688186930082981,-0.00524184
145.19,7.3900807636935,-0.0285000738667531,0.00652362892354826,-0.00426031
145.2,7.42542003522142,-0.0230361243404225,0.00616990267914067,-0.00337639
145.21,7.47722667488351,-0.0153002371159826,0.00582078443250512,-0.00259197
145.22,7.47979155615395,-0.0169470508895448,0.00547636698058332,-0.00190872
145.23,7.54046014118067,-0.00373939830412843,0.005136741635889,-0.0013281
145.24,7.56855351742965,-0.00811017643001722,0.00480199801897197,-0.00085135
145.25,7.60524436016336,-0.011879382512318,0.00447222365002461,-0.00047948
145.26,7.6453735123032,-0.0138788777462872,0.00414750372138555,-0.00021329
145.27,7.60764187842283,-0.0232638320122809,0.00382787180234855,-0
145.28,7.61944505487704,-0.0292190343932559,0.00351348223489825,-0
145.29,7.59917006171085,-0.0282453006684579,0.00320474259573178,-0.00039426
145.3,7.56349436226706,-0.033102699951187,0.00290241279154169,-0.00157084
145.31,7.54882576422627,-0.0421529229670514,0.00260733236967697,-0.00351118
145.32,7.51994551049577,-0.0365281247721991,0.00232020860509153,-0.00618467
145.33,7.42370987221893,-0.0375555455472737,0.00204183787572359,-0.00954915
145.34,7.4000539418617,-0.034464579651788,0.00177310605513973,-0.01355157
145.35,7.3855715178115,-0.0328936300162671,0.00151490963715261,-0.0181288
145.36,7.38181447285678,-0.0323137641693004,0.00126808751308513,-0.02320866
145.37,7.37046248120397,-0.0269825775387699,0.00103333183572736,-0.02871104
145.38,7.37245614194947,-0.00837082154425097,0.000811193059283663,-0.03454915
145.39,7.39748560018174,-0.0141520081229844,0.000602037905521297,-0.04063093
145.4,7.46375825867453,-0.00345718407404051,0.000406043808619649,-0.04686047
145.41,7.45116509480815,-0.00552516934455149,0.000223197170152652,-0.05313953
145.42,7.40048975397068,0.000702558673079048,5.32948506916878e-05,-0.05936907
145.43,7.3951673667279,0.000865671400573904,-0.000104051670114352,-0.06545085
145.44,7.40739212083025,-0.0102170481002413,-0.000249409104193269,-0.07128896
145.45,7.4100533009681,-0.0183590060426927,-0.000383513655428372,-0.07679134
145.46,7.38298246386359,-0.0160977569750019,-0.00050725715198445,-0.0818712
145.47,7.32841080979718,-0.0274235220142359,-0.000621671354685644,-0.08644843
145.48,7.34580078059269,-0.0216423851371455,-0.000727909391660814,-0.09045085
145.49,7.35901397066361,-0.0241159867614458,-0.000827224344908093,-0.09381533
145.5,7.44926973070439,-0.022210875889101,-0.000920946157452395,-0.09648882
145.51,7.45732678810281,-0.0126964700316501,-0.00101045714449942,-0.09842916
145.52,7.41160210490728,-0.00921447500141032,-0.00109716736432962,-0.09960574
145.53,7.42256419975534,-0.0101058567287627,-0.00118254732634755,-0.09993977
145.54,7.46439991119256,0.000294875258362908,-0.00126753312028819,-0.1
145.55,7.46219918603509,-0.00320636190004157,-0.0013526312182274,-0.09993977
145.56,7.50469017790817,6.64573152347591e-05,-0.00143849724308471,-0.09975924
145.57,7.44397117119092,-0.000280546375419629,-0.00152573746438945,-0.09945883
145.58,7.42459334064126,-0.00225237479447346,-0.00161475908864157,-0.09903926
145.59,7.49364510098818,0.00325871796256709,-0.00170579304211658,-0.09850156
145.6,7.44735343568596,0.00724913711444503,-0.00179895805503118,-0.09784702
145.61,7.44467433716223,-0.00194059935330543,-0.00189431589600498,-0.0970772
145.62,7.4238343707949,-0.00498093344039174,-0.00199190487578398,-0.09619398
145.63,7.37940256936187,-0.012701031044499,-0.00209175622701522,-0.09519946
145.64,7.36952833975931,-0.0190424088495774,-0.00219389998582991,-0.09409606
145.65,7.39275751294005,-0.0140041089135057,-0.00229836561489738,-0.09288643
145.66,7.40509917131293,-0.0183842414234399,-0.00240518158009154,-0.09157348
145.67,7.46276276205047,-0.0201265085619532,-0.00251437340756746,-0.09016038
145.68,7.45184596685383,-0.010632729099823,-0.00262596279732773,-0.08865052
145.69,7.51453511780089,-0.00365337479224567,-0.00273996682400694,-0.08704756
145.7,7.54659519218084,0.00353036662099197,-0.0028563974279059,-0.08535534
145.71,7.56945055125484,0.00562139847475715,-0.00297526106453392,-0.08357795
145.72,7.549236869662,0.00330144931630162,-0.00309655841086872,-0.08171966
145.73,7.55499414097213,-0.00464521552124178,-0.00322028414556626,-0.07978497
145.74,7.51377077301002,-0.00329104908467575,-0.00334642664558147,-0.07777851
145.75,7.51198907082343,-0.00626493629938551,-0.00347496824493513,-0.07570514
145.76,7.47780251291785,-0.012184503166462,-0.00360588464733083,-0.07356984
145.77,7.42945219718553,-0.0163367871941442,-0.00373914499656155,-0.07137775
145.78,7.41865505402048,-0.014177605891,-0.00387471175823244,-0.06913417
145.79,7.44139737228285,-0.0124249531431846,-0.00401254069382196,-0.06684449
145.8,7.41612690878893,-0.0114417746572576,-0.0041525808381931,-0.06451423
145.81,7.43333309475643,-0.0077803631468349,-0.004294774178284,-0.06214901
145.82,7.40539217637205,-0.0128574907922118,-0.00443905662285036,-0.05975452
145.83,7.39483898087263,-0.0134735061925053,-0.00458535712380752,-0.05733652
145.84,7.4161473604986,-0.012107899886765,-0.00473359834366365,-0.05490086
145.85,7.3842902114749,-0.0135978188425558,-0.00488369588424324,-0.05245338
145.86,7.38525844967839,-0.0237300716409853,-0.00503555932087683,-0.05
145.87,7.40742108014098,-0.0128326324883111,-0.00518909198866114,-0.04754662
145.88,7.43100192244332,-0.0238614518630352,-0.00534419123517223,-0.04509914
145.89,7.50760381836524,-0.025851649538851,-0.00550074863700056,-0.04266348
145.9,7.57302289571439,-0.0194624049156933,-0.00565865014620015,-0.04024548
145.91,7.58734869206847,-0.0287082721288055,-0.00581777632092932,-0.03785099
145.92,7.62541931868291,-0.0257392586331172,-0.00597800258347626,-0.03548577
145.93,7.57305350907267,-0.0235131305405327,-0.00613919952042293,-0.03315551
145.94,7.57219604672559,-0.0338928465488768,-0.00630123315086466,-0.03086583
145.95,7.5715239742857,-0.0380688892886674,-0.00646396517824245,-0.02862225
145.96,7.49847682925558,-0.0430954041140964,-0.00662725337032124,-0.02643016
145.97,7.43083171745033,-0.043592669263067,-0.00679095183811962,-0.02429486
145.98,7.47104377777241,-0.0346658998063266,-0.00695491137584536,-0.02222149
145.99,7.45081433175245,-0.035701341415758,-0.0071189798447852,-0.02021503
146,7.48591527650377,-0.0250999316936184,-0.00728300249637918,-0.01828034
146.01,7.46786396292581,-0.0195766261023078,-0.00744682235220315,-0.01642205
146.02,7.4249662007024,-0.0125436009729154,-0.00761028058888243,-0.01464466
146.03,7.42085216797897,-0.00286295338127163,-0.00777321682773414,-0.01295244
146.04,7.4204615539726,-0.00477054912261718,-0.00793546964494381,-0.01134948
146.05,7.4280266542442,-0.0115314102419682,-0.00809687692556431,-0.00983962
146.06,7.42046966627887,-0.0110437315296246,-0.00825727624116351,-0.00842652
146.07,7.41351085385718,-0.0232996472566843,-0.00841650526091327,-0.00711357
146.08,7.40530008880201,-0.0219239663386792,-0.00857440215624726,-0.00590394
146.09,7.42752792086817,-0.014980652787271,-0.008730806000958,-0.00480054
146.1,7.49248269607251,-0.0155854290357986,-0.00888555737925566,-0.00380602
146.11,7.49484010244628,-0.0117397144012391,-0.00903849819210217,-0.0029228
146.12,7.43242978662404,-0.0112811991024358,-0.00918947265125699,-0.00215298
146.13,7.43737063402085,-0.00642274875807122,-0.00933832747527273,-0.00149844
146.14,7.45606646496273,-0.00271659747319606,-0.00948491229192215,-0.00096074
146.15,7.4535107139524,-0.00597800566433419,-0.00962908004541771,-0.00054117
146.16,7.46179067125667,-0.00642774589400528,-0.00977068734411958,-0.00024076
146.17,7.43145917952694,-0.00802096435713031,-0.009909651191494,-0
146.18,7.40179994761428,-0.0156728082317173,-0.0100457481674467,-0
146.19,7.43313093017105,-0.00614049159866096,-0.0101785200135398,-0.00039426
146.2,7.38190114125452,-0.0171860875859155,-0.0103071719764346,-0.00157084
146.21,7.39909708239935,-0.00955535896716961,-0.0104308248959098,-0.00351118
146.22,7.41327349161921,-0.0113711527846257,-0.0105487369342323,-0.00618467
146.23,7.40672092559116,-0.00958327893805892,-0.0106600862985557,-0.00954915
146.24,7.41068803746704,-0.00750454007263087,-0.010763974959039,-0.01355157
146.25,7.45300974782212,-0.00357599070377605,-0.0108595008495811,-0.0181288
146.26,7.41595034146705,-0.0128275119390061,-0.0109458738067268,-0.02320866
146.27,7.48195879135921,-0.00683093454811733,-0.0110223779519169,-0.02871104
146.28,7.41514478714687,-0.00813489393435656,-0.0110885790130205,-0.03454915
146.29,7.39743254405646,-0.00819728406286153,-0.0111441404711536,-0.04063093
146.3,7.34034391788919,-0.0199038433241972,-0.0111889752611833,-0.04686047
146.31,7.33417914909754,-0.0231524489309107,-0.0112233509867301,-0.05313953
146.32,7.32441741264923,-0.0215158770923902,-0.0112474996163009,-0.05936907
146.33,7.33447881712082,-0.0196653901760468,-0.0112620742969412,-0.06545085
146.34,7.35046186367521,-0.0140709469560963,-0.0112679594565315,-0.07128896
146.35,7.37792806038985,-0.0175563298078075,-0.0112663123433248,-0.07679134
146.36,7.36949628875377,-0.0126972317291757,-0.0112585855232351,-0.0818712
146.37,7.42803709159147,-0.00383853015622961,-0.0112465795087369,-0.08644843
146.38,7.43284737846144,0.00296500922068166,-0.0112322199654739,-0.09045085
146.39,7.40946440284744,-0.00337295431891239,-0.0112172156838907,-0.09381533
146.4,7.42647452514768,-0.00176239328158882,-0.0112027283603707,-0.09648882
146.41,7.41125449609859,0.00170454889381452,-0.0111894560720164,-0.09842916
146.42,7.44093841774046,0.00889862339502375,-0.0111778178014243,-0.09960574
146.43,7.46710560120533,0.0105105335546922,-0.0111681140293516,-0.09995371
146.44,7.46549412592808,0.0116685579793062,-0.0111600917820793,-0.1
146.45,7.4371157407667,0.00641015120814465,-0.0111530253726323,-0.09995371
146.46,7.47667474389547,0.00378101527761375,-0.0111464954198428,-0.09981491
146.47,7.45832224379626,-0.000601325458025121,-0.0111403843094249,-0.09958387
146.48,7.43201295187922,-0.0104658135395364,-0.0111346818336696,-0.09926101
146.49,7.36911562026133,-0.0118985380927203,-0.011129419736838,-0.09884692
146.5,7.34426788515154,-0.00737468473035605,-0.0111246516085393,-0.09834239
146.51,7.36923316990238,-0.0115644039171766,-0.0111204476562783,-0.09774834
146.52,7.37926534398877,-0.010584518330464,-0.0111168940816296,-0.09706587
146.53,7.36028792497719,0.000284037602119475,-0.0111140934152925,-0.09629624
146.54,7.39152646014687,0.00912897764090792,-0.0111121645065828,-0.09544088
146.55,7.38448820854366,0.010454650218334,-0.0111112415702737,-0.09450138
146.56,7.38112484362994,0.00954302449339646,-0.0111114721282121,-0.09347947
146.57,7.39239808401689,0.00621283347703395,-0.0111130308365414,-0.09237705
146.58,7.40777985857913,0.00664883868382861,-0.0111160709303041,-0.09119615
146.59,7.41423004028976,0.007799931015937,-0.0111207639836089,-0.08993897
146.6,7.42815312513027,0.00383274799603549,-0.0111272687945975,-0.08860783
146.61,7.40246544251948,-0.00260293070340194,-0.0111357442537462,-0.0872052
146.62,7.39614181002824,-0.00319737638521776,-0.0111463395076099,-0.08573367
146.63,7.45097572999318,-0.016961840033435,-0.0111591965385241,-0.08419597
146.64,7.44076195463721,-0.0168318015671732,-0.0111744325422344,-0.08259495
146.65,7.3835219855165,-0.0165586418143552,-0.0111921510453464,-0.08093357
146.66,7.38305645867327,-0.0145338071578157,-0.0112124446771701,-0.07921491
146.67,7.37041413562428,-0.0144714946925103,-0.0112353787384124,-0.07744215
146.68,7.38108525955286,-0.00925453121374446,-0.011261017629389,-0.07561857
146.69,7.42848124744633,0.00126287300635036,-0.011289401513933,-0.07374755
146.7,7.41357110151953,0.00123164154190497,-0.0113205608444533,-0.07183256
146.71,7.42993213859653,-0.00368914814370946,-0.0113545088148688,-0.06987714
146.72,7.45307946069824,-0.00377940491946843,-0.0113912372931151,-0.06788491
146.73,7.46361983649739,-0.006520049620899,-0.0114307500951585,-0.06585956
146.74,7.47576889105664,-0.00849548021583636,-0.0114730236022396,-0.06380485
146.75,7.5110334374243,-0.00752985496808863,-0.0115180270290363,-0.06172457
146.76,7.4617781861208,-0.0134108698962404,-0.0115657367840537,-0.05962258
146.77,7.44575661308712,-0.00351728503567953,-0.0116160902592248,-0.05750277
146.78,7.46401998450307,0.00537681258621457,-0.0116690331893868,-0.05536907
146.79,7.45255137604264,0.00696470986868557,-0.0117245217469416,-0.05322542
146.8,7.46483551504245,0.00894770516182006,-0.0117824729708618,-0.0510758
146.81,7.46454960381827,0.0130027809189913,-0.0118428093127103,-0.0489242
146.82,7.45591114215062,0.00979547046302987,-0.0119054544923256,-0.04677458
146.83,7.50000513658203,0.00630265215784006,-0.0119703193319856,-0.04463093
146.84,7.55633683172563,0.0130887158711851,-0.0120373104373587,-0.04249723
146.85,7.54382128322641,0.00583908774498323,-0.0121063305296364,-0.04037742
146.86,7.56079293316884,-0.00308046133703703,-0.0121772785401332,-0.03827543
146.87,7.49325940183488,-0.0105987630711349,-0.0122500498238614,-0.03619515
146.88,7.47738215248414,-0.0102725231315378,-0.0123245360195299,-0.03414044
146.89,7.45052756172407,-0.0126253568775487,-0.0124006256516451,-0.03211509
146.9,7.40085926054809,-0.0170631577727186,-0.0124782042615943,-0.03012286
146.91,7.37897498175118,-0.0263561863429382,-0.0125571546938631,-0.02816744
146.92,7.36129664883097,-0.0272306885768606,-0.0126373573836765,-0.02625245
146.93,7.36204256043352,-0.0115044083259181,-0.0127186906298518,-0.02438143
146.94,7.40808500577872,-0.00297388262381176,-0.0128010308630194,-0.02255785
146.95,7.43011691769711,-0.0104321658690776,-0.0128842528983845,-0.02078509
146.96,7.40613245241869,-0.00525669325152391,-0.0129682301991049,-0.01906643
146.97,7.4516822406518,0.000323511413374691,-0.0130528351377591,-0.01740505
146.98,7.42317306736301,0.00568293459736477,-0.0131379392322513,-0.01580403
146.99,7.45857775449603,0.0179813804006515,-0.0132234095164936,-0.01426633
147,7.45057994002151,0.0145151030725155,-0.013309100530193,-0.0127948
147.01,7.39261859066448,0.0106852567493355,-0.013394907106728,-0.01139217
147.02,7.38659993173955,0.0162243381717709,-0.0134806900485312,-0.01006103
147.03,7.41493772719114,0.0154439802710321,-0.0135663183990761,-0.00880385
147.04,7.39381098610341,0.0184056908917207,-0.0136516647693596,-0.00762295
147.05,7.42395158400021,0.0142708685248636,-0.0137366032464326,-0.00652053
147.06,7.37644170573207,0.00802093252110753,-0.0138210085817974,-0.00549862
147.07,7.36483860322849,-0.00188714479289085,-0.0139047390518605,-0.00455912
147.08,7.38423187275455,-0.00703515197899491,-0.0139876933923351,-0.00370376
147.09,7.34929781204899,-0.0124160370703364,-0.0140697578465927,-0.00293413
147.1,7.32085788869228,-0.014463130836461,-0.0141507923317502,-0.00225166
147.11,7.32500663519626,-0.0173046837426571,-0.0142306860121327,-0.00165761
147.12,7.30193559675202,-0.0148523870532166,-0.0143093295116804,-0.00115308
147.13,7.28348732543361,-0.0184253425830452,-0.0143866107041842,-0.00073899
147.14,7.32134816790314,-0.0120676068461596,-0.0144624160578601,-0.00041613
147.15,7.38375489636274,-0.00514928966036348,-0.0145366423095705,-0.00018509
147.16,7.4262723937901,-0.0073843994344779,-0.0146092438994336,-0
147.17,7.45188639882575,-0.0101763143675698,-0.014680035768788,-0
147.18,7.4662019010335,-0.0150981430078285,-0.0147485911636742,-0.00039426
147.19,7.45025524330745,-0.0152517678036946,-0.0148140872959176,-0.00157084
147.2,7.49688736156477,-0.0204212291674155,-0.0148756517204118,-0.00351118
147.21,7.45496490028806,-0.0214878458440254,-0.014932572788758,-0.00618467
147.22,7.41161122573435,-0.0230787866066865,-0.0149739607395849,-0.02026672
147.23,7.40495555676665,-0.00908599440089181,-0.0149846086249713,-0.04570428
147.24,7.36932032785385,-0.00445107914377859,-0.014953883834567,-0.08243422
147.25,7.30015517938532,0.00263114833701149,-0.0148713302305315,-0.13038436
147.26,7.25631457923304,0.00388215041498203,-0.0147397947275893,-0.18947459
147.27,7.20230302704623,0.010404715538211,-0.0145700494926307,-0.25961813
147.28,7.15061882175098,0.0131528795148861,-0.0143664717194505,-0.3407229
147.29,7.10008910591942,0.0217773976851027,-0.0141307118781725,-0.432693
147.3,7.01423711722985,0.0175627707124429,-0.0138634400579025,-0.53543019
147.31,6.96715010694734,0.0195979277921738,-0.0135747872842356,-0.63811786
147.32,6.90659563595372,0.0215363662479748,-0.0132777908706921,-0.74065778
147.33,6.85023533290861,0.0196202532393236,-0.0129773992517849,-0.84295403
147.34,6.74765912266764,0.0186568708565926,-0.0126755857792563,-0.94491453
147.35,6.67659924733533,0.0302512372738111,-0.0123732296119327,-1.04645253
147.36,6.60447296765664,0.0256910618702326,-0.0120708059432802,-1.14748789
147.37,6.46628372812677,0.0419690545312741,-0.0117686204999565,-1.24794844
147.38,6.36704963338678,0.0442916456730935,-0.011466915339406,-1.34777106
147.39,6.27327640501728,0.0443864174721039,-0.0111658863525723,-1.44690268
147.4,6.20591123783085,0.0393210288403585,-0.0108656954359142,-1.54530115
147.41,6.12342633813725,0.0419738869699174,-0.0105664723656022,-1.64293586
147.42,5.99589883820945,0.0329941497843059,-0.0102683575034026,-1.73974067
147.43,5.8910818648665,0.0303532205928914,-0.00997098584509175,-1.83624639
147.44,5.82503819992981,0.0147972043160662,-0.00967358338924803,-1.93265693
147.45,5.7069132823365,0.0116995545586468,-0.00937568598239457,-2.02897239
147.46,5.64437606375683,0.0135491726010947,-0.00907712845326118,-2.12519303
147.47,5.48607581799669,0.0256453706767905,-0.00877785132945259,-2.22131931
147.48,5.45401669157641,0.0526814531808541,-0.00847783377607124,-2.31735185
147.49,5.60254848486016,0.10530821680225,-0.00817706860777635,-2.41329148
147.5,5.89810599218648,0.181473501758721,0,-2.50913917
147.51,6.32923410451922,0.285929984073825,0.00093889260552678,-2.60489608
147.52,6.91889487246177,0.409400852119503,0.00366542875579818,-2.70056356
147.53,7.65587650681411,0.542466846262685,0.00838582827411596,-2.79614311
147.54,8.5695348122824,0.688581823373717,0.0148476583626051,-2.89163639
147.55,9.50038782088953,0.825367783418088,0.0227316721823148,-2.98704525
147.56,10.3848806642505,0.941378290006434,0.0317755151774737,-3.08237169
147.57,11.2530623249092,1.04525108283662,0.0418059320058584,-3.17761785
147.58,12.1103550001575,1.13107932098827,0.0527145572211401,-3.27278605
147.59,12.9243793164114,1.20477424582413,0.0644318791415572,-3.36787873
147.6,13.6278722266399,1.25808461874331,0.0769096133317714,-3.46289851
147.61,14.1802103106107,1.29928939662935,0.0900656038608195,-3.55784812
147.62,14.6695783455065,1.32753713406791,0.103658548119297,-3.65273042
147.63,15.0715575177436,1.35134885778544,0.117421792211749,-3.74754842
147.64,15.3633735448887,1.35634437351191,0.131182184674944,-3.84230525
147.65,15.566189869529,1.35774611790095,0.144856120237342,-3.93700413
147.66,15.68820623337,1.35159303655718,0.158414472028235,-4.03164842
147.67,15.7479281963173,1.33071926254304,0.171854235514608,-4.12624157
147.68,15.8815389165548,1.32182347132151,0.1851806587305,-4.22078714
147.69,15.9595030889317,1.31092973616319,0.198399690219384,-4.31528875
147.7,16.0456258963851,1.30195930344235,0.21151558519861,-4.40975014
147.71,16.0914128146964,1.3039638829558,0.224530921420092,-4.50417511
147.72,16.1958549143703,1.29209258907815,0.237447249802572,-4.59856753
147.73,16.2565730804412,1.27582185633148,0.250261360439272,-4.68221375
147.74,16.3368441876574,1.27781128888435,0.262965730967756,-4.75511777
147.75,16.407433313841,1.26563228433679,0.275554588618501,-4.81728362
147.76,16.489395719953,1.25038729311273,0.288022823455545,-4.86871538
147.77,16.6015554382714,1.23223730211162,0.300365460577211,-4.90941713
147.78,16.6893897098247,1.21399733806918,0.312577366008983,-4.93939303
147.79,16.7696840402796,1.20132190347679,0.324645531019186,-4.94042733
147.8,16.8829112143407,1.18717151415041,0.33654957202935,-4.91252419
147.81,16.9815304046754,1.17103604609274,0.348272125359999,-4.85568777
147.82,17.1600968930607,1.15144282859945,0.359801309308029,-4.78063976
147.83,17.3047485040039,1.13752738845739,0.371129434087481,-4.68738432
147.84,17.4163699160418,1.11374677773583,0.382246430572498,-4.57592553
147.85,17.5715428719899,1.08854293843517,0.393140955796254,-4.44626747
147.86,17.704191866014,1.05658367735887,0.403801344116929,-4.29841418
147.87,17.8924592296423,1.03744865461275,0.414215529193901,-4.13236963
147.88,18.0830284991153,1.01217447644454,0.424380054726615,-3.96635764
147.89,18.2192909948928,0.991432083079796,0.434298449798828,-3.80038208
147.9,18.3692231533397,0.966640243435146,0.443970693951273,-3.63444673
147.91,18.5381928297743,0.945289032951771,0.453395661675349,-3.46855534
147.92,18.7475374007672,0.914556687684375,0.462572159194357,-3.30271153
147.93,18.9321909934683,0.89826854704287,0.471499358918691,-3.13691887
147.94,19.0412597148151,0.869824010497028,0.480176768680828,-2.97118079
147.95,19.1542449238008,0.836025053540552,0.488604069357524,-2.80550066
147.96,19.2603077804786,0.811082687360329,0.496781024622346,-2.6398817
147.97,19.3856256168933,0.780423409025322,0.504707405062932,-2.47432705
147.98,19.5329118866222,0.754048528722465,0.512382928415548,-2.30883969
147.99,19.6305672992176,0.735713510581161,0.519807116025116,-2.14342251
148,19.7686329513209,0.704697680548746,0.526979820420761,-1.97807824
148.01,19.8997258234933,0.678397014420613,0.533900638508544,-1.81280948
148.02,20.0454556824017,0.657514349148707,0.540569146153072,-1.64761868
148.03,20.1747237221147,0.629596912031792,0.546984935173147,-1.48250816
148.04,20.2789628110372,0.613828383843545,0.553147574975835,-1.31748006
148.05,20.3769310922458,0.587721842315659,0.559056619125365,-1.15253639
148.06,20.4514467135287,0.555391661333933,0.564711567428464,-0.98767898
148.07,20.5170102068588,0.530493585013534,0.570111921274413,-0.8229095
148.08,20.6269357189798,0.512478968805054,0.575257151305422,-0.65822946
148.09,20.7676411338298,0.491675867043161,0.580158534426201,-0.51186006
148.1,20.8423615717107,0.474325290454835,0.584836312300667,-0.38380246
148.11,20.9279990462084,0.444108675544784,0.589305551872353,-0.27405766
148.12,21.0069749583844,0.427541348320309,0.593581450397481,-0.18262645
148.13,21.0904757003962,0.4234338260437,0.597681638171479,-0.10950948
148.14,21.0940198826473,0.405672045540552,0.60162610749076,-0.05465961
148.15,20.7420110690903,0.286591406351172,0.605436738488783,-0.01821987
148.16,19.959497967128,0.105872559985741,0.609136706570492,-0.00039426
148.17,18.8943322352488,-0.107546489355469,0.612743714404158,-0.00157084
148.18,17.7434924673364,-0.324130776937136,0.612813553366979,-0.00351118
148.19,16.4266108509506,-0.542874184839344,0.606576790820981,-0.00618467
148.2,15.1143976527362,-0.767958732734494,0.597020444881355,-0.00954915
148.21,13.853238754841,-0.974218741030071,0.585972072731866,-0.01355157
148.22,12.8781829906302,-1.07853794321241,0.574444254636193,-0.0181288
148.23,12.2774078672354,-1.1056870426855,0.562942479383384,-0.02320866
148.24,12.000326367455,-1.10642410640899,0.551668069213046,-0.02871104
148.25,11.7837932987293,-1.08585949883166,0.54066743187847,-0.03454915
148.26,11.6681823496327,-1.06243648188463,0.529923111307057,-0.04063093
148.27,11.5749102851748,-1.03977080827696,0.519406485512675,-0.04686047
148.28,11.4094772027,-1.02330483405186,0.509094590040843,-0.05313953
148.29,11.3220746548811,-1.00861542815345,0.498975439598967,-0.05936907
148.3,11.2158898373144,-0.994052627989273,0.489043581706077,-0.06545085
148.31,11.0776997421756,-0.964055095304714,0.479296461897889,-0.07128896
148.32,10.9466937325193,-0.954303018991519,0.469732847443032,-0.07679134
148.33,10.8693486685783,-0.941087366744148,0.46035103498381,-0.0818712
148.34,10.7207409358101,-0.913027960375625,0.451148808049955,-0.08644843
148.35,10.6581801841424,-0.88805801222167,0.44212353646438,-0.09045085
148.36,10.4977452090943,-0.867267743292009,0.433272414955312,-0.09381533
148.37,10.3888052006265,-0.847727195622837,0.424592592295144,-0.09648882
148.38,10.2937769689105,-0.832936569404644,0.41608111451481,-0.09842916
148.39,10.2298174116841,-0.80836483141303,0.407735052993049,-0.09960574
148.4,10.0887102719944,-0.796071257325402,0.399551492153738,-0.09995106
148.41,10.0267603293542,-0.786811656729223,0.391527779614072,-0.1
148.42,9.93731995955488,-0.773875158155764,0.383661537899721,-0.09995106
148.43,9.8962890330426,-0.755984039742746,0.375950431968901,-0.09980434
148.44,9.80311530089713,-0.742716713337225,0.368392050813774,-0.09956013
148.45,9.74237420529477,-0.733042719774656,0.360983956899391,-0.0992189
148.46,9.69788074381703,-0.716314004813665,0.353723772852751,-0.09878132
148.47,9.70120045388813,-0.689533369022472,0.346609352969268,-0.09824825
148.48,9.65588982392459,-0.675968464603817,0.3396381787083,-0.09762073
148.49,9.5876999709123,-0.662396885354444,0.33280788195047,-0.09689999
148.5,9.53656471176648,-0.652669851171254,0.326116219412424,-0.09608744
148.51,9.54255834657864,-0.643207663647436,0.319560926171287,-0.09518467
148.52,9.50652939518173,-0.634391496744893,0.313139731433143,-0.09419346
148.53,9.43998168084789,-0.627460671109863,0.306850371172167,-0.09311573
148.54,9.33184164545749,-0.627752584210649,0.300690589781744,-0.0919536
148.55,9.22359439964515,-0.60976342252741,0.29465815965447,-0.09070934
148.56,9.18356918444053,-0.591159467047301,0.288750895925499,-0.0893854
148.57,9.09231273502319,-0.577235985256629,0.282966558455569,-0.08798435
148.58,9.00945470090016,-0.560200210882486,0.277302958934652,-0.08650895
148.59,8.9273195872674,-0.546515702964958,0.271757924600577,-0.08496209
148.6,8.8448964362628,-0.544557554753041,0.266329298152666,-0.08334678
148.61,8.80824448907113,-0.529937673967063,0.261014930399404,-0.08166619
148.62,8.81906142760749,-0.531740928730732,0.255812709716427,-0.07992362
148.63,8.74330565036261,-0.534396218827123,0.250720508569948,-0.07812246
148.64,8.73016233309473,-0.526372698638186,0.245736264822363,-0.07626626
148.65,8.67823152624945,-0.512729788660912,0.240857862702479,-0.07435864
148.66,8.65991486163688,-0.500902351761448,0.236083189610238,-0.07240334
148.67,8.62585119089596,-0.477737384845679,0.231410514215037,-0.07040418
148.68,8.58194412189721,-0.464090114229846,0.226837404406464,-0.06836508
148.69,8.53452501339156,-0.450341963202004,0.222362133858006,-0.06629003
148.7,8.55451260422842,-0.428838874783073,0.217982710907265,-0.06418309
148.71,8.49315322546411,-0.415140160125849,0.213697191976404,-0.06204839
148.72,8.42685431702774,-0.407552431888384,0.209503712177674,-0.0598901
148.73,8.38008601368274,-0.400516992702341,0.205400247720285,-0.05771245
148.74,8.32035532771559,-0.395725733083165,0.201384964196777,-0.0555197
148.75,8.33250650405437,-0.384549099740386,0.197456027730704,-0.05331615
148.76,8.30359495939538,-0.367914721907549,0.193611597348157,-0.0511061
148.77,8.23067760464182,-0.357731782322592,0.189849860479839,-0.0488939
148.78,8.2547219919469,-0.359933350186251,0.186169061719775,-0.04668385
148.79,8.26039336513183,-0.35052900096019,0.182567449338141,-0.0444803
148.8,8.20408331301639,-0.344357052748037,0.179043328546878,-0.04228755
148.81,8.22084700720615,-0.327659901890314,0.175594951924085,-0.0401099
148.82,8.1476291974603,-0.321231963840975,0.172220710863737,-0.03795161
148.83,8.1158571327833,-0.328490477270349,0.168918938311672,-0.03581691
148.84,8.09401014760926,-0.331867535667647,0.165687996759742,-0.03370997
148.85,8.03727228796167,-0.326263596680462,0.162526335227223,-0.03163492
148.86,7.98113917221732,-0.31854547550087,0.159432430020377,-0.02959582
148.87,7.98307172870019,-0.30289427165307,0.156404723981419,-0.02759666
148.88,7.97089999972268,-0.312998493458929,0.153441709851127,-0.02564136
148.89,7.96871670667293,-0.308778107287576,0.150541966271802,-0.02373374
148.9,7.94099746596215,-0.296040695281982,0.147704033452668,-0.02187754
148.91,7.90131476759479,-0.281241370778526,0.14492650002728,-0.02007638
148.92,7.91690200925964,-0.263492849362006,0.142208003147347,-0.01833381
148.93,7.93032609574292,-0.265678034653035,0.139547198653617,-0.01665322
148.94,7.90538233470848,-0.275759513098959,0.136942771193783,-0.01503791
148.95,7.88417568605834,-0.255864331940674,0.134393434583051,-0.01349105
148.96,7.84666416995037,-0.246099128566462,0.131897931906231,-0.01201565
148.97,7.86116907656328,-0.234372560397844,0.129455035381417,-0.0106146
148.98,7.85186097236401,-0.236235146146104,0.127063546612513,-0.00929066
148.99,7.78845633286762,-0.235458908461102,0.124722295428463,-0.0080464
149,7.76074881634518,-0.226633033287338,0.122430140169362,-0.00688427
149.01,7.7520701170009,-0.220250763041209,0.120185967304957,-0.00580654
149.02,7.76331010097133,-0.221785307360123,0.117988690799131,-0.00481533
149.03,7.76944795591227,-0.233722963625894,0.115837251627097,-0.00391256
149.04,7.76630163221169,-0.227650951769952,0.113730618513029,-0.00310001
149.05,7.7852808864588,-0.225061497748443,0.111667785454936,-0.00237927
149.06,7.84726042552401,-0.219015166612204,0.109647773109028,-0.00175175
149.07,7.84526660967967,-0.209693654754654,0.10766962712894,-0.00121868
149.08,7.85923440073479,-0.202635696559957,0.105732433846248,-0.0007811
149.09,7.87163193569786,-0.194125510238531,0.103835252098391,-0.00043987
149.1,7.85409976637157,-0.171316239603691,0.101977223685037,-0.00019566
149.11,7.82405546154095,-0.174657935504762,0.100157450794828,-0
149.12,7.8232655882536,-0.164549795308562,0.0983751499641926,-0
149.13,7.79735761159579,-0.161966335694834,0.0966298069741832,-0.00039426
149.14,7.80249841486406,-0.167112972664336,0.094921304843561,-0.00157084
149.15,7.80547967819965,-0.158518353090799,0.0932495844178585,-0.00351118
149.16,7.77889140929661,-0.163257114275263,0.0916144950377272,-0.00618467
149.17,7.80186836822651,-0.169355824084822,0.0900159617569527,-0.00954915
149.18,7.73288271705037,-0.162796469243943,0.0884539985373392,-0.01355157
149.19,7.66322366582736,-0.157879964267777,0.0869286300763277,-0.0181288
149.2,7.62975938986039,-0.153769892922917,0.0854398923791748,-0.02320866
149.21,7.64694627187551,-0.149375427757415,0.0839877178251518,-0.02871104
149.22,7.64865319762692,-0.147519281803438,0.0825719279289033,-0.03454915
149.23,7.60507504622214,-0.14108751809193,0.0811922175854244,-0.04063093
149.24,7.58402906252856,-0.136801882031693,0.0798481467596961,-0.04686047
149.25,7.58383179294817,-0.140630097034291,0.0785391368135595,-0.05313953
149.26,7.61545214102566,-0.142680060979227,0.0772644690505957,-0.05936907
149.27,7.61874989114435,-0.135543696976475,0.0760232951096998,-0.06545085
149.28,7.63547208018046,-0.122923627264236,0.0748145995631598,-0.07128896
149.29,7.61286628461938,-0.116846383742743,0.0736372676875237,-0.07679134
149.3,7.65963418230157,-0.111917044032103,0.0724900418765194,-0.0818712
149.31,7.6191890178655,-0.105705776054691,0.0713715490020586,-0.08644843
149.32,7.62781402874825,-0.102915730024657,0.0702803213576534,-0.09045085
149.33,7.62159448670973,-0.0984719670272709,0.0692147818649876,-0.09381533
149.34,7.58166388124391,-0.0963987598688829,0.0681732918551859,-0.09648882
149.35,7.52903180931052,-0.0962653498902657,0.0671541552300311,-0.09842916
149.36,7.53234664999073,-0.0932406045680727,0.0661556364125327,-0.09960574
149.37,7.45678954225998,-0.0930677236929243,0.0651759365341362,-0.09994665
149.38,7.50264864835348,-0.0905688203276107,0.0642137144095009,-0.1
149.39,7.53082317888015,-0.078653842600565,0.0632680726391648,-0.09994665
149.4,7.5670075774569,-0.0766150136692635,0.0623379791898088,-0.09978671
149.41,7.58579849374094,-0.0752214845481079,0.0614224585422689,-0.09952052
149.42,7.57000947795823,-0.0792969221334814,0.0605207093448761,-0.09914865
149.43,7.56519505312298,-0.0924198624249863,0.0596321145058975,-0.0986719
149.44,7.55812322208951,-0.0929163604922826,0.0587561830853486,-0.09809128
149.45,7.53203656016994,-0.0974846238904152,0.0578924943586262,-0.09740803
149.46,7.53415487155227,-0.0964908162604698,0.0570406616253212,-0.09662361
149.47,7.52202425705335,-0.0946827352571055,0.0562003138942085,-0.09573969
149.48,7.53453660947023,-0.10346573892272,0.0553710897223473,-0.09475816
149.49,7.57295553175207,-0.103651863888236,0.0545526365024402,-0.09368112
149.5,7.57240502851035,-0.0925047026997636,0.0537446119861118,-0.09251086
149.51,7.58856077034336,-0.0868634163784484,0.0529466857047199,-0.09124987
149.52,7.58964009325306,-0.0863770418364972,0.0521623491471088,-0.09423005
149.53,7.56065746192888,-0.085677400971471,0.0513969528184643,-0.10145428
149.54,7.56871276356282,-0.0882513878339558,0.0506541744348971,-0.11292561
149.55,7.55080319781855,-0.0751163063114041,0.0499383316615029,-0.12864727
149.56,7.48399274842751,-0.0661830189716574,0.0492548334488084,-0.14862268
149.57,7.41210432429326,-0.0630481967520606,0.0486099002282511,-0.1728554
149.58,7.37909522383676,-0.0510466136439879,0.048010147633721,-0.20134914
149.59,7.37988227695813,-0.0436436661402502,0.0474622797857409,-0.23410778
149.6,7.38486329786923,-0.0378246546636214,0.0469729155593926,-0.27113531
149.61,7.36288405196864,-0.0344736441874133,0.0465445675486145,-0.30810666
149.62,7.32444266312524,-0.0300964257095664,0.04617774810357,-0.3450261
149.63,7.36067295306066,-0.0298681982213088,0.0458744824923017,-0.38189797
149.64,7.39247270636616,-0.0177495828900508,0.0456359003771471,-0.41872674
149.65,7.38737099141314,-0.0202397779433447,0.0454617192522528,-0.45551697
149.66,7.40960920267982,-0.00847265416525979,0.045350499503864,-0.49227329
149.67,7.36924136658641,-0.00570466342640178,0.0452999880293407,-0.5290004
149.68,7.34126014940798,0.00134386790887258,0.0453069441715555,-0.56570309
149.69,7.34757689569348,0.00437188858850559,0.0453614059004882,-0.60238617
149.7,7.30468593590762,0.00436038313007061,0.0454379863239541,-0.63905451
149.71,7.28401738537484,-0.00237922247853965,0.0455227850606383,-0.67571301
149.72,7.31959286408289,0.00808979609014085,0.0456109225060042,-0.71236657
149.73,7.27170265974972,0.000500463351205008,0.0457006767214924,-0.74902014
149.74,7.26621594410994,0.00543550676533491,0.0457916303260901,-0.78567864
149.75,7.25279844952856,0.0079840222736076,0.0458835400189922,-0.82234698
149.76,7.23726337845033,0.0118931918102083,0.045976445248555,-0.85903006
149.77,7.25051199642099,0.0140808683939126,0.0460701607513423,-0.89573275
149.78,7.26693367565376,0.0195796823437872,0.046164674820583,-0.93245986
149.79,7.21646282578722,0.013135197839828,0.0462600142011601,-0.96921618
149.8,7.15565139808597,0.0283362532747226,0.0463561910561933,-1.00600641
149.81,7.16134496674005,0.0166137171801786,0.0464532135193419,-1.04283518
149.82,7.12704521003741,0.0209605905794723,0.0465510822456047,-1.07970705
149.83,7.09980068179023,0.0167746018096721,0.04664965220808,-1.11662649
149.84,7.04779053334331,0.0129971424678727,0.0467491435464655,-1.15359784
149.85,7.00445937306276,0.00963262194963761,0.0468495377312597,-1.19062537
149.86,6.97962045525329,0.0042693654432972,0.0469508147979802,-1.2277132
149.87,6.98921857464946,-0.00799078721368929,0.0470529709286706,-1.26486533
149.88,6.93165662518483,-0.00976661750752987,0.0471560076577306,-1.30208563
149.89,6.88380771487767,-0.0149297353654455,0.0472599282175484,-1.33937781
149.9,6.81898954336378,-0.0131474833461679,0.0473647362765109,-1.37674544
149.91,6.80491390406118,0.00267879638601449,0.0474704355005823,-1.41419193
149.92,6.75949433726119,0.00627457134130865,0.0475770559215634,-1.45172051
149.93,6.75029865740769,0.00656906346955397,0.0476845608107464,-1.48933423
149.94,6.71537177294855,0.0134839662103032,0.0477929621030294,-1.52703599
149.95,6.70379458285176,0.017931120837732,0.047902265184484,-1.56482847
149.96,6.69784609151485,0.0231607936827806,0.0480124733977204,-1.60271416
149.97,6.71073012766795,0.0174246809056107,0.048123588792998,-1.64069537
149.98,6.69924042821863,0.000827196801765657,0.0482356130680717,-1.6787742
149.99,6.68009893216773,-0.00626270064598235,0.0483444480657762,-1.71262332
150,6.61991587397767,-0.00237021389081306,0.0484450131965519,-1.74224442
150.01,6.57457154795809,-0.00660871292085065,0.0485353133611563,-1.76763896
150.02,6.52260089409583,0.000294112046548538,0.0486103494681833,-1.78407627
150.03,6.48982684583706,-0.00202508559498477,0.0486636851123485,-1.79155736
150.04,6.46686042592618,-0.00836464454376964,0.0486934171252368,-1.79008302
150.05,6.47569035228694,0.000391713720652635,0.0486986120884272,-1.77960048
150.06,6.43607654687339,-0.000733910210982527,0.0486790494326409,-1.76027013
150.07,6.48787989518905,-0.00442238967020285,0.0486348910819763,-1.73227294
150.08,6.53487066747822,-0.0165461113319412,0.0485707950675651,-1.70032616
150.09,6.62229946872043,-0.0184270686662743,0.0484924924573418,-1.66441122
150.1,6.6719456414909,-0.0211752804461778,0.0484018066763901,-1.62449753
150.11,6.70297789459924,-0.0125818334983343,0.048303854821066,-1.58527483
150.12,6.71111452680583,-0.0134708211487524,0.048204329242513,-1.54669007
150.13,6.79293976930298,-0.0123243471970003,0.0481052880983823,-1.50868012
150.14,6.85372224890385,-0.0126900273331466,0.0480071382029006,-1.4711728
150.15,6.84397094857561,9.67687296636235e-05,0.0479099796114978,-1.434088
150.16,6.8331666219931,-0.00509389238526455,0.0478137037553848,-1.39733893
150.17,6.84134694489583,-0.00819180846060913,0.0477181074756687,-1.36083353
150.18,6.88490025900463,-0.0111877954089701,0.0476229488875739,-1.32447589
150.19,6.90151951257741,-0.0119623557156586,0.0475279659352289,-1.28816776
150.2,6.9157773519342,-0.00988143218076698,0.0474326960825385,-1.25181012
150.21,6.89087669297217,-0.000620509178969618,0.0473370347895682,-1.21530473
150.22,6.91965834739743,0.00318527413491568,0.0472407844359078,-1.17855566
150.23,6.94856339251142,0.000552462701908378,0.0471436537411088,-1.14147085
150.24,6.95915155173925,0.000366848249952081,0.0470453542721946,-1.10396353
150.25,7.02967150846385,0.00861517527910322,0.046945626171215,-1.06595359
150.26,7.098905639205,0.00396703161190402,0.0468442455469189,-1.02736882
150.27,7.14832049673421,0.00780381885518559,0.0467409983845453,-0.98814613
150.28,7.22363297560225,0.00270738576750762,0.0466356995742791,-0.94823244
150.29,7.30893206612069,-0.000993486847675316,0.0465281870114641,-0.90758559
150.3,7.40372599884915,-0.00177744414644165,0.0464183430815138,-0.86617499
150.31,7.50299918182376,-0.00104253365813825,0.0463060075489827,-0.82392711
150.32,7.48859526410483,-0.00539091911508353,0.0461913784685569,-0.78139489
150.33,7.47735984434384,-0.0170747239902066,0.046070442001105,-0.73875275
150.34,7.49601836562384,-0.018774173934779,0.0459274552228883,-0.69600083
150.35,7.50721533143946,-0.0297949736572319,0.0457418163329387,-0.65313947
150.36,7.50172468937313,-0.0405886271094146,0.0454970022171763,-0.61016929
150.37,7.50112412850244,-0.0401954687160183,0.0451831308211222,-0.56709113
150.38,7.48099867137867,-0.0493567031314823,0.0447962348672809,-0.52390607
150.39,7.55281622481094,-0.0548064768135316,0.044336397239498,-0.48061541
150.4,7.59499350176934,-0.0502844145222033,0.0438059762998727,-0.43722071
150.41,7.57344941079281,-0.0689576947271384,0.0432083590449082,-0.39372374
150.42,7.5677230192253,-0.0655676266815228,0.0425472259105438,-0.35012651
150.43,7.60987315759198,-0.0688233694740386,0.0418260339101085,-0.30643122
150.44,7.67681493295338,-0.0837442682098843,0.0410480292164968,-0.26264033
150.45,7.68737529830238,-0.0903081035989933,0.0402161676720971,-0.21875646
150.46,7.66825205265528,-0.10208726670474,0.0393331349642254,-0.17478248
150.47,7.64717226448505,-0.105636988137782,0.0384013850477771,-0.13072144
150.48,7.6751390228388,-0.10014871392692,0.0374231758703734,-0.08657657
150.49,7.69713325001305,-0.101712978586303,0.0364371132959849,-0.08493847
150.5,7.68967262524695,-0.0978523107069758,0.0354633383636609,-0.08322357
150.51,7.62014012124844,-0.0929668534989792,0.0344871004504406,-0.08143564
150.52,7.61347410694443,-0.0807862763397406,0.0335152343516774,-0.07957861
150.53,7.59180356031567,-0.0764437993741152,0.0325589958021003,-0.07765656
150.54,7.59523407261049,-0.0714902091970079,0.0316266602867808,-0.07567371
150.55,7.63695647304996,-0.0740466716833192,0.0307224135303446,-0.07363443
150.56,7.60349685674728,-0.0748104190467743,0.0298472952210457,-0.07154319
150.57,7.62971578262182,-0.0751281364989913,0.0290005543780634,-0.06940459
150.58,7.60912473817456,-0.0715628530649069,0.0281807770257012,-0.06722334
150.59,7.639317001336,-0.0725260369874416,0.0273864078589828,-0.06500423
150.6,7.60666098746074,-0.0713360817920663,0.0266159854983099,-0.06275214
150.61,7.61027502137168,-0.0643323040486317,0.0258682858755007,-0.06047201
150.62,7.56427932549652,-0.0581507346380276,0.0251422007774115,-0.05816887
150.63,7.59127786966593,-0.0516442410130663,0.0244367268332399,-0.05584777
150.64,7.53213036056268,-0.0490626759807177,0.0237509422638578,-0.05351381
150.65,7.5264246466151,-0.0465762343131439,0.0230839954779613,-0.05117213
150.66,7.51095970339892,-0.0414658291430244,0.0224350476180339,-0.04882787
150.67,7.52051568630446,-0.0381987294458198,0.0218033067819803,-0.04648619
150.68,7.47458457932843,-0.0503345629625609,0.0211880415150093,-0.04415223
150.69,7.48348883961365,-0.0488368025120447,0.0205885474979081,-0.04183113
150.7,7.47296033159583,-0.0477830917597113,0.020004159385073,-0.03952799
150.71,7.45678742096638,-0.044756658754997,0.0194342617536417,-0.03724786
150.72,7.45476380104055,-0.0444862982339981,0.0188782523297232,-0.03499577
150.73,7.47179856868974,-0.0516550806801543,0.0183355788615065,-0.03277666
150.74,7.50733833537225,-0.0436281594077177,0.0178057113647914,-0.03059541
150.75,7.52660543893272,-0.0347815496582143,0.0172881748289328,-0.02845681
150.76,7.53213759650741,-0.0303435083867651,0.0167825152867005,-0.02636557
150.77,7.51695761280284,-0.0356957986712294,0.0162883090638091,-0.02432629
150.78,7.54178016944944,-0.0398531670504554,0.0158051614720832,-0.02234344
150.79,7.51326000704666,-0.0405132640173468,0.015332705338718,-0.02042139
150.8,7.46116145611592,-0.0329115444584919,0.0148705997506609,-0.01856436
150.81,7.44339776650338,-0.0441716942699144,0.014418528647394,-0.01677643
150.82,7.44539122378472,-0.0464471616031522,0.0139761995498552,-0.01506153
150.83,7.40693767804486,-0.0524796325387643,0.0135433422970119,-0.01342343
150.84,7.41657156438554,-0.0526509078550781,0.0131197077043811,-0.01186574
150.85,7.38571151450919,-0.0537351682393872,0.0127050664350851,-0.01039188
150.86,7.43516080298143,-0.0490671355111044,0.012299207701953,-0.00900508
150.87,7.43722932396143,-0.0492205200496761,0.0119019454352401,-0.0077084
150.88,7.40176462874729,-0.0462235191555765,0.0115130951582827,-0.00650468
150.89,7.44398991154289,-0.042153421146312,0.0111324949697541,-0.00539658
150.9,7.46766447795305,-0.0480912849774601,0.0107599970504686,-0.00438652
150.91,7.41984890958682,-0.0465738422804572,0.0103954665987494,-0.00347674
150.92,7.45810371867972,-0.0370477795710987,0.0100387808377399,-0.00266922
150.93,7.42791014567063,-0.0374364849816538,0.00968982794767597,-0.00196574
150.94,7.43374494549539,-0.0355048469213788,0.00934850623008021,-0.00136785
150.95,7.46558605504972,-0.0300727806585731,0.00901472308917761,-0.00087687
150.96,7.3901127784629,-0.0231112938315508,0.00868839415602154,-0.00049387
150.97,7.36014114124871,-0.010851680301899,0.00836944243858829,-0.0002197
150.98,7.35842352368892,-0.00884302141759443,0.00805774233729867,-0
150.99,7.37714264655721,-0.0167234989519905,0.00775332791039019,-0
151,7.35787866823575,-0.0161044894177221,0.00745645047228109,-0.00039426
151.01,7.38181583655065,-0.0213543569571079,0.00716774223723732,-0.00157084
151.02,7.36173314857252,-0.0277206108411663,0.00688791972386958,-0.00351118
151.03,7.37247083469258,-0.0353498468735756,0.00661757300391116,-0.00618467
151.04,7.38040691185828,-0.0309049681456401,0.00635738621603043,-0.00954915
151.05,7.44076232973981,-0.034734986870904,0.00610813895209922,-0.01355157
151.06,7.43602341013982,-0.0314735351979794,0.00587062658944418,-0.0181288
151.07,7.4812717050817,-0.0382674220062569,0.00564558260903965,-0.02320866
151.08,7.47457196613866,-0.0307341529431313,0.00543361920637368,-0.02871104
151.09,7.4744423623533,-0.0176107960487192,0.00523519535611634,-0.03454915
151.1,7.48759197796215,-0.0174644920450447,0.00505059301282547,-0.04063093
151.11,7.50765742110526,-0.0201414408536945,0.00487990907027668,-0.04686047
151.12,7.42792990230489,-0.0115328761792289,0.00472305203026412,-0.05313953
151.13,7.371523141112,-0.0103165718769094,0.00457974259818237,-0.05936907
151.14,7.33563711447525,0.000972788474645882,0.00444951810885496,-0.06545085
151.15,7.37026485071651,-0.00401017463749122,0.0043317371909718,-0.07128896
151.16,7.41259885764978,-0.0124525217897783,0.00422559189230465,-0.07679134
151.17,7.46096745922169,-0.00812791467489345,0.00413011999761024,-0.0818712
151.18,7.43593057133134,-0.00569866588483646,0.00404422297726637,-0.08644843
151.19,7.48253496299086,-0.0105031939065704,0.00396668773132636,-0.09045085
151.2,7.52173931907174,-0.00826796847621088,0.00389619695183155,-0.09381533
151.21,7.54340084566241,-0.00865611581287653,0.00383137391712304,-0.09648882
151.22,7.47684042874831,-0.00137770507636498,0.00377079695202203,-0.09842916
151.23,7.40657347658623,-0.00320194183859825,0.00371302471319012,-0.09960574
151.24,7.36286824344618,-0.00358732596085878,0.00365659986398901,-0.09995495
151.25,7.42159355360114,-0.00347266100733345,0.00360056767649741,-0.1
151.26,7.4232704828299,-0.0072793340111864,0.00354444963587246,-0.09995495
151.27,7.46362355435438,-0.00863579941976671,0.00348767233048368,-0.09981987
151.28,7.47521601204397,-0.00737716993992773,0.00342967780290429,-0.09959502
151.29,7.54093699629728,-0.020049451716498,0.00337009489959835,-0.0992808
151.3,7.59390830167961,-0.012347263348399,0.0033087211475919,-0.09887776
151.31,7.63859269559499,-0.0162537919675775,0.00324547300487548,-0.09838665
151.32,7.60788418103198,-0.0298023100657187,0.00318030716127048,-0.09780834
151.33,7.57656881297453,-0.025792466919809,0.00311320785865923,-0.09714387
151.34,7.49124120839557,-0.0277865446559748,0.00304416345411237,-0.09639445
151.35,7.47272617247273,-0.0279744242798016,0.0029731612657875,-0.09556142
151.36,7.4567877781738,-0.0159768366373911,0.00290018721527689,-0.09464629
151.37,7.45654295549392,-0.0178575229119442,0.00282522635806607,-0.09365071
151.38,7.42126679651383,-0.0101608770300228,0.00274826453842485,-0.09257646
151.39,7.39534859407807,-0.00157190730233219,0.00266928914093682,-0.09142548
151.4,7.42026562655801,-0.00305706481019299,0.00258828970941037,-0.09019986
151.41,7.45101487360138,-0.000306259733245583,0.00250525828718469,-0.08890179
151.42,7.44047535771194,0.00372844658396338,0.00242018966583804,-0.08753362
151.43,7.42316252533375,-0.00366631209328356,0.00233308158844962,-0.0860978
151.44,7.4536478092262,-0.0132482616578071,0.00224393490499146,-0.08459694
151.45,7.42520188095579,-0.0187685238257171,0.00215275372934797,-0.08303374
151.46,7.42852642966972,-0.0281924343099526,0.00205954551307735,-0.081411
151.47,7.48028262526766,-0.030705054184549,0.00196432122115305,-0.07973166
151.48,7.47548680940454,-0.0401689427080146,0.00186709542746924,-0.07799874
151.49,7.52556262384695,-0.0416469206396376,0.00176788670408788,-0.07621536
151.5,7.51546512059794,-0.042134157035297,0.0016667167598128,-0.07438475
151.51,7.51378001773687,-0.0414559851625369,0.00156361145910143,-0.07251019
151.52,7.55583587620561,-0.0420316282403478,0.00145860053926984,-0.07059506
151.53,7.56201173287553,-0.0301733880493198,0.0013517176658127,-0.06864282
151.54,7.51425719174816,-0.0245089614037296,0.00124300045768997,-0.06665699
151.55,7.53563856931422,-0.0118570862143792,0.0011324904640416,-0.06464114
151.56,7.53410059512729,-0.0166636070132995,0.00102023316232743,-0.0625989
151.57,7.51824829476674,-0.00543874080949398,0.000906277966660311,-0.06053396
151.58,7.46560906239433,0.00143295317815628,0.000790678180077083,-0.05845004
151.59,7.44253024548661,0.00563595645537337,0.000673490943687715,-0.05635089
151.6,7.43504695319174,0.00674144428678087,0.000554777194254886,-0.0542403
151.61,7.43463102664886,0.00799571635498794,0.000434601576880515,-0.05212206
151.62,7.44055027174561,0.0063285750449718,0.000313032257065839,-0.05
151.63,7.41376594286344,0.0179963210156181,0.000190141225860297,-0.04787794
151.64,7.41488223993454,0.0100755824081594,6.60038168290161e-05,-0.0457597
151.65,7.42298052904142,0.0180953386964946,-5.93012994875262e-05,-0.04364911
151.66,7.47589703283573,0.0200167976706097,-0.000185692234828307,-0.04154996
151.67,7.50409893295382,0.0205285755509742,-0.000313083965496216,-0.03946604
151.68,7.49059840220045,0.0189059364898473,-0.000441388510798408,-0.0374011
151.69,7.43808585363248,0.0167968059569028,-0.000570515059053148,-0.03535886
151.7,7.42297080753772,0.00659298232156678,-0.000700370109991237,-0.03334301
151.71,7.45839172562346,0.00797292570131717,-0.000830857626839859,-0.03135718
151.72,7.45561225144893,-0.00249816247720535,-0.000961879234041285,-0.02940494
151.73,7.38052261821233,-0.0124561730070638,-0.00109333434899066,-0.02748981
151.74,7.36958833808173,-0.0116870501096494,-0.00122512035973124,-0.02561525
151.75,7.4120154464183,-0.0180974081621601,-0.00135713281210254,-0.02378464
151.76,7.43051558818595,-0.0156088679005581,-0.00148926561132735,-0.02200126
151.77,7.43048456164192,-0.0207290364934935,-0.00162141120701747,-0.02026834
151.78,7.41048621473382,-0.0243431522129234,-0.00175346074148756,-0.018589
151.79,7.4104529373686,-0.0207949375303017,-0.00188530431527376,-0.01696626
151.8,7.43019793668234,-0.0110616717033756,-0.00201683114853445,-0.01540306
151.81,7.43916534543299,-0.0127784245366609,-0.00214792974658987,-0.0139022
151.82,7.38307187451838,0.00135994326431564,-0.00227848820353592,-0.01246638
151.83,7.40707006010526,-0.00734684840666547,-0.0024083943220107,-0.01109821
151.84,7.41971964413027,-0.00606346643133271,-0.00253753586432643,-0.00980014
151.85,7.41984159535851,-0.0074607546736962,-0.00266580076150331,-0.00857452
151.86,7.45355144125614,-0.0114661875325602,-0.00279307733203939,-0.00742354
151.87,7.42717726215398,-0.022819031650459,-0.00291925447678873,-0.00634929
151.88,7.45070530463373,-0.0316733499558562,-0.00304422202392218,-0.00535371
151.89,7.48813849045983,-0.0341408921731922,-0.00316787055123323,-0.00443858
151.9,7.45691442489761,-0.032362972606738,-0.00329009201585065,-0.00360555
151.91,7.46888723638076,-0.0298009808826273,-0.00340130667954422,-0.01306162
151.92,7.43225111065856,-0.0192985155570784,-0.00348758355213994,-0.03280813
151.93,7.38524958168656,-0.0145239005421249,-0.00353939714378423,-0.06284628
151.94,7.38855432338969,-0.00408747792933734,-0.0035454532049239,-0.10317712
151.95,7.30180292180962,0.00955184217346519,-0.00349241874043291,-0.15380152
151.96,7.23450401502552,0.0114927049117692,-0.00337349976280144,-0.21472022
151.97,7.22883922867686,0.0163535425980772,-0.00320667179471267,-0.28593378
151.98,7.07708895116662,0.0180722673551928,-0.00300387625584784,-0.36739756
151.99,7.01193420156508,0.0126378857474664,-0.00276918160349491,-0.45924695
152,6.96308915309044,0.0241202561387721,-0.00251297499940182,-0.55149061
152.01,6.90346652998298,0.0265201624551158,-0.00224723826863279,-0.64451657
152.02,6.82880419748902,0.0231683503267337,-0.00197602078851745,-0.7383063
152.03,6.80774291299132,0.0263431403787741,-0.00170082010861866,-0.83282918
152.04,6.71603087426032,0.0329421761792552,-0.00142223854924026,-0.92804305
152.05,6.72449332368161,0.0383188229323261,-0.00114057573519998,-1.02389486
152.06,6.65694485266518,0.0417370047966918,-0.000856041018035308,-1.12032148
152.07,6.5274043678778,0.0339822838133349,-0.00056882859768749,-1.21725073
152.08,6.41387409059179,0.0310961219961997,-0.000279142820392372,-1.3146025
152.09,6.35125733424445,0.0427038364274283,1.27947733513933e-05,-1.41229
152.1,6.22430102287809,0.0393931967539312,0.000306744563277537,-1.51022118
152.11,6.10377674201041,0.0403924196789125,0.000602453407994859,-1.60830011
152.12,5.97104703698226,0.0323197544432001,0.000899655688997388,-1.70642855
152.13,5.89219860694549,0.0343402982934159,0.00119807835153839,-1.80450748
152.14,5.81095274631568,0.0370063403193551,0.00149744527933695,-1.90243865
152.15,5.75433238878609,0.0367378219973411,0.00179748074289045,-2.00012616
152.16,5.64554468704932,0.0285394090782218,0.00209791419149914,-2.09747792
152.17,5.52642935230646,0.0160863053184703,0.00239848450718027,-2.19440717
152.18,5.48688864338228,0.00640302615387153,0.00269894408106441,-2.2908338
152.19,5.52976048275014,0.0442915437801881,0.00299906265789253,-2.3866856
152.2,5.70812358432783,0.0947328110736232,0.00329863100217238,-2.48189948
152.21,6.08841190570038,0.176718087457256,0,-2.57642236
152.22,6.57569649470565,0.287109263834098,0.00133061281852341,-2.67021208
152.23,7.24193692255926,0.412023996621763,0.00458016273416122,-2.76323805
152.24,8.03455291893304,0.558932140899637,0.00977918007113575,-2.8554401
152.25,8.93217709962658,0.710473662513234,0.0166319166067983,-2.9473311
152.26,9.80248133221278,0.837873748641371,0.0248285626266066,-3.03913888
152.27,10.7215434231681,0.956011672957941,0.0341299880210126,-3.1308635
152.28,11.5812502349504,1.05157419555543,0.0443829350862655,-3.22250519
152.29,12.4428249939934,1.12785366880292,0.0554918645951795,-3.31406428
152.3,13.161836281787,1.19143697883628,0.0673940404389182,-3.40554125
152.31,13.8519170344116,1.2484480277712,0.0800430435512231,-3.49693673
152.32,14.3543127734417,1.29225482034345,0.0933211917672201,-3.58825148
152.33,14.8711983372397,1.32378971335476,0.106959369406454,-3.67948637
152.34,15.2441957592463,1.34063156333523,0.120710510084409,-3.77064243
152.35,15.4441501564896,1.34073995621779,0.134427797159916,-3.86172083
152.36,15.5649003568765,1.3405428661886,0.148044754252189,-3.95272283
152.37,15.6765512194733,1.33419360844917,0.161541511614488,-4.04364986
152.38,15.7407919851944,1.32121111370729,0.174918537403499,-4.13450344
152.39,15.8622641904001,1.31496235742894,0.188181707914017,-4.22528523
152.4,15.9216438445596,1.30975630084614,0.201336629737783,-4.31599702
152.41,16.0051610891652,1.30775171229185,0.214387054897702,-4.40664069
152.42,16.1440234001953,1.30074898400908,0.227335248692179,-4.49721825
152.43,16.2273974688532,1.2937991859042,0.240182566566636,-4.58773182
152.44,16.3421245079099,1.28907504119184,0.252930029572405,-4.67818363
152.45,16.4452103652018,1.28129685397065,0.265578578014519,-4.76857598
152.46,16.5019364343987,1.26891201036018,0.278125001866987,-4.84870584
152.47,16.603310407244,1.2535619857704,0.29056214748756,-4.91857571
152.48,16.6367959270899,1.2338197492066,0.302884520859865,-4.9781882
152.49,16.6828719112548,1.22454507415581,0.315078381450347,-5.00595748
152.5,16.8036898238238,1.20742189456313,0.32712123283879,-5.00188634
152.51,16.8972142979056,1.1879939298765,0.33899400651589,-4.96597762
152.52,17.0020790808544,1.17252080522761,0.350678953762193,-4.89823425
152.53,17.1657390221907,1.14257152425476,0.362157987733048,-4.79865923
152.54,17.2890589832123,1.11452851259586,0.373412254427116,-4.66725563
152.55,17.4376068921886,1.0869642071266,0.384426820622148,-4.51423203
152.56,17.6153794372349,1.05716738035284,0.395190305582932,-4.33959162
152.57,17.787157667666,1.02146603454513,0.405688932077331,-4.14333761
152.58,17.9885081807943,0.990407862736673,0.415918033997449,-3.94706178
152.59,18.1521125271673,0.958853303955104,0.425880975939087,-3.75076744
152.6,18.3372886544257,0.933376025090017,0.435577263979359,-3.55445791
152.61,18.5220415071389,0.912447311762775,0.445005052037274,-3.35813653
152.62,18.7039711557558,0.892561507734109,0.454162495021277,-3.16180667
152.63,18.8983469176564,0.865576598124456,0.463048185549423,-2.96547173
152.64,19.0253318356289,0.843941652435913,0.471661083192862,-2.76913509
152.65,19.1724450946557,0.82724809341889,0.480000376517826,-2.57280015
152.66,19.3456085800151,0.795548739527901,0.488065303639815,-2.37647029
152.67,19.4767575940651,0.771701924930725,0.495855053169766,-2.18014891
152.68,19.6176104569456,0.7345590905687,0.503368570218736,-1.98383938
152.69,19.761133979318,0.696210174011939,0.510605123911547,-1.78754504
152.7,19.8952562360517,0.671713918682325,0.517563666884344,-1.59126921
152.71,20.0189951419176,0.650499918124474,0.524243085826689,-1.3950152
152.72,20.146047817234,0.611841798815673,0.530642263887572,-1.19878626
152.73,20.2941389467155,0.584525617849535,0.53676001182918,-1.0025856
152.74,20.4291794201345,0.557266662161387,0.542595072869712,-0.8064164
152.75,20.5736998545527,0.536910026900033,0.548159483367155,-0.6318703
152.76,20.6851733168796,0.524955872772633,0.553475931756118,-0.47895036
152.77,20.7609056938528,0.498471946744555,0.558560989978825,-0.34765958
152.78,20.8499880728604,0.472275281414848,0.563431383497938,-0.23800089
152.79,20.9168359810173,0.462055428988272,0.568106177467029,-0.14997713
152.8,20.9456621103449,0.453520024047017,0.572607124271919,-0.08359111
152.81,20.9703999273901,0.441665264668948,0.576957887764201,-0.0388455
152.82,20.9988660443069,0.428177528875746,0.581183444157164,-0.01574291
152.83,21.0343549352354,0.40721069499557,0.585309462970413,-0.01428588
152.84,21.0948378474542,0.405408178593378,0.589347080285773,-0.01288829
152.85,21.158945326472,0.402370622762221,0.593297475477975,-0.01155247
152.86,21.1775485150813,0.388124972292854,0.597168734801892,-0.01028065
152.87,21.1748173394522,0.381569795601302,0.600969060181667,-0.00907493
152.88,21.2269671330738,0.380962802977122,0.604703643067764,-0.00793732
152.89,21.2624983953763,0.373822127440412,0.60837501540987,-0.00686973
152.9,21.3106260558979,0.366672067583662,0.611984323007455,-0.00587392
152.91,21.3158302728609,0.368320641930378,0.615532173027681,-0.00495156
152.92,21.2977192595742,0.362067451772216,0.619019142494185,-0.00410417
152.93,21.2799263132863,0.358692943137734,0.622445952876499,-0.00333317
152.94,21.3030332880503,0.350178988236055,0.625813469195949,-0.00263985
152.95,21.2617510134206,0.338292453517678,0.629122644261106,-0.00202535
152.96,21.0351958223034,0.261986019659774,0.632374462628951,-0.0014907
152.97,20.3421642911771,0.115535972441691,0.635569911546099,-0.00103679
152.98,19.3626067213205,-0.0910419196224487,0.638709966429159,-0.00066438
152.99,18.208582648002,-0.306897289217465,0.640196684778405,-0.00037407
153,16.9431834076858,-0.52096483639096,0.635264539089725,-0.00016637
153.01,15.6895274276673,-0.730080402846124,0.626278886762197,-0
153.02,14.4059492430124,-0.937072564714782,0.61535162567193,-0
153.03,13.299183267182,-1.07325289499055,0.603694138905331,-0.00039426
153.04,12.6676261399905,-1.12352117992544,0.591937202581699,-0.00157084
153.05,12.26022174777,-1.14086284419414,0.580358221456322,-0.00351118
153.06,12.0973475206467,-1.12365485328261,0.569040943732781,-0.00618467
153.07,11.978396247714,-1.1062158532992,0.55798327610188,-0.00954915
153.08,11.8133833875874,-1.08548719930129,0.547158662765861,-0.01355157
153.09,11.7140155498664,-1.07300692597794,0.536542680603543,-0.0181288
153.1,11.5932581754456,-1.04397931612464,0.526120879650403,-0.02320866
153.11,11.4540010326665,-1.03383533948986,0.51588645792037,-0.02871104
153.12,11.3215967243992,-1.00402709650665,0.505836837989368,-0.03454915
153.13,11.1355133865207,-0.98353976473344,0.495970710820245,-0.04063093
153.14,11.041188375472,-0.958600281882531,0.486286560285385,-0.04686047
153.15,10.9797412765229,-0.944239968531376,0.476782933673538,-0.05313953
153.16,10.8599540499468,-0.913777115855816,0.467457742420123,-0.05936907
153.17,10.7246316061311,-0.902273653114694,0.458308676097089,-0.06545085
153.18,10.5730354590425,-0.877645166467472,0.449333151531494,-0.07128896
153.19,10.5095455448568,-0.855157075347986,0.440528673794159,-0.07679134
153.2,10.4043330113725,-0.842973354382684,0.431892612808898,-0.0818712
153.21,10.3134872025866,-0.820206707002709,0.423422307410775,-0.08644843
153.22,10.1803605241784,-0.804943244777392,0.415115128359145,-0.09045085
153.23,10.0679684618579,-0.790728960536721,0.406968364730431,-0.09381533
153.24,9.99386120526907,-0.763818233538665,0.398979267603098,-0.09648882
153.25,9.94663205824965,-0.753648995031246,0.391145097139424,-0.09842916
153.26,9.847492272802,-0.741146400671927,0.383462998396111,-0.09960574
153.27,9.78233414886619,-0.724421980607774,0.375930133128125,-0.09993977
153.28,9.72626183485248,-0.722241593057643,0.368543901207988,-0.1
153.29,9.6907674286635,-0.703995567437917,0.361302082371663,-0.09993977
153.3,9.59178670413594,-0.689612475442029,0.354202546912369,-0.09975924
153.31,9.55010157058119,-0.682200442876423,0.347242810980427,-0.09945883
153.32,9.51636152600322,-0.663415907915784,0.340420435885543,-0.09903926
153.33,9.47092549723555,-0.65344496587288,0.333733196964814,-0.09850156
153.34,9.40444531078254,-0.644685288784336,0.327178817394317,-0.09784702
153.35,9.32364963956867,-0.634377436652964,0.320755137324176,-0.0970772
153.36,9.28552591841851,-0.62256783028171,0.31445992398866,-0.09619398
153.37,9.30910198617437,-0.609671597734485,0.308290967118807,-0.09519946
153.38,9.21827874505937,-0.607883844670024,0.30224611528523,-0.09409606
153.39,9.12574928110974,-0.59959869827002,0.29632317638703,-0.09288643
153.4,9.10229522935287,-0.585970017684078,0.290520002412862,-0.09157348
153.41,9.03845374277546,-0.569046079944427,0.284834373045039,-0.09016038
153.42,8.96582326673387,-0.561950309856574,0.279264284372406,-0.08865052
153.43,8.88140830340487,-0.5601925553336,0.273807612893051,-0.08704756
153.44,8.80519126411574,-0.550382632279129,0.268462257361149,-0.08535534
153.45,8.76303697228846,-0.533338887841375,0.263226116963963,-0.08357795
153.46,8.70072623424939,-0.522209201037053,0.258097150626511,-0.08171966
153.47,8.60140470751671,-0.513840595802829,0.25307335696045,-0.07978497
153.48,8.63001514083796,-0.504735555926921,0.248152752065571,-0.07777851
153.49,8.63725055817609,-0.492088959702862,0.243333311229351,-0.07570514
153.5,8.59392566260409,-0.478761299266782,0.238613032480485,-0.07356984
153.51,8.54228623334988,-0.468389405359049,0.233990031694287,-0.07137775
153.52,8.5288897316887,-0.453765512111524,0.229462350309479,-0.06913417
153.53,8.50007908126608,-0.440162203938097,0.225028053796867,-0.06684449
153.54,8.50025544704873,-0.429157025052659,0.220685295478089,-0.06451423
153.55,8.43830014492799,-0.419396736502113,0.216432219455217,-0.06214901
153.56,8.39181102234763,-0.41039431559412,0.212266993706503,-0.05975452
153.57,8.41990063576594,-0.401359174752001,0.208187813872678,-0.05733652
153.58,8.38102096190553,-0.395839101222781,0.204192937656329,-0.05490086
153.59,8.37131715333235,-0.395016022152356,0.200280567588487,-0.05245338
153.6,8.34714133161824,-0.392643304873976,0.196448971142453,-0.05
153.61,8.3323369079948,-0.379951699494111,0.192696462600515,-0.04754662
153.62,8.28702718323527,-0.38481005736767,0.189021374627032,-0.04509914
153.63,8.26383143163807,-0.37441180994429,0.185422065523844,-0.04266348
153.64,8.21013638397608,-0.364670246126114,0.181896921000465,-0.04024548
153.65,8.22725740228279,-0.354825789243319,0.178444355880298,-0.03785099
153.66,8.18367259610353,-0.344335707571625,0.175062839957159,-0.03548577
153.67,8.16112803550414,-0.338405929893745,0.171750795917793,-0.03315551
153.68,8.11039243151221,-0.340756101779698,0.168506753439285,-0.03086583
153.69,8.12416764132967,-0.315932518784987,0.16532924609391,-0.02862225
153.7,8.10138604426849,-0.308891265667697,0.162216837314351,-0.02643016
153.71,8.1034034020431,-0.294915854664843,0.15916812051443,-0.02429486
153.72,8.09675460155252,-0.290508513021025,0.156181719101052,-0.02222149
153.73,8.09879955783566,-0.277939802192262,0.153256285141988,-0.02021503
153.74,8.0906895071844,-0.265309278886999,0.150390502220966,-0.01828034
153.75,8.06461617348181,-0.257890733800692,0.147583083689789,-0.01642205
153.76,8.03712140322444,-0.259370231296098,0.144832771148366,-0.01464466
153.77,8.0050555047268,-0.255118247943469,0.142138349573895,-0.01295244
153.78,7.97937813358329,-0.259591322974256,0.139498584770242,-0.01134948
153.79,7.95245808152676,-0.257070538804237,0.136912321873587,-0.00983962
153.8,7.94939203298094,-0.255583967389278,0.134378426673091,-0.00842652
153.81,7.92321665396643,-0.259344219672788,0.13189578095583,-0.00711357
153.82,7.9542850758386,-0.253763951310608,0.129463297691029,-0.00590394
153.83,7.92349696925102,-0.246732722532733,0.127079918065502,-0.00480054
153.84,7.90287515039594,-0.238456673429387,0.124744610000977,-0.00380602
153.85,7.86240767459897,-0.224655357150177,0.122456367222052,-0.0029228
153.86,7.84945595489384,-0.212262437300391,0.120214208651168,-0.00215298
153.87,7.81997401462367,-0.205609113048042,0.118017177931794,-0.00149844
153.88,7.81117594549764,-0.201150348851672,0.115864343073796,-0.00096074
153.89,7.80076903259154,-0.197444349644511,0.11375479634164,-0.00054117
153.9,7.80872257152797,-0.196075149515798,0.111687651967832,-0.00024076
153.91,7.84885309289018,-0.199960313133267,0.109662001512031,-0
153.92,7.8667504937565,-0.20254299482098,0.107677067525518,-0
153.93,7.85549993107294,-0.208689724378663,0.105732323198595,-0.00039426
153.94,7.83165107891893,-0.199747169846291,0.103827566110174,-0.00157084
153.95,7.80938966840641,-0.19638886688132,0.101962767521535,-0.00351118
153.96,7.75966238879136,-0.186812717628905,0.100137708840593,-0.00618467
153.97,7.74641098837949,-0.181910047464425,0.0983522672028109,-0.00954915
153.98,7.70303539397236,-0.172868715106952,0.0966063831941068,-0.01355157
153.99,7.69774824614894,-0.169006248240244,0.0949000644505766,-0.0181288
154,7.6826286256011,-0.163033674768076,0.0932332639896137,-0.02320866
154.01,7.71293879816314,-0.158678963822886,0.0916058553659198,-0.02871104
154.02,7.70619102833267,-0.140852245018072,0.090017637545694,-0.03454915
154.03,7.76001728173822,-0.146035242455802,0.0884682041504244,-0.04063093
154.04,7.80666871573812,-0.136305241345799,0.086957080786007,-0.04686047
154.05,7.81412466467979,-0.131778446056037,0.0854836511053886,-0.05313953
154.06,7.74749538223871,-0.129203596505623,0.0840471582704046,-0.05936907
154.07,7.75423332970634,-0.128315517694321,0.082646706949251,-0.06545085
154.08,7.78939732804706,-0.134866746388951,0.0812812680163268,-0.07128896
154.09,7.82745737242423,-0.136478694064146,0.0799496838890768,-0.07679134
154.1,7.77289393370679,-0.13042943983965,0.0786506801143229,-0.0818712
154.11,7.68812587215756,-0.12616956831924,0.0773828563202543,-0.08644843
154.12,7.68949040849106,-0.123783814143892,0.076144716706286,-0.09045085
154.13,7.72299863530745,-0.126571058783969,0.0749346761183552,-0.09381533
154.14,7.69029192256391,-0.12564694543899,0.0737510768921795,-0.09648882
154.15,7.62560526111793,-0.121788614666652,0.0725922045943986,-0.09842916
154.16,7.56674100907949,-0.121156786139386,0.071456307426255,-0.09960574
154.17,7.57207269706931,-0.124145936869011,0.0703415754636497,-0.09995241
154.18,7.62120761951617,-0.132573249467061,0.069246637945036,-0.1
154.19,7.53767756842248,-0.12298067935849,0.0681705620741208,-0.09995241
154.2,7.50161098090219,-0.113634630721943,0.0671123424829661,-0.09980973
154.21,7.52233152305418,-0.109197204694727,0.0660709724159637,-0.09957224
154.22,7.50998043281388,-0.107576748532776,0.065045626901995,-0.09924039
154.23,7.54080956183832,-0.104279042464595,0.0640356633307156,-0.0988148
154.24,7.55615701523095,-0.0947062028155484,0.0630405647402354,-0.09829629
154.25,7.49965385580847,-0.0960668076527152,0.0620598836762564,-0.09768585
154.26,7.56092728836638,-0.100860451687581,0.0610932072492059,-0.09698463
154.27,7.6060052540987,-0.10999356305878,0.0601401366000746,-0.09619398
154.28,7.57395081550951,-0.109030839498401,0.0592002820947872,-0.09531539
154.29,7.57853778653315,-0.10363547484133,0.0582732626406217,-0.09435054
154.3,7.59831423894407,-0.104053565738928,0.0573587071096248,-0.09330127
154.31,7.59271947038065,-0.104770991803905,0.0564562558578059,-0.09216957
154.32,7.63815178086371,-0.0967505798719755,0.0555655617816114,-0.0909576
154.33,7.66703431705907,-0.101084907662093,0.0546862907251091,-0.08966767
154.34,7.68570748670225,-0.0941681248111696,0.0538181217150494,-0.08830222
154.35,7.71519440937884,-0.0908285040768397,0.0529607467429451,-0.08686387
154.36,7.65891833433415,-0.103224059293056,0.0521138705437749,-0.08535534
154.37,7.68203394208532,-0.101126629319543,0.0512772105810894,-0.08377951
154.38,7.67808474651587,-0.101121404733072,0.0504504966461769,-0.08213938
154.39,7.68119196449943,-0.108169217758142,0.049633468462315,-0.08043807
154.4,7.66425545202832,-0.102566378935153,0.0488258822692287,-0.07867882
154.41,7.57944000446063,-0.0970447976359568,0.0480275050086637,-0.07686498
154.42,7.57223467218462,-0.0974521085015246,0.0472381130235013,-0.075
154.43,7.57864020711309,-0.0896653630513844,0.0464574952238899,-0.07308743
154.44,7.50383034678219,-0.0893458183756152,0.0456854521972794,-0.07113091
154.45,7.47666078727004,-0.0877290714560287,0.0449217956850048,-0.06913417
154.46,7.46753762421421,-0.0696236288280802,0.0441663482183318,-0.06710101
154.47,7.48327152807961,-0.0630187755700263,0.0434189428878683,-0.06503529
154.48,7.5862228985864,-0.0623709737445576,0.0426794230991716,-0.06294095
154.49,7.52508309548005,-0.0504141097816543,0.0419476424326847,-0.06082198
154.5,7.603045289299,-0.0447478142199495,0.041223451454352,-0.05868241
154.51,7.62060491742043,-0.0429331081789765,0.0405067081352436,-0.05652631
154.52,7.60961495350624,-0.0473016081272662,0.039797335275051,-0.05435779
154.53,7.6056722890763,-0.0567056678519374,0.0390952133273439,-0.05218097
154.54,7.59456812495428,-0.0589935987868737,0.0384002370016389,-0.05
154.55,7.55584545411713,-0.0567568636719177,0.0377123167527565,-0.04781903
154.56,7.61430327473595,-0.0618267404774082,0.0370313733873621,-0.04564221
154.57,7.57296746591147,-0.075674976113588,0.0363573354730121,-0.04347369
154.58,7.6199820923601,-0.0784851484371805,0.0356901385327545,-0.04131759
154.59,7.64500249088147,-0.0685017793541835,0.0350297248532727,-0.03917802
154.6,7.60365467720661,-0.0692528692341105,0.0343760434800496,-0.03705905
154.61,7.57729139232735,-0.0776731206691934,0.033729050276589,-0.03496471
154.62,7.50054367235872,-0.0775642290483936,0.0330887077660962,-0.03289899
154.63,7.50909853400524,-0.0734520721882658,0.0324549848900844,-0.03086583
154.64,7.50688396408763,-0.0553530555343684,0.0318278567559759,-0.02886909
154.65,7.48581314972108,-0.0491051044951521,0.0312073043271629,-0.02691257
154.66,7.47955673901645,-0.0530360870227663,0.0305933141568411,-0.025
154.67,7.51751710210138,-0.0496805597173725,0.0299858780448997,-0.02313502
154.68,7.52371024574127,-0.0422755457334523,0.0293849926978079,-0.02132118
154.69,7.55055334337725,-0.0426942557393853,0.0287906594715748,-0.01956193
154.7,7.54187419148939,-0.0438946638095831,0.0282028840183952,-0.01786062
154.71,7.54088369468856,-0.0534541030498137,0.0276216777825457,-0.01622049
154.72,7.52900908543778,-0.0653407352578029,0.0270470505755129,-0.01464466
154.73,7.5793684961705,-0.0648912619335029,0.0264790209553875,-0.01313613
154.74,7.55690228171927,-0.0696645313028489,0.0259176087557998,-0.01169778
154.75,7.52672566466338,-0.0610206889330961,0.0253628365754815,-0.01033233
154.76,7.55234234521603,-0.0630482841686071,0.0248147294889874,-0.0090424
154.77,7.55954979643996,-0.0700836480662171,0.0242733147376892,-0.00783043
154.78,7.56906126670521,-0.0511857007750531,0.0237386246437353,-0.00669873
154.79,7.57230740507727,-0.0427461626027954,0.0232106866771713,-0.00564946
154.8,7.54997576951012,-0.0437977817863858,0.0226895327216572,-0.00468461
154.81,7.52675884629052,-0.035191072944011,0.0221751956016804,-0.00380602
154.82,7.55182798719818,-0.0371380114357347,0.0216677088230173,-0.00301537
154.83,7.58623412786152,-0.0330644207961532,0.0211671062629205,-0.00231415
154.84,7.59189868203088,-0.0259375464867549,0.0206734218517251,-0.00170371
154.85,7.55447520202085,-0.0330855355072645,0.0201866893430284,-0.0011852
154.86,7.53204899001566,-0.0297444605198309,0.0197069420004622,-0.00075961
154.87,7.51993817739607,-0.0272646364545892,0.0192342123396832,-0.00042776
154.88,7.5056936582651,-0.0283205874650269,0.0187685318548993,-0.00019027
154.89,7.49401890184099,-0.0309152415719368,0.0183098849658688,-0
154.9,7.46490209127164,-0.0347542847720975,0.0178583722374642,-0
154.91,7.446920773029,-0.0391508778588918,0.0174143449212668,-0.00039426
154.92,7.42306198130562,-0.054359603292514,0.0169785343445154,-0.00157084
154.93,7.44703226472762,-0.0526428934238491,0.0165517389496096,-0.00351118
154.94,7.45119964272314,-0.0480652683325256,0.0161346276565698,-0.00618467
154.95,7.50071244824439,-0.0500545792002517,0.0157279604061753,-0.00954915
154.96,7.51660818968636,-0.0528486318495093,0.015332590238122,-0.01355157
154.97,7.50262985366832,-0.0532425473155719,0.014949384888379,-0.0181288
154.98,7.46089829331802,-0.0571597255382544,0.0145791491820723,-0.02320866
154.99,7.51815121154124,-0.049306460192992,0.0142225664458477,-0.02871104
155,7.52489662746029,-0.0540810595591641,0.0138801794016045,-0.03454915
155.01,7.50115884735131,-0.0507803768441294,0.0135523252618744,-0.04063093
155.02,7.46859364421529,-0.0470691308763327,0.0132391801152626,-0.04686047
155.03,7.44669198432566,-0.0479813974733168,0.012940728966916,-0.05313953
155.04,7.45918963829903,-0.037884484330065,0.012656769468846,-0.05936907
155.05,7.51747710531357,-0.026755224254769,0.0123869170464814,-0.06545085
155.06,7.54455339100477,-0.0189182791699893,0.0121306120018716,-0.07128896
155.07,7.48778062352826,-0.011660376204694,0.0118871270777901,-0.07679134
155.08,7.48269881145061,-0.0107205674530987,0.0116555800909422,-0.0818712
155.09,7.47000219154635,-0.0160131594252329,0.0114349475385863,-0.08644843
155.1,7.51038493197293,-0.00963674084174373,0.0112240808279497,-0.09045085
155.11,7.48196327630512,-0.0131101730364181,0.0110217253332271,-0.09381533
155.12,7.44285885883643,-0.0151289956925887,0.0108265407725479,-0.09648882
155.13,7.45036766829504,-0.0200167214335471,0.0106371234066096,-0.09842916
155.14,7.50611635380602,-0.023749525456354,0.0104520290485828,-0.09960574
155.15,7.51689664793206,-0.0252077533648533,0.010269755722979,-0.09995614
155.16,7.58407764975041,-0.0249671428744175,0.0100892801938821,-0.1
155.17,7.58477071321776,-0.0277063405905497,0.00991003517641335,-0.09995614
155.18,7.62358428525473,-0.0227067694205161,0.00973135369245509,-0.09982464
155.19,7.64834172669991,-0.0277745362440732,0.00955259818902802,-0.09960574
155.2,7.60143913376083,-0.0267247120460283,0.00937333848842067,-0.0992998
155.21,7.57983182662217,-0.0246311840638949,0.00919334739821576,-0.09890738
155.22,7.56249621669862,-0.0280646626625592,0.00901252900671775,-0.09842916
155.23,7.55762714633915,-0.0231257771480614,0.00883085637085717,-0.09786597
155.24,7.49924090465476,-0.0244839643907581,0.00864833026204801,-0.09721882
155.25,7.50567912298332,-0.0275240402755761,0.00846495790223219,-0.09648882
155.26,7.52354394585495,-0.0297043846414439,0.00828074430499803,-0.09567727
155.27,7.57214242026617,-0.0304389444833289,0.00809569051324053,-0.09478559
155.28,7.56739647311383,-0.0299590723221076,0.00790979435260035,-0.09381533
155.29,7.59748881926471,-0.0307370235975515,0.00772305193489993,-0.09276821
155.3,7.58356366148727,-0.0317818921523503,0.0075354589270668,-0.09164606
155.31,7.63279098717117,-0.0320664979064938,0.00734701143878137,-0.09045085
155.32,7.60397324872758,-0.0397043119556186,0.00715770663034745,-0.08918467
155.33,7.6046526623591,-0.024400992205802,0.00696754309975202,-0.08784975
155.34,7.56228369149415,-0.0255617358852534,0.00677652117379564,-0.08644843
155.35,7.55994744451912,-0.0280500928750343,0.00658464310497617,-0.08498317
155.36,7.5208463603316,-0.0262928227352444,0.00639191327479326,-0.08345653
155.37,7.53285427437543,-0.0272021740706567,0.00619833838206336,-0.0818712
155.38,7.4954629434953,-0.0284292121640586,0.00600392760562348,-0.08022996
155.39,7.49399780318188,-0.0218160488042653,0.00580869274300179,-0.07853568
155.4,7.42884697784022,-0.0265841103605161,0.00561264839537991,-0.07679134
155.41,7.44917795581749,-0.0173369966107283,0.00541581199069144,-0.075
155.42,7.4871580924727,-0.0154814739360219,0.00521820402203714,-0.0731648
155.43,7.51274246361033,-0.011055750948872,0.00501984803557943,-0.07128896
155.44,7.54635093151787,-0.0132612946281387,0.00482077068986937,-0.06937578
155.45,7.56077791885931,-0.00626158390048247,0.00462100209000173,-0.0674286
155.46,7.54553727077139,-0.0042585781510398,0.0044205752383227,-0.06545085
155.47,7.5947848643531,-0.0144476228414536,0.00421952663858053,-0.06344599
155.48,7.54517829242097,-0.0257690903816277,0.00401789610779495,-0.06141754
155.49,7.53182167118124,-0.0197096808439473,0.00381572680950707,-0.05936907
155.5,7.54613805639471,-0.0277883231537453,0.00361306520470048,-0.05730415
155.51,7.48457206180053,-0.0250165937768957,0.00340996095838605,-0.05522642
155.52,7.4950063953446,-0.0308571273807258,0.00320646723632367,-0.05313953
155.53,7.51433046118329,-0.0319112932444212,0.00300264029896445,-0.05104712
155.54,7.56475348450283,-0.0223383966889726,0.00279853956226837,-0.04895288
155.55,7.61906047659084,-0.0164761091657166,0.00259422758792133,-0.04686047
155.56,7.58340030864442,-0.0199849946231219,0.00238976996329238,-0.04477358
155.57,7.58807645459394,-0.022085671911338,0.00218523522310534,-0.04269585
155.58,7.63120179372819,-0.01244314191199,0.00198069473442283,-0.04063093
155.59,7.6189020407761,-0.00400437367576823,0.00177622263238388,-0.03858246
155.6,7.60082820333415,-0.00589635154526466,0.00157189570928564,-0.03655401
155.61,7.44646199325626,-0.012591337884908,0.00136779327711681,-0.03454915
155.62,7.39393915981407,-0.0084340382148664,0.00116399705133021,-0.0325714
155.63,7.38082936550201,-0.0134611507542745,0.000960591009469812,-0.03062422
155.64,7.361234780266,-0.00670846884584593,0.000757661260688975,-0.02871104
155.65,7.35064949283304,-0.0114679027352371,0.000555295887427313,-0.0268352
155.66,7.37524161891242,-0.0209866264816313,0.000353584794072527,-0.025
155.67,7.37191902388385,-0.0150783374702073,0.000152619569121206,-0.02320866
155.68,7.46777311221186,-0.0123784664214346,-4.75066967998757e-05,-0.02146432
155.69,7.50220747933393,-0.0137292496234099,-0.000246699585461911,-0.01977004
155.7,7.5514454553946,-0.0122527959246615,-0.000444863612739113,-0.0181288
155.71,7.52914383510204,-0.0159871213383756,-0.000641902080619832,-0.01654347
155.72,7.47441378501018,-0.0211497813356058,-0.000837717610666477,-0.01501683
155.73,7.45945213333641,-0.0234677406606967,-0.00103221216646373,-0.01355157
155.74,7.48273400310218,-0.0299944867658144,-0.00122528728393293,-0.01215025
155.75,7.46389242663628,-0.0265669884734154,-0.00141684425172766,-0.01081533
155.76,7.44355166993669,-0.0281296415943198,-0.0016067842892127,-0.00954915
155.77,7.38942011176551,-0.0259943225354519,-0.00179500873309895,-0.00835394
155.78,7.42430771490899,-0.0198344733370552,-0.00198141924540884,-0.00723179
155.79,7.40399233739824,-0.0144357223817014,-0.00216591800784116,-0.00618467
155.8,7.40210097129515,-0.0105818677083116,-0.00234840791064705,-0.00521441
155.81,7.44092085881535,-0.00444039359999871,-0.00252879272641057,-0.00432273
155.82,7.48580361978182,-0.0063828502098266,-0.00270697732258014,-0.00351118
155.83,7.48937632106277,-0.00345171381429435,-0.00288286788181743,-0.00278118
155.84,7.5250595786522,0.00208817166538234,-0.00305637203880961,-0.00213403
155.85,7.49308358641021,-0.00829643233612713,-0.00322739910359854,-0.00157084
155.86,7.53652927672074,-0.0113748922753766,-0.00339586025576451,-0.00109262
155.87,7.49550414253628,-0.00530904120971512,-0.00356166869203936,-0.0007002
155.88,7.42601273066727,-0.00703984258572276,-0.00372473986975279,-0.00039426
155.89,7.37777524605768,-0.00851650671762658,-0.00388499162818652,-0.00017536
155.9,7.37547389794581,-0.0128309804951301,-0.00404238545133178,-0
155.91,7.37099616148077,-0.025959620783507,-0.00419678032367854,-0
155.92,7.41038340786595,-0.0157757999441915,-0.00434776331649512,-0.00039426
155.93,7.38468831317119,-0.00951414394838505,-0.00449453506434715,-0.00157084
155.94,7.39755626809621,-0.00483272711329703,-0.0046362392682805,-0.00351118
155.95,7.40664650228629,-0.01915069361675,-0.00477215315650571,-0.00618467
155.96,7.40554671491084,-0.0137455511358213,-0.0049014563060124,-0.00954915
155.97,7.42350146615077,-0.0123007219329002,-0.00502323086669105,-0.01355157
155.98,7.42913240911862,-0.00106756652801016,-0.00513652956799961,-0.0181288
155.99,7.38449972028646,-0.000181879753125817,-0.00524064037634437,-0.02320866
156,7.406985450276,-0.00779694814577496,-0.00533479010707136,-0.02871104
156.01,7.42562703995146,-0.0201141808722705,-0.00541842546786543,-0.03454915
156.02,7.43223480711896,-0.00607956557973175,-0.00549126169418341,-0.04063093
156.03,7.44658231757694,-0.00746780138349664,-0.00555318172778838,-0.04686047
156.04,7.40124683983428,-0.0116151252103683,-0.00560426283806928,-0.05313953
156.05,7.37773442648745,-0.0158060050760059,-0.00564479438926699,-0.05936907
156.06,7.39131525381609,-0.0196493737172632,-0.00567529132094837,-0.06545085
156.07,7.37874062655278,-0.014050287780103,-0.00569648180149864,-0.07128896
156.08,7.40312749646571,-0.00209904690368639,-0.00570930544364866,-0.07679134
156.09,7.39091750703983,-0.010323084917821,-0.00571490860402458,-0.0818712
156.1,7.362283241659,-0.0118807964161131,-0.00571463253848388,-0.08644843
156.11,7.40389554280825,-0.00793367331910792,-0.00570997270410928,-0.09045085
156.12,7.39316762310484,-0.00934107108164349,-0.00570252549168699,-0.09381533
156.13,7.38879207478993,-0.00841337517583817,-0.00569379409643344,-0.09648882
156.14,7.38426974477815,-0.00584497455267172,-0.00568502712417151,-0.09842916
156.15,7.38435796647258,-0.00629680077909874,-0.00567714081773056,-0.09960574
156.16,7.40222421636697,0.00349967718311189,-0.00567080555383919,-0.09995106
156.17,7.40262418990824,0.00798493370387026,-0.00566604779356614,-0.1
156.18,7.35862411114311,0.00137329276305478,-0.00566237662625691,-0.09995106
156.19,7.38620232755934,0.00685996611033678,-0.00565956455806127,-0.09980434
156.2,7.38335920560111,0.00683567119189875,-0.00565763216420356,-0.09956013
156.21,7.35701555776635,-0.00439905646311144,-0.00565667560654266,-0.0992189
156.22,7.33474210983908,-0.00684616971976767,-0.0056568163641789,-0.09878132
156.23,7.29674259137608,-0.0107296960569074,-0.00565818724947154,-0.09824825
156.24,7.36563196490135,-0.0130386190205846,-0.00566093382245878,-0.09762073
156.25,7.37508195460548,-0.0014219645242633,-0.00566517722465056,-0.09689999
156.26,7.44425537859722,-0.00429549384175667,-0.00567108773954228,-0.09608744
156.27,7.43632687293518,-0.00402033369230512,-0.00567879272995764,-0.09518467
156.28,7.50628584744435,0.00568475469451383,-0.00568843364374612,-0.09419346
156.29,7.5119981233064,0.00138611413156007,-0.00570014039020884,-0.09311573
156.3,7.51888133898835,-0.00454677784318609,-0.00571403603500355,-0.0919536
156.31,7.46066317298129,-0.00451179045651811,-0.00573023364147654,-0.09070934
156.32,7.51787232076984,-0.0163290018738207,-0.00574890209665886,-0.0893854
156.33,7.48476894014135,-0.0165486007577561,-0.00577007075003478,-0.08798435
156.34,7.49258979103794,-0.0119458014752588,-0.00579383091098996,-0.08650895
156.35,7.44550691097785,-0.0240772161145559,-0.0058202558011179,-0.08496209
156.36,7.42626497894819,-0.0149679901367958,-0.00584940411741974,-0.08334678
156.37,7.44985191484191,-0.00551944080137056,-0.00588133325991355,-0.08166619
156.38,7.45294609693399,-0.000201992519645205,-0.0059160683323526,-0.07992362
156.39,7.42032069968948,0.00657071689149264,-0.00595363557887159,-0.07812246
156.4,7.40953919766653,0.00778120518608932,-0.00599404835795421,-0.07626626
156.41,7.37037060437661,0.00254255305757422,-0.00603729770780905,-0.07435864
156.42,7.44954167033586,0.0130585672018253,-0.006083388504492,-0.07240334
156.43,7.44029879371947,0.005260527463928,-0.00613230506916434,-0.07040418
156.44,7.44937543796577,0.00398015838792807,-0.00618402744649343,-0.06836508
156.45,7.44486580932229,0.00445813911979584,-0.00623853269032096,-0.06629003
156.46,7.4368816873674,-0.00290379789700908,-0.00629577133305276,-0.06418309
156.47,7.4251682486915,-0.000764048034880145,-0.00635569898184754,-0.06204839
156.48,7.43869000077187,0.00329386937482827,-0.00641826918885471,-0.0598901
156.49,7.3760231727065,-0.00194165878225144,-0.00648340464806091,-0.05771245
156.5,7.40889898638646,-0.000765483891077373,-0.00655105750298959,-0.0555197
156.51,7.45435856130024,-0.00337224527060183,-0.00662114586966472,-0.05331615
156.52,7.47953942979977,-0.0070478977204909,-0.00669359317141472,-0.0511061
156.53,7.47139561159929,-0.00201179620064658,-0.00676831986851891,-0.0488939
156.54,7.46485356348789,-0.00129963357368758,-0.00684523586536651,-0.04668385
156.55,7.50859722984024,-0.00291690314117302,-0.0069242486222312,-0.0444803
156.56,7.56705485731338,0.00209030986475075,-0.00700526171081135,-0.04228755
156.57,7.54333946785881,0.00175199088870306,-0.00707891362098872,-0.05004694
156.58,7.47212246795455,0.00440180069245135,-0.00713164570798524,-0.06776273
156.59,7.49529549056575,0.00902749860288197,-0.00715426473279499,-0.09543914
156.6,7.48049719300515,0.0166632849375837,-0.00713592091520174,-0.13308036
156.61,7.43286457845494,0.0139052368511578,-0.00706437040433155,-0.1806905
156.62,7.35929404383405,0.0149223249811846,-0.00693963163607601,-0.23827364
156.63,7.25659925178312,0.016691293370628,-0.00677625990543376,-0.30583375
156.64,7.20955463101301,0.0259971120520523,-0.00658076737891763,-0.38337476
156.65,7.1801887236523,0.0289295676391355,-0.00635538502583119,-0.47090049
156.66,7.04116663288426,0.0319406046786899,-0.0061099313087375,-0.55847764
156.67,6.9817153094696,0.0419960460780532,-0.00585648353719969,-0.64610984
156.68,6.93280117825125,0.0411197052252082,-0.0055994296435809,-0.73380061
156.69,6.80911324221063,0.0469576594666503,-0.00534035306736686,-0.82155338
156.7,6.74360472846949,0.0388231202784262,-0.00507981892987968,-0.90937142
156.71,6.66822067498821,0.0305931415941113,-0.00481802735362034,-0.9972579
156.72,6.56436326765992,0.0312928157868534,-0.00455504537304719,-1.08521585
156.73,6.49889345617953,0.0266525861156369,-0.00429089270155757,-1.17324815
156.74,6.39203346357709,0.0188892481530734,-0.00402557220035992,-1.26135756
156.75,6.26849239488579,0.0239351974909815,-0.00375908086007314,-1.34954665
156.76,6.2487757526255,0.0207293121026831,-0.00349141380065929,-1.43781787
156.77,6.19942190995812,0.0359452045860033,-0.00322256568862027,-1.5261735
156.78,6.07701082843727,0.0431749286547699,-0.00295253130044638,-1.61461563
156.79,6.00372179736761,0.0387675361460636,-0.00268130571912848,-1.70314621
156.8,5.93696702291555,0.0405931373059227,-0.0024088843695429,-1.79176702
156.81,5.8546226206163,0.0409555082706261,-0.00213526311298679,-1.88047963
156.82,5.79574069693766,0.0359585184675771,-0.00186043825639283,-1.96928546
156.83,5.71516292876357,0.0453042389894713,-0.00158440654460237,-2.05818574
156.84,5.56565727277848,0.0398639200061325,-0.00130716518746532,-2.14718151
156.85,5.53142317368419,0.0371755316396644,-0.00102871186356859,-2.23627363
156.86,5.46217025342779,0.0519818880971685,-0.000749044740161724,-2.32546276
156.87,5.47578571702321,0.0853508400080913,-0.00046820709477949,-2.41470045
156.88,5.70637663850041,0.140537692181405,-0.00018612313257395,-2.5041338
156.89,6.05404901649413,0.228661716960661,0,-2.59396142
156.9,6.58129406115055,0.321837504024161,0.0015402402106693,-2.68457135
156.91,7.22731902156975,0.447129267575494,0.00504199628867093,-2.77594503
156.92,7.98106791520364,0.590950399056195,0.0104648929674106,-2.86805187
156.93,8.88475465424339,0.734674758598388,0.0175003560770363,-2.96084971
156.94,9.83936146251771,0.860103961106082,0.0258455856401458,-3.05428547
156.95,10.7196160070597,0.967459013242193,0.0352731634396954,-3.14829606
156.96,11.6021255335161,1.07318029850436,0.0456396559346562,-3.24280927
156.97,12.4496804817056,1.16124888708448,0.0568548178303981,-3.33774499
156.98,13.2397137720261,1.22760961776157,0.0688592345345647,-3.43301646
156.99,13.9577217179457,1.26959202257362,0.0816056748259941,-3.52853159
157,14.5197145941771,1.30763375996583,0.0949547309804716,-3.62419448
157.01,14.9618674046847,1.33822215813483,0.108629440896574,-3.71990688
157.02,15.3162828560109,1.36312182641464,0.122394966452172,-3.81556977
157.03,15.6039269817013,1.36165603135335,0.136117038713771,-3.91108491
157.04,15.7350832015904,1.35259141542853,0.149736682026451,-4.00635637
157.05,15.8310657396039,1.34475310192939,0.163237696023346,-4.1012921
157.06,15.8727728002809,1.33925690551972,0.176621680332769,-4.19580531
157.07,15.9042845467766,1.32441341785357,0.189894402171708,-4.28981589
157.08,15.9796618547199,1.30685309413239,0.203060956795538,-4.38325166
157.09,16.0293876671194,1.2907742913234,0.216124545688977,-4.47604949
157.1,16.0495923842795,1.27524305394202,0.229086889721491,-4.56815633
157.11,16.1170276624557,1.26706896878341,0.241948902358141,-4.65953002
157.12,16.1851594121425,1.25735649241481,0.254711174388281,-4.75013994
157.13,16.3006677280422,1.24786079639414,0.267370155341963,-4.82997029
157.14,16.3796685278371,1.23853115880735,0.27991867354068,-4.89958979
157.15,16.4243846812904,1.22847620832889,0.292351479800098,-4.9591518
157.16,16.549084441465,1.21674004838458,0.304663904829364,-5.00865646
157.17,16.6213928571252,1.20350949253159,0.316844337387413,-5.03124135
157.18,16.7159871007078,1.18855250028105,0.328874010570401,-5.0269072
157.19,16.8382273383943,1.16381832329353,0.340737088538749,-4.99565501
157.2,16.9204059140004,1.13984976200965,0.352418710509425,-4.93748609
157.21,17.1375005813649,1.12343997808874,0.363903225794939,-4.852402
157.22,17.3234174150023,1.10424666789484,0.375179432455199,-4.75034165
157.23,17.4326567386485,1.08399967502064,0.386239515707381,-4.63130717
157.24,17.6046765814401,1.06021531954297,0.3970733478581,-4.49530093
157.25,17.761976274313,1.0319728090598,0.407670005563397,-4.34232561
157.26,17.9377372872861,1.00623395955504,0.418025466713796,-4.18924698
157.27,18.0985984813449,0.991663698551103,0.428143561569333,-4.03606819
157.28,18.221117240977,0.964288751944595,0.438023942313095,-3.88279265
157.29,18.4483927967178,0.931200248293842,0.447665553346764,-3.729424
157.3,18.6172346097265,0.909689079672423,0.457067420867592,-3.5759661
157.31,18.7751190974563,0.883556977300588,0.466228880334398,-3.42242302
157.32,18.9250977433931,0.867517233532307,0.475149551004661,-3.26879905
157.33,19.020742357132,0.854496718783976,0.483829192561393,-3.11509867
157.34,19.126837438999,0.818649765731126,0.492267458734414,-2.96132653
157.35,19.2137826642664,0.797869049102977,0.500464490747943,-2.80748747
157.36,19.2509428915502,0.779183578017572,0.508420041991427,-2.65358648
157.37,19.3870315942962,0.752041825992676,0.516133857838481,-2.49962872
157.38,19.5103929650466,0.736691920699431,0.523605692381822,-2.34561945
157.39,19.6309569736481,0.718066698813432,0.530835292781548,-2.19156408
157.4,19.7813432662588,0.688142351753364,0.537822398598164,-2.03746814
157.41,19.9244111784136,0.666881699307975,0.544566731248462,-1.88333723
157.42,20.1023914048669,0.638123523819619,0.551068004615265,-1.72917705
157.43,20.2498791431889,0.619259956135544,0.557325911540955,-1.57499338
157.44,20.3418326036198,0.591593257488119,0.563340143120784,-1.42079202
157.45,20.4878768293494,0.563340960452718,0.569110359076155,-1.26657886
157.46,20.5891039693773,0.528589613721822,0.574636255515122,-1.1123598
157.47,20.706168126124,0.513984217360317,0.5799174226438,-0.95814073
157.48,20.8223822619879,0.489193535065465,0.584953488433852,-0.80392757
157.49,20.4581481873436,0.355969059870385,0.589744065951311,-0.64972622
157.5,19.6375610128301,0.157036559434628,0.59430000375362,-0.51240539
157.51,18.6700754382067,-0.0630959705003729,0.598588619824883,-0.39197092
157.52,17.4401578520823,-0.292529388810644,0.598345948339621,-0.28842857
157.53,16.1446871360406,-0.521643255297803,0.591767860723648,-0.20178405
157.54,14.8266970296817,-0.751934925469481,0.582061986769361,-0.13204295
157.55,13.5342921009227,-0.965268366147,0.57098678927531,-0.07921081
157.56,12.6476309999112,-1.055576984353,0.559498110271604,-0.04329302
157.57,12.1962069223059,-1.08866689226413,0.548065126706284,-0.02429486
157.58,11.8976513320182,-1.09227728156808,0.536871430559091,-0.02222149
157.59,11.8157096074473,-1.07809773361797,0.525952182037742,-0.02021503
157.6,11.69452278175,-1.04717276478901,0.515281148194293,-0.01828034
157.61,11.5857369073572,-1.03105047809774,0.504827417026278,-0.01642205
157.62,11.4598326672296,-1.00424022758388,0.494570253096318,-0.01464466
157.63,11.2985080170785,-0.994437999346626,0.484499519522295,-0.01295244
157.64,11.1614145814043,-0.977356396095096,0.474611032147521,-0.01134948
157.65,10.9878257259468,-0.951571480142667,0.464902857665514,-0.00983962
157.66,10.826062820992,-0.938761858662903,0.455374203778609,-0.00842652
157.67,10.7505051902816,-0.939950208329361,0.446023533175699,-0.00711357
157.68,10.6853892112153,-0.920257246258198,0.436848912279104,-0.00590394
157.69,10.5979007868636,-0.910939968256723,0.427848080913526,-0.00480054
157.7,10.5400640765804,-0.89167758436973,0.419018689848295,-0.00380602
157.71,10.4276748735094,-0.866646736773797,0.410358381052111,-0.0029228
157.72,10.416887451148,-0.849288925310996,0.401864825935465,-0.00215298
157.73,10.2626675353424,-0.829239029892835,0.393535771541108,-0.00149844
157.74,10.1838730695721,-0.808393341631719,0.385368921810341,-0.00096074
157.75,10.0844314571304,-0.785275997974744,0.37736202811793,-0.00054117
157.76,9.93627121407433,-0.764969375964839,0.369512872903509,-0.00024076
157.77,9.80011266406255,-0.752491719017422,0.361819158997108,-0
157.78,9.73319610040404,-0.748824481654757,0.354278777657901,-0
157.79,9.57284938032708,-0.735278134062861,0.346889738183181,-0.00039426
157.8,9.50692013565734,-0.725490721949284,0.339650321545171,-0.00157084
157.81,9.48455278927679,-0.706637145891075,0.332559188656959,-0.00351118
157.82,9.38263532637725,-0.686124837390985,0.325614335333268,-0.00618467
157.83,9.34279986119159,-0.677954905677699,0.318814065744446,-0.00954915
157.84,9.28666539100616,-0.668944876058964,0.312156717397722,-0.01355157
157.85,9.2318328582542,-0.645072978590313,0.305640599833885,-0.0181288
157.86,9.24022383712211,-0.622528299392221,0.299263988991543,-0.02320866
157.87,9.24884423913225,-0.599141820988975,0.293025117399248,-0.02871104
157.88,9.16010823023445,-0.587153836624192,0.286922159709491,-0.03454915
157.89,9.09405329264733,-0.59163865266018,0.280953240074678,-0.04063093
157.9,9.03699030697522,-0.576818316112002,0.275116404875072,-0.04686047
157.91,9.02435410745078,-0.567757350546114,0.269409663974203,-0.05313953
157.92,8.96169907750242,-0.557362374861088,0.263830875085754,-0.05936907
157.93,8.90545006026371,-0.557539709081884,0.258377853294166,-0.06545085
157.94,8.86320295979204,-0.549961967270687,0.253048323642171,-0.07128896
157.95,8.81020103032141,-0.532149159562064,0.247839940451544,-0.07679134
157.96,8.76723388080777,-0.511899922675518,0.242750288509281,-0.0818712
157.97,8.74928878106096,-0.502231484404041,0.237776853403902,-0.08644843
157.98,8.69014902217227,-0.488911313741709,0.232917048912208,-0.09045085
157.99,8.67400694759019,-0.474255879183103,0.228168120782526,-0.09381533
158,8.62710602221034,-0.456620346062265,0.223527543743407,-0.09648882
158.01,8.55523221978047,-0.444021197657499,0.21899262588251,-0.09842916
158.02,8.55357972275013,-0.440102020390825,0.214560688774345,-0.09960574
158.03,8.55100363746781,-0.437618697131605,0.210228523890723,-0.09994504
158.04,8.49345678153655,-0.42461747474874,0.205993897528999,-0.1
158.05,8.43046959094889,-0.40568266509538,0.201854706142899,-0.09994504
158.06,8.37872777269461,-0.4010738731135,0.197808770568717,-0.0997803
158.07,8.3037674852022,-0.394496299089922,0.193853904284589,-0.09950613
158.08,8.29572579841682,-0.37889729786248,0.189987846784349,-0.09912313
158.09,8.23708164018408,-0.367114080814983,0.186208572536755,-0.09863215
158.1,8.21109129757284,-0.34681812873578,0.182514112214799,-0.09803426
158.11,8.22637445353256,-0.34050363117876,0.178902520650683,-0.09733078
158.12,8.21024916828157,-0.32841507272463,0.175371865057996,-0.09652326
158.13,8.17280886991222,-0.325106587339704,0.171920280724818,-0.09561348
158.14,8.16099023111205,-0.316784602159883,0.168545921246765,-0.09460342
158.15,8.1410536928077,-0.316257979903103,0.165246884293905,-0.09349532
158.16,8.11718336819196,-0.310017807225091,0.162021372103745,-0.0922916
158.17,8.05853897968921,-0.310123860790737,0.158867612731513,-0.09099492
158.18,7.96728887756579,-0.299295630762893,0.155783783114007,-0.08960812
158.19,7.95071706615511,-0.294277436800512,0.152768167203718,-0.08813426
158.2,7.95690259989473,-0.278991940182563,0.149819078343001,-0.08657657
158.21,7.97414762345551,-0.276185792598544,0.146934797436378,-0.08493847
158.22,7.94462098406428,-0.272604415419679,0.144113661538446,-0.08322357
158.23,7.92311817992135,-0.263531744330016,0.141354065892485,-0.08143564
158.24,7.94262445269908,-0.256202286180862,0.138654419337592,-0.07957861
158.25,7.96666724360707,-0.25109867908425,0.136013176165903,-0.07765656
158.26,7.96919011272405,-0.25267368398925,0.13342878390291,-0.07567371
158.27,7.9720084639385,-0.241712137586822,0.130899759246795,-0.07363443
158.28,7.93258064078392,-0.238730265314672,0.128424642005944,-0.07154319
158.29,7.85475101367161,-0.234696924737846,0.126002004893507,-0.06940459
158.3,7.85684777875767,-0.23641632742288,0.123630454208342,-0.06722334
158.31,7.83813193689336,-0.232551603161274,0.121308630319321,-0.06500423
158.32,7.85773221532839,-0.225657311033529,0.119035207850869,-0.06275214
158.33,7.84282188781901,-0.213882386759894,0.116808896086005,-0.06047201
158.34,7.81710749084353,-0.211676274020501,0.114628438583397,-0.05816887
158.35,7.84025099078798,-0.202625915693738,0.112492613429959,-0.05584777
158.36,7.89743363116594,-0.201023574718912,0.110400233119366,-0.05351381
158.37,7.9473212295685,-0.186128712363596,0.108350144389652,-0.05117213
158.38,7.9523572929097,-0.182048155489914,0.106341228046651,-0.04882787
158.39,7.9415018234431,-0.179963021210885,0.104372398713615,-0.04648619
158.4,7.91295218495034,-0.178957369877633,0.102442605188124,-0.04415223
158.41,7.91121407916311,-0.187310137210736,0.100550828879709,-0.04183113
158.42,7.89145068701424,-0.186406806392945,0.098696084680792,-0.03952799
158.43,7.85051868982157,-0.180707805391114,0.0968774198528456,-0.03724786
158.44,7.73510359081165,-0.1873155708995,0.0950939165715221,-0.03499577
158.45,7.69722366943389,-0.184100148440442,0.0933446775931974,-0.03277666
158.46,7.6572820882561,-0.185946449772241,0.0916288513150142,-0.03059541
158.47,7.65756946444697,-0.184729749181672,0.0899456095475794,-0.02845681
158.48,7.60663973398311,-0.17454890422323,0.0882941547948973,-0.02636557
158.49,7.62476245796411,-0.170788883783553,0.0866737190458998,-0.02432629
158.5,7.64261758494736,-0.169765395146634,0.0850835629996001,-0.02234344
158.51,7.67578531620947,-0.168809029931095,0.0835229751985623,-0.02042139
158.52,7.69450529091152,-0.166069395776928,0.0819912711646524,-0.01856436
158.53,7.70462259089792,-0.154634537429251,0.080487792875999,-0.01677643
158.54,7.72934307982083,-0.143752422159688,0.0790119078721951,-0.01506153
158.55,7.7440354718845,-0.145424975471943,0.0775630086984598,-0.01342343
158.56,7.69723217512415,-0.148621684131626,0.0761405117113228,-0.01186574
158.57,7.76053591484067,-0.13329563274312,0.0747438567292043,-0.01039188
158.58,7.72096952311248,-0.128987890338213,0.0733725060317775,-0.00900508
158.59,7.70591252416962,-0.131336932705767,0.072025943339997,-0.0077084
158.6,7.68537859748963,-0.138263466824296,0.0707036731850452,-0.00650468
158.61,7.67686365332202,-0.14712346210084,0.0694052200574535,-0.00539658
158.62,7.67778145049095,-0.140969733735308,0.0681301274839872,-0.00438652
158.63,7.66592900346085,-0.129372647944735,0.0668779680904095,-0.00347674
158.64,7.59907612309061,-0.132201259796149,0.0656482997804986,-0.00266922
158.65,7.63067136801527,-0.12485496402123,0.0644407286390744,-0.00196574
158.66,7.61813530978153,-0.114864830810478,0.063254865767816,-0.00136785
158.67,7.61478034641661,-0.110876901439086,0.0620903376456453,-0.00087687
158.68,7.58551671668846,-0.10325306582693,0.0609467846393666,-0.00049387
158.69,7.59586673757587,-0.107146952428042,0.0598238704174848,-0.0002197
158.7,7.53885725187842,-0.111176040998804,0.0587212035730582,-0
158.71,7.53865486013363,-0.107607609121863,0.0576385245021513,-0
158.72,7.54448796058215,-0.107283131818387,0.0565758538164308,-0.00039426
158.73,7.50915751308595,-0.113530998858974,0.0555335239753246,-0.00157084
158.74,7.48864833637233,-0.108915532463682,0.0545119944661955,-0.00351118
158.75,7.50236101358129,-0.106761700841968,0.0535115950055529,-0.00618467
158.76,7.54595927704461,-0.104626375570604,0.0525327356372146,-0.00954915
158.77,7.58168557925561,-0.100237209944616,0.051575918028269,-0.01355157
158.78,7.56810811700633,-0.10133308092093,0.0506416582970269,-0.0181288
158.79,7.54570912477465,-0.0974110725383095,0.0497304283003158,-0.02320866
158.8,7.61481992128062,-0.0961803321435283,0.0488425985384894,-0.02871104
158.81,7.60442261184458,-0.0934890415190377,0.0479784058191039,-0.03454915
158.82,7.62950919688307,-0.0929558461533049,0.047137926011549,-0.04063093
158.83,7.55957064413741,-0.082924147923671,0.0463210969273173,-0.04686047
158.84,7.58557024182271,-0.0822668528494226,0.0455276824556448,-0.05313953
158.85,7.58023622725911,-0.0847330845477531,0.044757283284904,-0.05936907
158.86,7.58370587395987,-0.0784681955317943,0.0440093387607655,-0.06545085
158.87,7.55566497818834,-0.0701688209275776,0.0432831336069179,-0.07128896
158.88,7.53808542486065,-0.0745733142118538,0.0425777942179551,-0.07679134
158.89,7.51040193558855,-0.0740884750876547,0.0418923088664975,-0.0818712
158.9,7.53205285685141,-0.0811386007885189,0.041225534792508,-0.08644843
158.91,7.51255018016143,-0.078659575935744,0.0405762116241116,-0.09045085
158.92,7.49999815217577,-0.0746427918518591,0.0399429771243448,-0.09381533
158.93,7.49818638503335,-0.0759790985883962,0.0393243857347248,-0.09648882
158.94,7.46838452303997,-0.0747464650410912,0.0387189273518357,-0.09842916
158.95,7.50895568597337,-0.0684383421892894,0.0381250498455801,-0.09960574
158.96,7.50703678517446,-0.0611615681656072,0.0375411382407722,-0.09995371
158.97,7.51623085248368,-0.0485033913970513,0.0369660382202672,-0.1
158.98,7.52759919935675,-0.0458346980164978,0.036399042648714,-0.09995371
158.99,7.51451611056211,-0.0457805859452928,0.0358393369470563,-0.09981491
159,7.54028725754003,-0.0524654071457222,0.0352861472696842,-0.09958387
159.01,7.50574980229796,-0.0492329577193059,0.0347388918078355,-0.09926101
159.02,7.53025391167266,-0.0459365940317696,0.0341971849698532,-0.09884692
159.03,7.57001085577376,-0.040272971941101,0.0336607715850851,-0.09834239
159.04,7.53287781183768,-0.0503791046332402,0.0331294712828217,-0.09774834
159.05,7.54205576611078,-0.0460749708301312,0.032603133914615,-0.09706587
159.06,7.64526863790489,-0.0340113152694716,0.0320816181313809,-0.09629624
159.07,7.59567974510477,-0.0296806044814097,0.0315647849773523,-0.09544088
159.08,7.62768609652127,-0.0288211842764864,0.0310524961979187,-0.09450138
159.09,7.59544263819747,-0.0290991971669847,0.0305446152586434,-0.09347947
159.1,7.55758498246184,-0.0389047672353056,0.030041008850037,-0.09237705
159.11,7.56917724684774,-0.0259939884237428,0.0295415481443574,-0.09119615
159.12,7.54514735230274,-0.0293285248210221,0.0290461096176613,-0.08993897
159.13,7.51170815568167,-0.0403978834562245,0.0285545754565285,-0.08860783
159.14,7.51422802716252,-0.0335006397914652,0.0280668305319166,-0.0872052
159.15,7.52150616523956,-0.0346079366606392,0.0275827554708701,-0.08573367
159.16,7.57485665839507,-0.0323874851845498,0.0271022737057823,-0.08419597
159.17,7.54143268002119,-0.0364502955153031,0.0266252848746618,-0.08259495
159.18,7.51036470681956,-0.0452229210583743,0.0261516980183977,-0.08093357
159.19,7.54338302117548,-0.0426898910276405,0.0256814317552733,-0.07921491
159.2,7.4717784751296,-0.0394388899942133,0.0252144117462918,-0.07744215
159.21,7.50934642705893,-0.0479929463053679,0.0247505695928865,-0.07561857
159.22,7.51609118551898,-0.0453102870492942,0.0242898425626824,-0.07374755
159.23,7.43917644245104,-0.0485132437125241,0.0238321736147576,-0.07183256
159.24,7.45506040699907,-0.0417268937097945,0.0233775115112817,-0.06987714
159.25,7.48915522233231,-0.0418949109847801,0.0229258109211864,-0.06788491
159.26,7.45782946023294,-0.0399809250655471,0.0224770331002719,-0.06585956
159.27,7.48910661255837,-0.0342693733045277,0.0220311437880571,-0.06380485
159.28,7.45044495115301,-0.0316751565685396,0.0215881152650284,-0.06172457
159.29,7.41375740837127,-0.0396535494798133,0.0211479256136289,-0.05962258
159.3,7.44289240244426,-0.0382995198782815,0.0207105585409278,-0.05750277
159.31,7.41863230918862,-0.041955360485661,0.0202760033693106,-0.05536907
159.32,7.43351758786056,-0.0432396589419366,0.0198442548181807,-0.05322542
159.33,7.41555477179715,-0.049588654204096,0.0194153129607388,-0.0510758
159.34,7.41789734033853,-0.0590069165551802,0.0189891830623091,-0.0489242
159.35,7.44564839467311,-0.0560361139644654,0.0185658754626234,-0.04677458
159.36,7.48365161022839,-0.0567368938524558,0.0181454053716683,-0.04463093
159.37,7.46330323643484,-0.0561554065064905,0.0177277928318769,-0.04249723
159.38,7.49707493540165,-0.0587525979109013,0.0173130624495391,-0.04037742
159.39,7.49054472406972,-0.0555655282692155,0.0169012432476454,-0.03827543
159.4,7.51666584521314,-0.0499838259225404,0.0164923685343876,-0.03619515
159.41,7.54776212454078,-0.0529918752040741,0.0160864756911937,-0.03414044
159.42,7.50913925752216,-0.0541317162889869,0.0156836059873871,-0.03211509
159.43,7.52221641021564,-0.0429796267405504,0.0152838043950438,-0.03012286
159.44,7.51257629058683,-0.0485826263743988,0.0148871202809472,-0.02816744
159.45,7.50658518499397,-0.0402222494888812,0.0144936045773482,-0.02625245
159.46,7.49388434546168,-0.0458995951299361,0.0141033121242644,-0.02438143
159.47,7.50497237310211,-0.043239562447223,0.0137163006186222,-0.02255785
159.48,7.47590112229459,-0.0375476599460447,0.0133326304249824,-0.02078509
159.49,7.50346371393586,-0.0381057863501637,0.0129523643115266,-0.01906643
159.5,7.48525197421163,-0.0426080931484162,0.012575567245664,-0.01740505
159.51,7.46592018084604,-0.0377346661393161,0.0122023061868783,-0.01580403
159.52,7.48818253171008,-0.0381683089356028,0.0118326498307859,-0.01426633
159.53,7.46391827327004,-0.0343527436048328,0.0114666683699257,-0.0127948
159.54,7.4257434237924,-0.041945167022151,0.0111044332890406,-0.01139217
159.55,7.37336155715324,-0.0367992577754645,0.0107460171115427,-0.01006103
159.56,7.36652183484706,-0.0408970380580327,0.0103914931556355,-0.00880385
159.57,7.36952273994438,-0.0454018877292296,0.0100409352895641,-0.00762295
159.58,7.41392508988897,-0.0476434604854563,0.00969441774230325,-0.00652053
159.59,7.42708966215633,-0.0439246095869947,0.00935201480955136,-0.00549862
159.6,7.44322199477283,-0.0383148558134468,0.00901380062241406,-0.00455912
159.61,7.46046109895226,-0.0399028768149532,0.00867984895556697,-0.00370376
159.62,7.49117982130362,-0.0453874724479864,0.00835023294324589,-0.00293413
159.63,7.50509172679991,-0.0391048525799738,0.0080250248895289,-0.00225166
159.64,7.48224112625652,-0.034251534972622,0.00770429598067765,-0.00165761
159.65,7.50977197721169,-0.0273810368665749,0.00738811612846861,-0.00115308
159.66,7.4494860813889,-0.0348213648972181,0.00707655365948849,-0.00073899
159.67,7.48367632076368,-0.0437535266198068,0.00676967517989828,-0.00041613
159.68,7.46116764456712,-0.0352808265212685,0.00646754532803646,-0.00018509
159.69,7.45229389840798,-0.0193267691614948,0.00617018392310164,-0
159.7,7.46509067470853,-0.0153887381999732,0.00587771602515775,-0
159.71,7.52956862683659,-0.0109161008195485,0.00559053483848117,-0.00039426
159.72,7.5461263624502,-0.0127522077047941,0.00530940861395242,-0.00157084
159.73,7.56696846393506,-0.0118848323213458,0.00503517244458837,-0.00351118
159.74,7.50751398119706,-0.00752516018393916,0.00476853012517681,-0.00618467
159.75,7.52858365273177,-0.0066808317559933,0.00451027953401818,-0.00954915
159.76,7.54442886860046,-0.0149426394707382,0.00426132229855916,-0.01355157
159.77,7.51842209264449,-0.0227092420635468,0.00402254987406199,-0.0181288
159.78,7.46623431548655,-0.0218795184972357,0.00379480464039977,-0.02320866
159.79,7.45536896606378,-0.0223750601353967,0.00357879921366155,-0.02871104
159.8,7.46068782192765,-0.0256737512136879,0.00337508600727366,-0.03454915
159.81,7.47555570205467,-0.0209134446936143,0.00318403579928585,-0.04063093
159.82,7.46721832201427,-0.0199075964922786,0.00300583033059412,-0.04686047
159.83,7.4764187852495,-0.0260497695592266,0.00284045959395059,-0.05313953
159.84,7.45112152542904,-0.0235414299360222,0.00268772288859495,-0.05936907
159.85,7.45386464397462,-0.0214358724427394,0.00254723297674826,-0.06545085
159.86,7.39064494788987,-0.016391867673271,0.0024184234223857,-0.07128896
159.87,7.37332578166779,-0.00577807802859068,0.00230055761836142,-0.07679134
159.88,7.39838283288737,-0.00997022029867605,0.0021927430222338,-0.0818712
159.89,7.43845093619173,-0.0132174348094895,0.00209394740523462,-0.08644843
159.9,7.41036108256306,-0.00412128678449709,0.00200301812794664,-0.09045085
159.91,7.44624521410043,0.000846245807289856,0.0019187044080408,-0.09381533
159.92,7.45274100464676,-0.00099982670253091,0.00183968129063178,-0.09648882
159.93,7.5013716336422,-0.00234907870658285,0.00176457509699416,-0.09842916
159.94,7.53767415901616,-0.00548985809830247,0.00169198874754977,-0.09960574
159.95,7.49372423037117,-0.00399308513541239,0.00162048463405262,-0.09995614
159.96,7.47688131743015,-0.00201408608425572,0.00154912095394124,-0.1
159.97,7.48083987106997,-0.00907050397263417,0.00147743456937052,-0.09995614
159.98,7.49740273638692,-0.00972369176502463,0.0014048472903265,-0.09982464
159.99,7.49613443844754,-0.0073742865473969,0.00133080555645886,-0.09960574
160,7.46622148384591,-0.00803461872020617,0.00125494589128676,-0.0992998
160.01,7.4561986583258,-0.00635626864233648,0.00117708428307123,-0.09890738
160.02,7.47018498762744,-0.00975941814149144,0.00109715080070911,-0.09842916
160.03,7.41440282729808,-0.00965640635404916,0.00101513309050961,-0.09786597
160.04,7.38845058591681,-0.00737163963082889,0.00093104065959959,-0.09721882
160.05,7.34963738979849,-0.0124734461322214,0.000844887586083929,-0.09648882
160.06,7.36146046956316,-0.0176601134194848,0.000756686091801647,-0.09567727
160.07,7.33147237321869,-0.0178507662106937,0.000666445443971661,-0.09478559
160.08,7.28235718348648,-0.0169382099210055,0.000574172774382598,-0.09381533
160.09,7.34463226344791,-0.0115086882276608,0.000479874421755335,-0.09276821
160.1,7.38017055288774,-0.0187923823271157,0.000383556691051102,-0.09164606
160.11,7.4387183951567,-0.0188290475026597,0.000285226851149192,-0.09045085
160.12,7.44643853299565,-0.0175867094248247,0.000184893311240249,-0.08918467
160.13,7.41941218829018,-0.0228654158958451,8.2566135382843e-05,-0.08784975
160.14,7.46401555149135,-0.019515819662335,-2.17427782186232e-05,-0.08644843
160.15,7.49244912889589,-0.0203219462687151,-0.000128019518725118,-0.08498317
160.16,7.45805188758074,-0.0198876076962117,-0.000236247990833041,-0.08345653
160.17,7.46113272851391,-0.00822496904257408,-0.000346409732562768,-0.0818712
160.18,7.40907864524405,-0.0137634916968582,-0.000458483760565082,-0.08022996
160.19,7.38551819329814,-0.0122669293105523,-0.000572446454496512,-0.07853568
160.2,7.42102436307898,-0.0230927518062451,-0.0006882714073577,-0.07679134
160.21,7.40967523461544,-0.0283911932297716,-0.000805929213476879,-0.075
160.22,7.44745285497584,-0.0285195955530202,-0.000925387691793438,-0.0731648
160.23,7.46617490204693,-0.0264958112311665,-0.00104661148217816,-0.07128896
160.24,7.46639177901642,-0.0403477358458198,-0.00116956207784226,-0.06937578
160.25,7.49793843912934,-0.0402381492454474,-0.00129419778724523,-0.0674286
160.26,7.5287208720274,-0.0425948742071631,-0.00142047368892779,-0.06545085
160.27,7.48701595158898,-0.0232183307196521,-0.00154834159253501,-0.06344599
160.28,7.50167838033261,-0.0220205202385344,-0.0016777498315959,-0.06141754
160.29,7.4853571339842,-0.0180137079507295,-0.00180864407433509,-0.05936907
160.3,7.4497774684131,-0.020189397458133,-0.00194096623504835,-0.05730415
160.31,7.4169627132271,-0.0118052568723417,-0.00207465500081284,-0.05522642
160.32,7.42541253449935,-0.00991869537698154,-0.00220964593942591,-0.05313953
160.33,7.420940431139,-0.0124192194207118,-0.00234587147845256,-0.05104712
160.34,7.44560294944495,-0.0195691253589957,-0.00248326095272183,-0.04895288
160.35,7.44740683012988,-0.0160690511569975,-0.00262174065079855,-0.04686047
160.36,7.43342692336489,-0.0300981236404481,-0.0027612339434151,-0.04477358
160.37,7.48549030535579,-0.0367279891121769,-0.002901661332225,-0.04269585
160.38,7.51317831137258,-0.0369764098664235,-0.0030429405690575,-0.04063093
160.39,7.51683680080865,-0.0310971269240383,-0.00318498671850493,-0.03858246
160.4,7.51184061370282,-0.0292763763030842,-0.00332771232411597,-0.03655401
160.41,7.5050699415079,-0.0275372235046467,-0.00347102750790624,-0.03454915
160.42,7.44527063628247,-0.0316766238945692,-0.00361484009082734,-0.0325714
160.43,7.46698342840675,-0.0187360100574294,-0.00375905575537456,-0.03062422
160.44,7.42855951012566,-0.00692491811646826,-0.00390357816097646,-0.02871104
160.45,7.48865099484105,-0.00833071374737115,-0.00404830911494166,-0.0268352
160.46,7.52884178787028,-0.0089796340485989,-0.00419314872193484,-0.025
160.47,7.49101825016097,-0.0044393621226212,-0.00433799553801626,-0.02320866
160.48,7.52023762711848,-0.0010061945439786,-0.00448274674438248,-0.02146432
160.49,7.56440795127174,0.000251799660193902,-0.00462729829749428,-0.01977004
160.5,7.56452982770987,-0.00256700013074853,-0.00477154515096309,-0.0181288
160.51,7.57464439550383,-0.00459186453139457,-0.00491538135231782,-0.01654347
160.52,7.53216076712453,0.00189053771295406,-0.00505870030568318,-0.01501683
160.53,7.54010420416763,-0.00324021715768419,-0.00520139491590064,-0.01355157
160.54,7.56291464859426,-0.00651546496785271,-0.00534335778341008,-0.01215025
160.55,7.52421514566812,-0.00895992503403524,-0.00548448140704371,-0.01081533
160.56,7.48538716139291,-0.015955408158682,-0.00562465836027963,-0.00954915
160.57,7.48135963190828,-0.0185824987771484,-0.00576378148099721,-0.00835394
160.58,7.4255570823744,-0.0209105718450874,-0.00590174421313519,-0.00723179
160.59,7.42542253454091,-0.0265542645947573,-0.00603844039593219,-0.00618467
160.6,7.37123256339034,-0.0235455315426092,-0.00617376486341784,-0.00521441
160.61,7.40696975891012,-0.0266790238005091,-0.00630761347659235,-0.00432273
160.62,7.42034999591332,-0.023654722096562,-0.00643988335742013,-0.00351118
160.63,7.41333027650427,-0.0177601185953466,-0.00657047307779398,-0.00278118
160.64,7.41917499905319,-0.0104466899675833,-0.00669928282284483,-0.00213403
160.65,7.46615954963081,-0.015549206289468,-0.00682621461995276,-0.00157084
160.66,7.43533188104036,-0.0129288806113816,-0.00695117250782756,-0.00109262
160.67,7.44689089058204,-0.0118474405967524,-0.00707406272179754,-0.0007002
160.68,7.41537284219718,-0.0106330704006299,-0.00719479390712786,-0.00039426
160.69,7.39941344741579,-0.0107462075223987,-0.00731327725964918,-0.00017536
160.7,7.42691187568052,-0.0101243544058022,-0.00742946790106904,-0
160.71,7.40107305046228,-0.0108059495957945,-0.00754321821508329,-0
160.72,7.35305014682648,-0.00300965170545856,-0.00765410813898169,-0.00039426
160.73,7.36481134021727,-0.00525030937952955,-0.00776133076887889,-0.00157084
160.74,7.32466220360102,-0.0115771102450108,-0.00786402463884424,-0.00351118
160.75,7.32310398480401,-0.00261692333426776,-0.00796146166603403,-0.00618467
160.76,7.33265053749722,-0.00162074752813824,-0.00805281938537339,-0.00954915
160.77,7.38067150181528,0.000850107824308193,-0.00813721969345915,-0.01355157
160.78,7.38378381063135,-0.00027211989589896,-0.00821372161174051,-0.0181288
160.79,7.4004767718281,0.00723899996383489,-0.00828159692915474,-0.02320866
160.8,7.41221259558297,0.00247266203576264,-0.00834014114627462,-0.02871104
160.81,7.4357872662593,0.00835639801020053,-0.00838886294639062,-0.03454915
160.82,7.49107570085042,0.0019487511337843,-0.00842759205464361,-0.04063093
160.83,7.52623922761283,-0.00259087072903331,-0.00845618000480432,-0.04686047
160.84,7.44494954052706,-0.00899390170112511,-0.00847486703887672,-0.05313953
160.85,7.47323025068213,-0.0136674550065341,-0.0084841265266642,-0.05936907
160.86,7.51954003070505,-0.0209905023284955,-0.00848473477897324,-0.06545085
160.87,7.49221442239573,-0.014393303728803,-0.00847778814419553,-0.07128896
160.88,7.45714269875616,-0.0167842487046493,-0.00846495875975498,-0.07679134
160.89,7.42161612227632,-0.0194337554963042,-0.00844827343043555,-0.0818712
160.9,7.39234096561701,-0.0154291362318285,-0.00842988281823026,-0.08644843
160.91,7.48586657515691,-0.0123570143564713,-0.00841137187723917,-0.09045085
160.92,7.43152668789824,-0.0139059640979659,-0.00839366315033669,-0.09381533
160.93,7.37231763857697,-0.0149232595097364,-0.00837729399529898,-0.09648882
160.94,7.42421623741308,-0.0258729594502191,-0.00836259366323039,-0.09842916
160.95,7.44834732429783,-0.0159898240388357,-0.00834977280966388,-0.09960574
160.96,7.44949882086015,-0.0132692473384268,-0.00833902241449077,-0.09993977
160.97,7.41841096514227,-0.0120800406010802,-0.00832999048831089,-0.1
160.98,7.40033006921748,-0.00988290342912125,-0.00832189668072944,-0.09993977
160.99,7.42199227361023,-0.0109288685394497,-0.00831433071486799,-0.09975924
161,7.48585126356301,-0.0101944379455927,-0.00830715631931062,-0.09945883
161.01,7.46798307182711,0.00971382903976932,-0.00830033625994666,-0.09903926
161.02,7.46131409480156,0.00688492055776488,-0.00829386399559707,-0.09850156
161.03,7.42062628153583,0.0154545261106731,-0.00828774678546734,-0.09784702
161.04,7.48804421425814,0.010108940769298,-0.00828200145745041,-0.0970772
161.05,7.46359723071761,0.0160938029294054,-0.00827665249397079,-0.09619398
161.06,7.47107146147881,0.0261006293160474,-0.00827173477639854,-0.09519946
161.07,7.40166512747291,0.0249653824559429,-0.00826729699342514,-0.09409606
161.08,7.37324019920557,0.0186368602191201,-0.0082634061061338,-0.09288643
161.09,7.4113945441181,0.0118966250535369,-0.00826015224737903,-0.09157348
161.1,7.44124542189148,0.00976855137286592,-0.00825765322227062,-0.09016038
161.11,7.41910483408339,0.0148507900538792,-0.00825605763350004,-0.08865052
161.12,7.40961350543275,0.00512876893253532,-0.00825554545362606,-0.08704756
161.13,7.42603363842249,-0.00340285091084434,-0.00825632532402559,-0.08535534
161.14,7.46100580003045,-0.00572697924069324,-0.00825862846115232,-0.08357795
161.15,7.51174113939223,-0.00884020568437871,-0.00826273519084679,-0.08171966
161.16,7.5185469650751,-0.0100343629011926,-0.00826886538381695,-0.07978497
161.17,7.53434787031709,-0.0140194690818011,-0.00827726765781588,-0.07777851
161.18,7.55355451124283,-0.0145011063356261,-0.00828816566466885,-0.07570514
161.19,7.56700329638471,-0.00789794356558909,-0.00830176830216841,-0.07356984
161.2,7.53428602344005,0.000794986159577286,-0.00831826269303744,-0.07137775
161.21,7.53266679416361,0.00229564472167666,-0.00833778954659539,-0.06913417
161.22,7.50583220280269,0.00628933533845786,-0.00836046822335519,-0.06684449
161.23,7.49298299750587,0.00776996554216813,-0.00838637695104295,-0.06451423
161.24,7.48422838087248,0.00759563596301488,-0.00841558202688068,-0.06214901
161.25,7.44403751165139,0.00526132310158437,-0.00844811165615865,-0.05975452
161.26,7.45934531472043,0.000670162148479033,-0.00848397457360002,-0.05733652
161.27,7.51046703653772,-0.00399232484257441,-0.00852314094633515,-0.05490086
161.28,7.51485649670792,-0.00202424151282082,-0.00856558829790629,-0.05245338
161.29,7.46068266821322,-0.0155370839112887,-0.00861127379716086,-0.05
161.3,7.4532585555315,-0.0118691058661565,-0.00866011013849811,-0.04754662
161.31,7.40628829017195,-0.0131811551006547,-0.00871201307012416,-0.04509914
161.32,7.39060761133832,-0.0159994604314983,-0.00876690383292912,-0.04266348
161.33,7.41670904363559,-0.0192133864685961,-0.00882465976709166,-0.04024548
161.34,7.39326180152103,-0.0230123794142506,-0.00888515564878149,-0.03785099
161.35,7.37351214543925,-0.0298240917586,-0.00894826764075223,-0.03548577
161.36,7.42542561318069,-0.0160195901187879,-0.00901385485767053,-0.03315551
161.37,7.43680806327339,-0.0137533880976086,-0.00908176919626682,-0.03086583
161.38,7.53952522597483,-0.0141130409428718,-0.00915185294823859,-0.02862225
161.39,7.55314905703376,-0.0115798855219586,-0.00922393113881946,-0.02643016
161.4,7.52430272006435,-0.00920757778958321,-0.00929786257238273,-0.02429486
161.41,7.54682996490549,-0.0135490817259434,-0.00937346909087755,-0.02222149
161.42,7.53691826035261,-0.0125437001985033,-0.00945057609162425,-0.02021503
161.43,7.53035654881953,-0.0142917840783404,-0.00952900845273079,-0.01828034
161.44,7.46149657764034,-0.0259997130032023,-0.0096085889082835,-0.01642205
161.45,7.38985565417212,-0.0231106917538865,-0.00968913778625095,-0.01464466
161.46,7.3507869134103,-0.0277586907210205,-0.00977047339551764,-0.01295244
161.47,7.33421044698682,-0.0277385954996112,-0.0098524126507775,-0.01134948
161.48,7.3254752402473,-0.0193686183075252,-0.0099347717113294,-0.00983962
161.49,7.36170281902097,-0.0131114547394208,-0.0100173665658539,-0.00842652
161.5,7.353132344258,-0.0133067774970634,-0.0101000135521838,-0.00711357
161.51,7.37824326407102,-0.00749565783371459,-0.0101825298817329,-0.00590394
161.52,7.3827433707509,-0.00645976803756855,-0.0102647166296342,-0.00480054
161.53,7.41756572670896,-0.00635091520719216,-0.0103464312895169,-0.00380602
161.54,7.42014887720704,-0.00142754366828407,-0.0104274699095604,-0.0029228
161.55,7.37480665681181,-0.00477235708567579,-0.0105076622141957,-0.00215298
161.56,7.37843944350171,-0.00640640633289936,-0.0105868385602688,-0.00149844
161.57,7.37358647632914,-0.00669182924219254,-0.010664834517633,-0.00096074
161.58,7.3897783060777,0.004475406041627,-0.0107414856618237,-0.00054117
161.59,7.37755293865847,0.00804520593456556,-0.0108166278670743,-0.00024076
161.6,7.38234915526064,0.0137859886311294,-0.0108901658185725,0
161.61,7.37819103405714,0.014492667160342,-0.0109618742323214,0
161.62,7.41037575827872,0.0130472699283813,-0.0110312649790864,-0.00039426
161.63,7.35825760454852,0.0132944116356254,-0.0110975245593781,-0.00157084
161.64,7.36393675004262,0.0167298383313874,-0.011159760990689,-0.00351118
161.65,7.35634847384476,0.00291317972400484,-0.0112172516598101,-0.00618467
161.66,7.441688674609,0.0007749156299304,-0.0112691436707242,-0.00954915
161.67,7.45466416435091,0.00129158972580973,-0.0113146365589196,-0.01355157
161.68,7.42468429442504,-0.00324370192083127,-0.0113528879707531,-0.0181288
161.69,7.40002399837979,-0.00395692226354607,-0.0113831605284442,-0.02320866
161.7,7.44409118740433,-0.000369716969653985,-0.0114049010113548,-0.02871104
161.71,7.51281767037739,-0.00522864850510731,-0.0114177890571995,-0.03454915
161.72,7.51843330016369,-0.00225211120116987,-0.011421784377198,-0.04063093
161.73,7.42848656185853,0.00290390387387948,-0.0114172020590393,-0.04686047
161.74,7.44662714941986,0.00172360450836435,-0.011404850181506,-0.05313953
161.75,7.47770794029078,0.003179090561609,-0.0113862349427533,-0.05936907
161.76,7.51570266622108,-0.000232019041257452,-0.0113638405275875,-0.06545085
161.77,7.51059791002956,-0.00433206030905453,-0.0113397888577654,-0.07128896
161.78,7.43780889146836,8.08944570410502e-05,-0.0113154475031881,-0.07679134
161.79,7.44025589600393,0.00128731493108399,-0.0112915728185437,-0.0818712
161.8,7.46064423703834,-0.00923904436657343,-0.0112686295857299,-0.08644843
161.81,7.38789169715202,-0.010507775593856,-0.0112469376935618,-0.09045085
161.82,7.35668424129979,-0.00927537531771049,-0.011226742267806,-0.09381533
161.83,7.30228925169141,-0.0060500838811461,-0.0112082416103042,-0.09648882
161.84,7.29509764158979,-0.00446334201033753,-0.0111915976881626,-0.09842916
161.85,7.28662033790651,-0.00284644913319457,-0.0111769391181001,-0.09960574
161.86,7.22858168593795,0.0055950668600013,-0.0111644063416805,-0.09994965
161.87,7.18898958726952,0.00394613926806713,-0.0111536371597375,-0.1
161.88,7.25655017307527,0.00381586254243478,-0.011143833117268,-0.09994965
161.89,7.2668416202102,0.00316931096942957,-0.0111345352250146,-0.09979871
161.9,7.22143441872084,0.0062638150886752,-0.0111255858640123,-0.09954749
161.91,7.19981230526108,0.0118897078104575,-0.0111169318610681,-0.09919648
161.92,7.20404544872718,0.0128881097082397,-0.0111085550466198,-0.0987464
161.93,7.26441384857671,0.00400059275317676,-0.0111004487448105,-0.09819814
161.94,7.31256305941616,0.0123827531342848,-0.011092609796204,-0.09755283
161.95,7.30824583910215,0.0104156655900031,-0.011085035882686,-0.09681174
161.96,7.34305742389427,0.0105821419398297,-0.0110777246219508,-0.09597639
161.97,7.39919146165098,0.0129243033989888,-0.0110706732650486,-0.09504844
161.98,7.44277477523492,0.000665605140852505,-0.011063878629132,-0.09402978
161.99,7.49223314460876,-0.00816137580008098,-0.0110573370918568,-0.09292244
162,7.4992146285823,-0.0101948837586256,-0.0110510446419585,-0.09172866
162.01,7.46689815413067,-0.0159187488252683,-0.0110449969137723,-0.09045085
162.02,7.45525796501459,-0.0161137055155287,-0.0110391893248622,-0.08909157
162.03,7.44384936581309,-0.0149546539934817,-0.0110336172158621,-0.08765357
162.04,7.44269808398764,-0.0157793444840895,-0.0110282760714991,-0.08613974
162.05,7.43720944910264,-0.0155779022274038,-0.0110231618806074,-0.08455313
162.06,7.43481549066744,-0.00422392749136356,-0.0110182716412406,-0.08289694
162.07,7.44373938952731,0.00280732836931803,-0.0110136041685686,-0.08117449
162.08,7.44520653538551,0.00430402221982916,-0.0110091612744489,-0.07938926
162.09,7.4375341448843,0.00954273404354905,-0.011004949529259,-0.07754485
162.1,7.46208386015446,0.00779958542904471,-0.0110009829027602,-0.07564496
162.11,7.48464441415069,0.0159503031941149,-0.0109972864258884,-0.07369343
162.12,7.50877857860456,0.0214027514200394,-0.0109939010890225,-0.07169419
162.13,7.49569486782229,0.0123188164121066,-0.0109908898960867,-0.06965125
162.14,7.50140050213512,0.0110655347426714,-0.0109883448840194,-0.06756874
162.15,7.55621068141147,0.01810637147389,-0.0109863895328972,-0.06545085
162.16,7.56701118433013,0.0196155891908033,-0.0109851885356993,-0.06330184
162.17,7.58677460991852,0.0239681124853075,-0.0109849379903801,-0.06112605
162.18,7.56832916155033,0.0148839607136551,-0.0109858640573334,-0.05892784
162.19,7.54722796899348,0.0111255150920358,-0.0109882094905949,-0.05671166
162.2,7.55421676487719,0.00765858134087501,-0.0109922249673521,-0.05448197
162.21,7.51348587899648,0.00465745609019516,-0.0109981361442395,-0.05224324
162.22,7.50566993696669,0.00215648551537049,-0.0110061616166557,-0.05
162.23,7.52008057410591,-0.00622750393215041,-0.0110164850537233,-0.04775676
162.24,7.50913492142828,-0.00522406933602577,-0.0110292507600946,-0.04551803
162.25,7.53834011531135,0.0029864516635812,-0.0110445662942457,-0.04328834
162.26,7.52807269564755,0.00371712878956399,-0.0110625018538009,-0.04107216
162.27,7.51768852442451,-0.000136094008244877,-0.0110830924858314,-0.03887395
162.28,7.54532913128162,0.00283883674412761,-0.0111064187915039,-0.03669816
162.29,7.5385391229169,-0.00704181041169907,-0.011132367225373,-0.03454915
162.3,7.53741894037419,-0.00185176947974913,-0.0111609179074385,-0.03243126
162.31,7.49270151928157,-0.00984746180465339,-0.011192009849774,-0.03034875
162.32,7.49285180182427,-0.0131197133668621,-0.0112255411576687,-0.02830581
162.33,7.48940975058312,-0.00172510054297656,-0.0112614167462427,-0.02630657
162.34,7.4197118269685,0.00465384634140618,-0.0112995165721721,-0.02435504
162.35,7.40964273703375,0.00194475073119882,-0.0113397238754875,-0.02245515
162.36,7.36833177092444,0.00796130169534325,-0.0113818874740715,-0.02061074
162.37,7.33548159442037,0.0018522621162122,-0.0114258658418174,-0.01882551
162.38,7.3418300750141,0.00408798598042421,-0.0114715092774455,-0.01710306
162.39,7.32878754197595,4.02305360913872e-06,-0.0115186658201248,-0.01544687
162.4,7.34785382902302,-0.00319376627996867,-0.0115671737307891,-0.01386026
162.41,7.39029801851868,-0.00783867934252965,-0.0116168735884105,-0.01234643
162.42,7.40858793745642,-0.016660132860498,-0.0116676034586944,-0.01090843
162.43,7.41891145010075,-0.0124105214448755,-0.0117192001387452,-0.00954915
162.44,7.4411174545172,-0.0025483920447191,-0.0117715000184461,-0.00827134
162.45,7.43199877322546,-0.00531035360271144,-0.0118243397523158,-0.00707756
162.46,7.41015863096106,-0.00595346869783474,-0.0118775567833775,-0.00597022
162.47,7.36257474617652,-0.0148578844001125,-0.0119309897682605,-0.00495156
162.48,7.42084712701717,-0.0120840440684227,-0.011984479125703,-0.00402361
162.49,7.44166377016219,-0.00226933909248562,-0.0120378645176509,-0.00318826
162.5,7.45086333157886,-0.00922752449060029,-0.0120909942938456,-0.00244717
162.51,7.48180732489289,-0.0163380365035973,-0.0121437150091839,-0.00180186
162.52,7.51766018149709,-0.00876449886226664,-0.0121958669442193,-0.0012536
162.53,7.55481156558111,-0.0115411962425801,-0.0122473172748436,-0.00080352
162.54,7.64235200941436,-0.0113854032903956,-0.0122979188912988,-0.00045251
162.55,7.61093880377787,-0.0139286618155967,-0.0123475340072505,-0.00020129
162.56,7.54546356658299,-0.0242054591133409,-0.0123960719745814,0
162.57,7.54007034457971,-0.028495512290355,-0.0124432960800103,0
162.58,7.49129508795743,-0.0243184219366261,-0.0124891664163649,0
162.59,7.46758012900719,-0.0354755105350528,-0.0125336818772343,0
162.6,7.45637732615549,-0.0313597403853331,-0.0125768935082455,0
162.61,7.36271616267458,-0.027517381439757,-0.012618760316863,0
162.62,7.36823899716151,-0.0270303206486056,-0.0126592882064612,0
162.63,7.42946681429683,-0.00763347883882511,-0.0126985180721477,0
162.64,7.44957561663388,0.00174213875463478,-0.0127365059262116,0
162.65,7.44609247035145,-0.0010523092142599,-0.0127733114943931,0
162.66,7.4660952011904,0.0021873737195648,-0.0128089926471327,0
162.67,7.49949699677345,-0.00653189589911061,-0.0128436035905124,0
162.68,7.57493785032923,-0.00503578275951394,-0.0128771947191421,0
162.69,7.57988960718638,0.00067109392277991,-0.0129098130314004,0
162.7,7.52739731229821,-0.00122928991671785,-0.0129415025890314,0
162.71,7.50587017304071,-0.00490552718320197,-0.0129723048791847,0
162.72,7.51732561218599,-0.00280097235188885,-0.0130022590656623,0
162.73,7.52432078247433,-7.79401338179005e-05,-0.0130314021680944,0
162.74,7.48702997119124,0.00253711018106316,-0.0130597691996231,0
162.75,7.43505605650839,0.00425985561329042,-0.0130873932855179,0
162.76,7.42038525820609,0.000595092994211115,-0.0131143057712212,0
162.77,7.40610881971607,-0.00579242579753066,-0.0131405363254806,0
162.78,7.44016195292401,-0.0058138840238448,-0.0131661130370198,0
162.79,7.44037369325876,-0.00565752716739747,-0.0131910625082299,0
162.8,7.40504397406602,-0.0126325012413443,-0.0132154099419571,0
162.81,7.40648675284643,-0.00322916958311629,-0.0132391792244253,0
162.82,7.4220310908214,-0.00702293710370333,-0.0132623930011152,0
162.83,7.37190417692291,-0.00073076247079011,-0.0132850727503861,0
162.84,7.43224599849125,-0.000109160562487409,-0.0133072388509263,0
162.85,7.41841599874313,0.00234466379553459,-0.0133289106447574,0
162.86,7.40076694156961,0.00930806913085505,-0.0133501064985034,0
162.87,7.44686050568914,0.00731804287255915,-0.0133708438583741,0
162.88,7.45188296368283,0.00331569846075353,-0.0133911393034945,0
162.89,7.4690826476998,0.0025528564202992,-0.0134110085953584,0
162.9,7.51223286609615,-0.00168804716208809,-0.0134304667236026,0
162.91,7.52932166734359,-0.00275420417232835,-0.0134495279501225,0
162.92,7.53711281492983,-0.0090319808993749,-0.013468205849981,0
162.93,7.56785460022414,-0.0185900121945971,-0.0134865133497723,0
162.94,7.527385958118,-0.0106935678277153,-0.0135044627639673,0
162.95,7.53017572236276,-0.00370337375155163,-0.0135220658286217,0
162.96,7.51320844196729,-0.00851670633457789,-0.013539333733064,0
162.97,7.48122766526894,-0.00997661219353223,-0.0135562771506932,0
162.98,7.41421921571246,-0.0121612593763582,-0.013572906266453,0
162.99,7.39953221485816,-0.00591127008492399,-0.0135892308034735,0
163,7.3880158794256,-0.00334915738094185,-0.0136052600482454,0
163.01,7.39069977714233,0.00432134181756833,-0.0136210028739039,0
163.02,7.36528310245154,-0.000222833517805346,-0.0136364677621085,0
163.03,7.36999311354904,0.00965622111934596,-0.0136516628244227,0
163.04,7.39594550682191,0.0121194066814437,-0.0136665958214992,0
163.05,7.42159187884157,0.0280328084940602,-0.0136812741815437,0
163.06,7.44944005923715,0.0250752695573657,-0.0136957050172238,0
163.07,7.44909412193984,0.0228184415379667,-0.0137098951430966,0
163.08,7.51732737092031,0.0139181911828382,-0.0137238510902713,0
163.09,7.57120642203646,0.00837989986028997,-0.0137375791206407,0
163.1,7.57227796028249,0.0084214536352921,-0.0137510852414391,0
163.11,7.57138973419879,0.0132020320910535,-0.0137643752177395,0
163.12,7.56091840008617,-0.00672315798666532,-0.0137774545845318,0
163.13,7.52489825619736,-0.000891807373879056,-0.0137903286580204,0
163.14,7.52065795933314,0.00354852964295427,-0.0138030025477962,0
163.15,7.4364351107157,0.00613550381053024,-0.0138154811649093,0
163.16,7.38453094282563,0.0132467203905721,-0.013827769233703,0
163.17,7.35289971098733,0.00651967589632685,-0.0138398712995612,0
163.18,7.377878133642,-0.000782765502868861,-0.0138517917382564,0
163.19,7.43529861144029,0.00327686729844289,-0.0138635347635809,0
163.2,7.43140191652692,0.00128691979414998,-0.0138751044353911,0
163.21,7.42152985193237,-0.00152436896918824,-0.0138865046676573,0
163.22,7.46352764753149,0.00705951708413776,-0.0138977392336329,0
163.23,7.46777215033352,0.00383138361457424,-0.0139088117741722,0
163.24,7.55683012752566,0.0122665396792668,-0.0139197258023869,0
163.25,7.54191084405374,0.0210676228910367,-0.0139304847112599,0
163.26,7.45315838622567,0.0243786686505157,-0.0139410917774691,0
163.27,7.46747680509432,0.019317804621995,-0.0139515501675986,0
163.28,7.46959994045945,0.0186238467640552,-0.0139618629428591,0
163.29,7.4302783675581,0.00246981296904091,-0.013972033064094,0
163.3,7.44374047792087,0.00483015878135031,-0.0139820633960164,0
163.31,7.38229085920388,-0.010014304376878,-0.0139919567115405,0
163.32,7.37399797277881,-0.0117452450406202,-0.0140017156953491,0
163.33,7.39093472740425,-0.0141734930878398,-0.0140113429484922,0
163.34,7.38081794260016,-0.00407361545100319,-0.0140208409916614,0
163.35,7.38280969104755,0.00226909955106755,-0.0140302122685538,0
163.36,7.43049325757989,0.00667773119465653,-0.0140394591491411,0
163.37,7.44933121583822,0.00336973722240062,-0.0140485839329664,0
163.38,7.44213151419826,0.0131910227362806,-0.0140575888520314,0
163.39,7.44449622067957,0.0110426043913514,-0.01406647607339,0
163.4,7.49252301863736,0.00793795360781427,-0.0140752477020408,0
163.41,7.49410922418628,-0.00416268808439011,-0.0140839057834852,0
163.42,7.48577327609724,-0.008277284864338,-0.0140924523061553,0
163.43,7.48525039028338,-0.00555916285827296,-0.0141008892031362,0
163.44,7.46361906646589,-0.0050591823608336,-0.0141092183555131,0
163.45,7.46978460315466,-0.00785594637004847,-0.0141174415932419,0
163.46,7.44044925745153,-0.00448885955448558,-0.0141255606979019,0
163.47,7.41109593377842,0.00615857570024441,-0.014133577404291,0
163.48,7.4174705292172,0.00357893468245831,-0.0141414934020464,0
163.49,7.41175342174258,0.00509722200139705,-0.0141493103379941,0
163.5,7.38105115912758,0.0110182663488424,-0.0141570298169918,0
163.51,7.36145371320846,0.00130995730090955,-0.0141646534041913,0
163.52,7.35040990478531,0.000360066852705502,-0.0141721826258673,0
163.53,7.37335273631234,-0.0014518565221737,-0.0141796189711608,0
163.54,7.34671512501947,-0.00989719468157468,-0.0141869638937006,0
163.55,7.31656630424634,-0.00172436046926429,-0.0141942188122168,0
163.56,7.30924233192083,-0.00978319781748226,-0.0142013851124274,0
163.57,7.27641221841859,-0.0148804315744176,-0.01420846414796,0
163.58,7.30255714438102,-0.00624238849463554,-0.0142154572412696,0
163.59,7.33494597941743,-0.00419971197398001,-0.0142223656849998,0
163.6,7.33598751113154,-0.00599777443879882,-0.0142291907429146,0
163.61,7.32416271929365,-0.0016585542859222,-0.0142359336509344,0
163.62,7.35735555048669,0.0057993021418657,-0.0142425956179829,0
163.63,7.36820575074981,0.00676165293897379,-0.0142491778267814,0
163.64,7.42189413481407,0.00364746457246174,-0.0142556814349843,0
163.65,7.35308398454393,0.00434397844990773,-0.0142621075756095,0
163.66,7.34925086039897,0.0105751953672359,-0.0142684573583746,0
163.67,7.32727313503041,0.00818207401673823,-0.0142747318700105,0
163.68,7.36241776741824,0.0185025642989558,-0.0142809321750483,0
163.69,7.39825472623065,0.0129987582070054,-0.0142870593164964,0
163.7,7.44336847552887,0.0226217945202259,-0.0142931143168044,0
163.71,7.45897311688725,0.0224597663285019,-0.0142990981781976,0
163.72,7.50999209535199,0.0235894209574584,-0.0143050118833231,0
163.73,7.46226572071266,0.0173385833782705,-0.0143108563956896,0
163.74,7.52211142672703,0.0240453761845879,-0.0143166326607465,0
163.75,7.52069930338871,0.00648019599872337,-0.0143223416057449,0
163.76,7.47455303198445,0.00344744461179746,-0.0143279841409622,0
163.77,7.47794315117141,0.00322241266518186,-0.0143335611595689,0
163.78,7.46489656927855,-0.00075822327869642,-0.0143390735381956,0
163.79,7.47468985650563,0.0027988938449946,-0.0143445221379083,0
163.8,7.49249731098066,0.000928221381081473,-0.014349907804214,0
163.81,7.43845716614515,-0.00822187573867508,-0.0143552313675293,0
163.82,7.4678631790733,0.000437686317063718,-0.0143604936434397,0
163.83,7.48394587859147,0.00181731041937527,-0.0143656954335839,0
163.84,7.45547065965415,-0.0027117579650029,-0.0143708375254039,0
163.85,7.41025338147815,0.006891566527559,-0.0143759206930209,0
163.86,7.36969886436924,0.00262178943800981,-0.014380945697369,0
163.87,7.36767794614692,0.00277934308497165,-0.014385913286571,0
163.88,7.39089319570209,0.00462377728785134,-0.0143908241961301,0
163.89,7.34867951099017,-0.00896704837955803,-0.0143956791495283,0
163.9,7.324029971856,-0.011856845581777,-0.014400478858261,0
163.91,7.26407762922464,-0.0181190324780476,-0.0144052240222056,0
163.92,7.29954711575439,-0.0148010469507449,-0.0144099153299136,0
163.93,7.3482448173743,-0.018762348872945,-0.0144145534588625,0
163.94,7.30860587708985,-0.0135173931312925,-0.014419139075837,0
163.95,7.26947430907092,-0.0161342289332862,-0.0144236728370165,0
163.96,7.32796271422276,-0.00320927060460609,-0.0144281553882644,0
163.97,7.37811717167853,-0.00796693088728222,-0.0144325873655155,0
163.98,7.44451579934947,0.00163310249662081,-0.0144369693947436,0
163.99,7.44148433864491,0.00105631912019558,-0.0144413020924029,0
164,7.44807603417926,0.002848158301077,-0.0144455860654566,0
164.01,7.51201371787867,-0.0018093846658606,-0.0144498219117163,0
164.02,7.53719379078915,0.00377638713100002,-0.0144540102201111,0
164.03,7.51350578494563,0.0070129572808218,-0.0144581515705654,0
164.04,7.48029845166658,0.0114931174252872,-0.0144622465346085,0
164.05,7.49321761852733,0.0112999384030712,-0.014466295675276,0
164.06,7.47393544414971,0.00304306592021338,-0.0144702995471908,0
164.07,7.44368942035981,-0.000852904593690917,-0.0144742586971818,0
164.08,7.40721726205434,-0.00805718252704187,-0.0144781736638648,0
164.09,7.4165924475467,-0.019094183603603,-0.0144820449783631,0
164.1,7.4251411000065,-0.0186830425570021,-0.0144858731640216,0
164.11,7.44971803113274,-0.0209825059990351,-0.0144896587366883,0
164.12,7.40547987706323,-0.0256879081741164,-0.0144934022051286,0
164.13,7.4151191443901,-0.0176903624402657,-0.0144971040707872,0
164.14,7.44117041897748,-0.00964204713583168,-0.0145007648281131,0
164.15,7.45645796801387,0.00123094087539511,-0.0145043849646816,0
164.16,7.48869715344205,0.0147156914324022,-0.014507964961301,0
164.17,7.49068623429244,0.00614705296500831,-0.0145115052921774,0
164.18,7.46456188792528,0.0134759214275339,-0.0145150064249149,0
164.19,7.46956245286331,0.0162525370622326,-0.0145184688208803,0
164.2,7.51060269952007,0.0136472468748852,-0.01452189293499,0
164.21,7.45281306297109,0.0166011750337235,-0.0145252792161515,0
164.22,7.44687906977384,0.0110673743579688,-0.0145286281071011,0
164.23,7.42386099746922,0.00495038979032432,-0.0145319400447192,0
164.24,7.40989287838736,-0.00291076669933625,-0.0145352154600715,0
164.25,7.40902228923758,-0.0047358264014031,-0.0145384547783983,0
164.26,7.421430116665,-0.00055351196571064,-0.0145416584193478,0
164.27,7.39226520889428,0.000474058746828885,-0.0145448267970166,0
164.28,7.44621561541737,-0.0127448902106729,-0.0145479603200631,0
164.29,7.42799527827953,-0.00878432465576944,-0.0145510593919233,0
164.3,7.42945790944802,-0.00718604567347364,-0.0145541244104872,0
164.31,7.4105643278362,-0.000985850801193731,-0.0145571557687367,0
164.32,7.40452177617509,0.000482348017669755,-0.0145601538544088,0
164.33,7.41098854888107,-0.00551724884040718,-0.0145631190503457,0
164.34,7.4173053208795,-0.00566213154561912,-0.0145660517344052,0
164.35,7.4432569211065,0.00956825199781906,-0.0145689522796256,0
164.36,7.47545987087616,0.00872642714195491,-0.0145718210542113,0
164.37,7.48744034410154,0.00904988520693212,-0.0145746584217359,0
164.38,7.51989816318555,0.0196026794346803,-0.0145774647412608,0
164.39,7.49066562441183,0.0135736369551614,-0.0145802403671424,0
164.4,7.48513687199863,0.0206990588531494,-0.0145829856492525,0
164.41,7.46486477405532,0.00894937533890401,-0.0145857009332471,0
164.42,7.38921613912951,0.00325545589075647,-0.0145883865603017,0
164.43,7.37884078918639,0.00764293148575675,-0.0145910428673557,0
164.44,7.3479191928062,0.00561063697769036,-0.0145936701871517,0
164.45,7.33348860937966,-0.00657759535486893,-0.0145962688483229,0
164.46,7.37119832683536,-0.0052160006575262,-0.0145988391754353,0
164.47,7.35002976044747,-0.016599460660213,-0.0146013814890077,0
164.48,7.33851289134358,-0.00779059832994105,-0.0146038961056144,0
164.49,7.40621270660576,-0.0132347609583236,-0.0146063833379074,0
164.5,7.41899949284139,-0.0160365592329951,-0.0146088434947833,0
164.51,7.4150321565977,-0.0109968993428649,-0.0146112768812444,0
164.52,7.39732249605041,-0.0079757735615804,-0.0146136837986491,0
164.53,7.40273356998379,-0.00541552986086152,-0.0146160645446722,0
164.54,7.43450099981486,5.2752774780886e-05,-0.0146184194133301,0
164.55,7.45848595869138,0.00534460318970342,-0.0146207486951451,0
164.56,7.42946736660919,0.0110269437670293,-0.0146230526770426,0
164.57,7.4545651627354,0.00194074702582782,-0.0146253316425635,0
164.58,7.49430596102227,-0.00242850877961682,-0.0146275858718098,0
164.59,7.56432817814936,-0.00134898057332957,-0.0146298156414222,0
164.6,7.57437915773653,-0.00263114555698937,-0.0146320212248804,0
164.61,7.57592743465996,-0.00331056886662691,-0.0146342028922529,0
164.62,7.55569482272531,-0.00304341168622222,-0.0146363609104531,0
164.63,7.58314746054945,0.00108345659136396,-0.0146384955432066,0
164.64,7.55126631303206,0.00805058629497258,-0.0146406070510483,0
164.65,7.50600982644954,0.015777545551443,-0.0146426956914675,0
164.66,7.479285066147,0.0139808611974294,-0.0146447617188799,0
164.67,7.45313527378119,0.0141447333182528,-0.0146468053847126,0
164.68,7.43090339276218,0.0145842861441564,-0.0146488269373524,0
164.69,7.434219593741,0.00987384711739406,-0.014650826622381,0
164.7,7.36950635406008,0.00159913425393588,-0.0146528046823467,0
164.71,7.38973411723405,-0.000512206731131908,-0.0146547613570107,0
164.72,7.43566705160756,-0.0112569756117135,-0.0146566968833333,0
164.73,7.41208148112461,-0.00591353053259852,-0.0146586114954644,0
164.74,7.4323026663866,0.00249393225019595,-0.0146605054248427,0
164.75,7.46803830383587,-0.00123366209248859,-0.0146623789001755,0
164.76,7.42881149222475,0.00334032137598797,-0.0146642321474898,0
164.77,7.49612478824412,0.00394770841813154,-0.014666065390204,0
164.78,7.49946112706865,0.0120537245285169,-0.0146678788491725,0
164.79,7.44916147900523,0.0153225121531029,-0.0146696727426203,0
164.8,7.43497971240226,0.0150917245971246,-0.0146714472862343,0
164.81,7.46135258552249,0.00534093332033896,-0.0146732026932649,0
164.82,7.43843847158119,0.0079655964141302,-0.014674939174439,0
164.83,7.49001071494259,-0.00315370813252528,-0.0146766569380638,0
164.84,7.44271199927898,-0.00316085851462907,-0.014678356190083,0
164.85,7.4443155844823,-0.00522933195686685,-0.014680037134048,0
164.86,7.49603892734671,0.00361462570328739,-0.0146816999711028,0
164.87,7.47808220969251,0.00129394469866141,-0.0146833449001566,0
164.88,7.42734134197648,0.00284452114375456,-0.0146849721177711,0
164.89,7.42382092902197,-0.00478141117830905,-0.0146865818183131,0
164.9,7.43371510110027,0.0044792907316837,-0.0146881741938862,0
164.91,7.42864726055188,0.000659468477765923,-0.014689749434395,0
164.92,7.4284336443127,0.00271976193821685,-0.0146913077275986,0
164.93,7.3785713685397,-0.0039494259999345,-0.0146928492590906,0
164.94,7.38669961316477,-0.00542990817428524,-0.0146943742123757,0
164.95,7.41610699488591,-0.00318165727670007,-0.0146958827688021,0
164.96,7.42303101606913,0.000878851963804919,-0.0146973751077185,0
164.97,7.39090894563695,0.00230795475363236,-0.0146988514064161,0
164.98,7.41023141570237,0.00941758403506301,-0.014700311840171,0
164.99,7.36378953402806,0.0064284128375789,-0.0147017565822604,0
165,7.41328701072226,0.00388616042559715,-0.0147031858040271,0
165.01,7.42742696630553,0.000873397268549157,-0.014704599674833,0
165.02,7.43256517430865,-0.00254334865577176,-0.0147059983621385,0
165.03,7.44756897748509,-0.000468623100033801,-0.0147073820315495,0
165.04,7.46691989612821,0.00237252656466611,-0.0147087508467212,0
165.05,7.48349529750615,0.00297857282784185,-0.0147101049695459,0
165.06,7.53646815035746,-0.00360830110983834,-0.0147114445600343,0
165.07,7.5013088398772,-0.0021200614119762,-0.0147127697764325,0
165.08,7.47595495638216,0.00187909254100336,-0.0147140807751716,0
165.09,7.4446247644427,0.00827853380153401,-0.0147153777109609,0
165.1,7.44657682465405,0.0133495750575005,-0.0147166607367512,0
165.11,7.41910591531948,0.00383397879099578,-0.0147179300037457,0
165.12,7.42312020881854,0.00393495025442293,-0.0147191856614813,0
165.13,7.38220747853882,0.0098845669219685,-0.014720427857876,0
165.14,7.39559810239872,0.00545843703819049,-0.0147216567390828,0
165.15,7.44622257494942,-0.00135482731718808,-0.0147228724497014,0
165.16,7.4729714865648,-0.000752484646699424,-0.0147240751326921,0
165.17,7.4755459499144,-0.00121105629592987,-0.0147252649293838,0
165.18,7.4768511310444,0.00231243594495709,-0.0147264419795757,0
165.19,7.47081789776731,-0.0123010795851435,-0.0147276064214883,0
165.2,7.47777384296866,-0.0163034268718575,-0.0147287583918009,0
165.21,7.45127126064404,-0.0131341970457171,-0.014729898025663,0
165.22,7.41860990372055,-0.0108505952338286,-0.0147310254567329,0
165.23,7.41570735018635,-0.0145165696719222,-0.0147321408171684,0
165.24,7.36452800538255,-0.017872310586662,-0.0147332442376869,0
165.25,7.34362391303883,-0.0130012082089869,-0.014734335847509,0
165.26,7.37273607370284,-0.00410921302486508,-0.0147354157744471,0
165.27,7.38583899694943,-0.00607509029989046,-0.0147364841448995,0
165.28,7.38702285504173,-0.00546671451510978,-0.0147375410838635,0
165.29,7.42189143314191,-0.000937057863147185,-0.0147385867149359,0
165.3,7.40914450735997,-0.00330118116114354,-0.0147396211603424,0
165.31,7.47212285361499,0.00648563960029646,-0.0147406445409739,0
165.32,7.50302282054841,0.00435387112959099,-0.0147416569763944,0
165.33,7.50592145654352,0.00694772885919909,-0.0147426585848178,0
165.34,7.49580502492962,0.015294518729068,-0.0147436494831658,0
165.35,7.49898878271153,0.0123681540116386,-0.0147446297870604,0
165.36,7.4607324196752,0.0192610648995432,-0.0147455996108438,0
165.37,7.45356534541266,0.0199031813135807,-0.0147465590676046,0
165.38,7.41559863937838,0.011276656254006,-0.0147475082692047,0
165.39,7.45425880977941,0.00459865614360791,-0.0147484473262619,0
165.4,7.38155565318969,0.0104291368321231,-0.0147493763481518,0
165.41,7.41411285606603,0.005075202917328,-0.0147502954430744,0
165.42,7.46463931481184,0.00591928889565833,-0.0147512047180212,0
165.43,7.50950942131654,-8.95680298928749e-05,-0.0147521042788289,0
165.44,7.51098297926295,0.0025462630454937,-0.0147529942301379,0
165.45,7.53665638217415,-0.000265481889791609,-0.0147538746754807,0
165.46,7.51974011919378,-0.00549461061624862,-0.0147547457172099,0
165.47,7.58684143441047,-0.00554976467653049,-0.0147556074565961,0
165.48,7.56176508085584,-0.00540033203875756,-0.0147564599937534,0
165.49,7.50642725062975,-0.00297216128235008,-0.0147573034277452,0
165.5,7.46159169495063,-0.00766873869626028,-0.0147581378565185,0
165.51,7.45140203640198,-0.0167937680892967,-0.0147589633769735,0
165.52,7.45629199973462,-0.0270275246637683,-0.0147597800849235,0
165.53,7.43783127718591,-0.0280160330347528,-0.014760588075133,0
165.54,7.37353110568385,-0.0349623838457773,-0.0147613874413561,0
165.55,7.38186719355346,-0.0324759919913679,-0.0147621782762959,0
165.56,7.39609561202411,-0.0336062499684968,-0.0147629606716615,0
165.57,7.40344085303501,-0.0262203501979776,-0.0147637347181474,0
165.58,7.3881992785842,-0.0294114511581488,-0.0147645005054521,0
165.59,7.36079071366269,-0.0219701630316552,-0.0147652581223178,0
165.6,7.41243962774187,-0.007204750609614,-0.0147660076564906,0
165.61,7.46588353582577,0.00211951043338262,-0.0147667491947847,0
165.62,7.45271860751078,0.00380242918858053,-0.0147674828230742,0
165.63,7.46397414249012,0.00246418034342213,-0.0147682086262321,0
165.64,7.52145077440547,0.012435326699007,-0.0147689266882979,0
165.65,7.48461703786637,0.0186131312324574,-0.0147696370923332,0
165.66,7.42891189136959,-0.0155637448657571,-0.0147703399205028,0
